[1, 0.07142857142857142, 0.0625, 0.016666666666666666, 0.019230769230769232, 0.034482758620689655, 0.034482758620689655, 0.021739130434782608, 0.023809523809523808, 0.034482758620689655, 0.034482758620689655, 0.023255813953488372, 0.01818181818181818, 0.015625, 0.034482758620689655, 0.03225806451612903, 0.03333333333333333, 0.02127659574468085, 0.03225806451612903, 0.034482758620689655, 0.03571428571428571, 0.02564102564102564, 0.020833333333333332, 0.023255813953488372, 0.03225806451612903, 0.03225806451612903, 0.03333333333333333, 0.034482758620689655, 0.034482758620689655, 0.037037037037037035, 0.023809523809523808, 0.037037037037037035, 0.037037037037037035, 0.030303030303030304, 0.03333333333333333, 0.038461538461538464, 0.037037037037037035, 0.037037037037037035, 0.027777777777777776, 0.03571428571428571, 0.037037037037037035, 0.037037037037037035, 0.034482758620689655, 0.04, 0.03333333333333333, 0.034482758620689655, 0.034482758620689655, 0.030303030303030304, 0.019230769230769232, 0.034482758620689655, 0.037037037037037035, 0.034482758620689655, 0.037037037037037035, 0.034482758620689655, 0.03333333333333333, 0.03225806451612903, 0.022222222222222223, 0.03125, 0.023255813953488372, 0.03571428571428571, 0.034482758620689655, 0.04, 0.03333333333333333, 0.024390243902439025, 0.02702702702702703, 0.01818181818181818, 0.03225806451612903, 0.025, 0.017241379310344827, 0.02631578947368421, 0.02702702702702703, 0.038461538461538464, 0.02857142857142857, 0.03333333333333333, 0.022222222222222223, 0.030303030303030304, 0.03333333333333333, 0.021739130434782608, 0.021739130434782608, 0.022222222222222223, 0.015625, 0.02702702702702703, 0.02564102564102564, 0.01020408163265306, 0.037037037037037035, 0.015873015873015872, 0.02857142857142857, 0.02857142857142857, 0.04, 0.025, 0.041666666666666664, 0.01818181818181818, 0.017543859649122806, 0.04, 0.037037037037037035, 0.038461538461538464, 0.038461538461538464, 0.04, 0.02631578947368421, 0.030303030303030304, 0.034482758620689655, 0.038461538461538464, 0.02631578947368421, 0.034482758620689655, 0.038461538461538464, 0.038461538461538464, 0.03571428571428571, 0.03225806451612903, 0.030303030303030304, 0.011363636363636364, 0.030303030303030304, 0.030303030303030304, 0.027777777777777776, 0.014084507042253521, 0.03125, 0.03571428571428571, 0.030303030303030304, 0.034482758620689655, 0.03571428571428571, 0.03125, 0.01694915254237288, 0.03571428571428571, 0.03125, 0.03125, 0.02040816326530612, 0.03225806451612903, 0.034482758620689655, 0.037037037037037035, 0.016129032258064516, 0.015625, 0.021739130434782608, 0.02564102564102564, 0.029411764705882353, 0.027777777777777776, 0.03225806451612903, 0.02564102564102564, 0.02127659574468085, 0.023255813953488372, 0.034482758620689655, 0.03333333333333333, 0.014925373134328358, 0.024390243902439025, 0.01282051282051282, 0.03125, 0.022222222222222223, 0.037037037037037035, 0.034482758620689655, 0.03333333333333333, 0.010869565217391304, 0.01694915254237288, 0.023255813953488372, 0.034482758620689655]
[0.07142857142857142, 1, 0.16666666666666666, 0.016666666666666666, 0.0196078431372549, 0.038461538461538464, 0.03571428571428571, 0.021739130434782608, 0.024390243902439025, 0.04, 0.037037037037037035, 0.022727272727272728, 0.01818181818181818, 0.015625, 0.037037037037037035, 0.034482758620689655, 0.03571428571428571, 0.022222222222222223, 0.03571428571428571, 0.038461538461538464, 0.038461538461538464, 0.02631578947368421, 0.020833333333333332, 0.023809523809523808, 0.03333333333333333, 0.03333333333333333, 0.03333333333333333, 0.041666666666666664, 0.03571428571428571, 0.041666666666666664, 0.023255813953488372, 0.041666666666666664, 0.043478260869565216, 0.03225806451612903, 0.03333333333333333, 0.043478260869565216, 0.04, 0.041666666666666664, 0.029411764705882353, 0.041666666666666664, 0.037037037037037035, 0.041666666666666664, 0.038461538461538464, 0.043478260869565216, 0.034482758620689655, 0.04, 0.03571428571428571, 0.03225806451612903, 0.02, 0.038461538461538464, 0.041666666666666664, 0.038461538461538464, 0.041666666666666664, 0.038461538461538464, 0.03571428571428571, 0.03333333333333333, 0.022727272727272728, 0.03125, 0.022727272727272728, 0.04, 0.038461538461538464, 0.041666666666666664, 0.034482758620689655, 0.023255813953488372, 0.02631578947368421, 0.018518518518518517, 0.03571428571428571, 0.024390243902439025, 0.017857142857142856, 0.027777777777777776, 0.02631578947368421, 0.04, 0.03125, 0.037037037037037035, 0.023809523809523808, 0.030303030303030304, 0.034482758620689655, 0.022222222222222223, 0.021739130434782608, 0.023809523809523808, 0.015873015873015872, 0.027777777777777776, 0.02564102564102564, 0.01, 0.041666666666666664, 0.016129032258064516, 0.03125, 0.03125, 0.045454545454545456, 0.025, 0.045454545454545456, 0.017857142857142856, 0.017543859649122806, 0.041666666666666664, 0.038461538461538464, 0.043478260869565216, 0.043478260869565216, 0.041666666666666664, 0.029411764705882353, 0.03571428571428571, 0.038461538461538464, 0.045454545454545456, 0.02702702702702703, 0.038461538461538464, 0.041666666666666664, 0.043478260869565216, 0.038461538461538464, 0.03333333333333333, 0.034482758620689655, 0.011904761904761904, 0.034482758620689655, 0.034482758620689655, 0.03125, 0.014705882352941176, 0.03571428571428571, 0.043478260869565216, 0.034482758620689655, 0.04, 0.043478260869565216, 0.037037037037037035, 0.01694915254237288, 0.043478260869565216, 0.034482758620689655, 0.03571428571428571, 0.02040816326530612, 0.038461538461538464, 0.038461538461538464, 0.041666666666666664, 0.016129032258064516, 0.015625, 0.021739130434782608, 0.02564102564102564, 0.03125, 0.029411764705882353, 0.03571428571428571, 0.02702702702702703, 0.02127659574468085, 0.023255813953488372, 0.04, 0.03571428571428571, 0.014705882352941176, 0.02564102564102564, 0.013157894736842105, 0.03225806451612903, 0.021739130434782608, 0.043478260869565216, 0.038461538461538464, 0.03571428571428571, 0.011494252873563218, 0.017857142857142856, 0.023255813953488372, 0.037037037037037035]
[0.0625, 0.16666666666666666, 1, 0.016666666666666666, 0.0196078431372549, 0.03333333333333333, 0.03125, 0.021739130434782608, 0.024390243902439025, 0.034482758620689655, 0.03333333333333333, 0.022727272727272728, 0.01818181818181818, 0.015625, 0.03333333333333333, 0.034482758620689655, 0.03225806451612903, 0.022222222222222223, 0.03333333333333333, 0.03333333333333333, 0.03333333333333333, 0.02631578947368421, 0.020833333333333332, 0.023809523809523808, 0.03225806451612903, 0.03225806451612903, 0.03225806451612903, 0.03571428571428571, 0.03333333333333333, 0.037037037037037035, 0.023255813953488372, 0.03571428571428571, 0.037037037037037035, 0.030303030303030304, 0.03333333333333333, 0.037037037037037035, 0.03571428571428571, 0.03571428571428571, 0.027777777777777776, 0.03571428571428571, 0.03571428571428571, 0.03571428571428571, 0.03333333333333333, 0.037037037037037035, 0.034482758620689655, 0.034482758620689655, 0.03333333333333333, 0.030303030303030304, 0.02, 0.03333333333333333, 0.03571428571428571, 0.03333333333333333, 0.03571428571428571, 0.03333333333333333, 0.03333333333333333, 0.03125, 0.022727272727272728, 0.03125, 0.022727272727272728, 0.034482758620689655, 0.034482758620689655, 0.03571428571428571, 0.034482758620689655, 0.023255813953488372, 0.02631578947368421, 0.018518518518518517, 0.03125, 0.024390243902439025, 0.017857142857142856, 0.02631578947368421, 0.02631578947368421, 0.03571428571428571, 0.03125, 0.034482758620689655, 0.023255813953488372, 0.03125, 0.03225806451612903, 0.022222222222222223, 0.021739130434782608, 0.023809523809523808, 0.015873015873015872, 0.027777777777777776, 0.02564102564102564, 0.01020408163265306, 0.03571428571428571, 0.016129032258064516, 0.029411764705882353, 0.029411764705882353, 0.038461538461538464, 0.025, 0.038461538461538464, 0.017857142857142856, 0.01694915254237288, 0.03571428571428571, 0.037037037037037035, 0.038461538461538464, 0.038461538461538464, 0.03571428571428571, 0.027777777777777776, 0.03333333333333333, 0.038461538461538464, 0.04, 0.02702702702702703, 0.038461538461538464, 0.037037037037037035, 0.038461538461538464, 0.034482758620689655, 0.034482758620689655, 0.03225806451612903, 0.011764705882352941, 0.03225806451612903, 0.03225806451612903, 0.029411764705882353, 0.014285714285714285, 0.03225806451612903, 0.037037037037037035, 0.03225806451612903, 0.034482758620689655, 0.037037037037037035, 0.03225806451612903, 0.01694915254237288, 0.037037037037037035, 0.03125, 0.03225806451612903, 0.02040816326530612, 0.03333333333333333, 0.03333333333333333, 0.037037037037037035, 0.016129032258064516, 0.015625, 0.021739130434782608, 0.025, 0.029411764705882353, 0.029411764705882353, 0.03125, 0.02631578947368421, 0.02127659574468085, 0.023255813953488372, 0.034482758620689655, 0.03333333333333333, 0.014705882352941176, 0.024390243902439025, 0.01282051282051282, 0.03225806451612903, 0.021739130434782608, 0.037037037037037035, 0.03571428571428571, 0.03125, 0.011235955056179775, 0.017543859649122806, 0.022727272727272728, 0.034482758620689655]
[0.016666666666666666, 0.016666666666666666, 0.016666666666666666, 1, 0.024390243902439025, 0.019230769230769232, 0.017241379310344827, 0.024390243902439025, 0.02631578947368421, 0.01818181818181818, 0.01818181818181818, 0.02040816326530612, 0.02857142857142857, 0.024390243902439025, 0.019230769230769232, 0.01694915254237288, 0.01694915254237288, 0.0196078431372549, 0.01818181818181818, 0.018518518518518517, 0.017857142857142856, 0.018867924528301886, 0.017543859649122806, 0.018867924528301886, 0.01818181818181818, 0.017857142857142856, 0.02, 0.01639344262295082, 0.017857142857142856, 0.01694915254237288, 0.019230769230769232, 0.01694915254237288, 0.016666666666666666, 0.018518518518518517, 0.017543859649122806, 0.01639344262295082, 0.018518518518518517, 0.017543859649122806, 0.019230769230769232, 0.017543859649122806, 0.017543859649122806, 0.017241379310344827, 0.018518518518518517, 0.017543859649122806, 0.01639344262295082, 0.01694915254237288, 0.017543859649122806, 0.017857142857142856, 0.0196078431372549, 0.018518518518518517, 0.01639344262295082, 0.017543859649122806, 0.017543859649122806, 0.017241379310344827, 0.0196078431372549, 0.017543859649122806, 0.02040816326530612, 0.01694915254237288, 0.016666666666666666, 0.0196078431372549, 0.017241379310344827, 0.017857142857142856, 0.017857142857142856, 0.0196078431372549, 0.0196078431372549, 0.017857142857142856, 0.01694915254237288, 0.018518518518518517, 0.016129032258064516, 0.017241379310344827, 0.019230769230769232, 0.01694915254237288, 0.01694915254237288, 0.017543859649122806, 0.02, 0.017241379310344827, 0.017857142857142856, 0.017241379310344827, 0.017241379310344827, 0.018867924528301886, 0.015625, 0.017857142857142856, 0.017543859649122806, 0.01020408163265306, 0.019230769230769232, 0.015625, 0.0196078431372549, 0.0196078431372549, 0.017543859649122806, 0.017857142857142856, 0.017543859649122806, 0.016666666666666666, 0.01694915254237288, 0.01694915254237288, 0.01694915254237288, 0.02, 0.017543859649122806, 0.016129032258064516, 0.017857142857142856, 0.018867924528301886, 0.018518518518518517, 0.017543859649122806, 0.018518518518518517, 0.018518518518518517, 0.019230769230769232, 0.01639344262295082, 0.017543859649122806, 0.01694915254237288, 0.017543859649122806, 0.011235955056179775, 0.017543859649122806, 0.017543859649122806, 0.017543859649122806, 0.013888888888888888, 0.017857142857142856, 0.016666666666666666, 0.017543859649122806, 0.01639344262295082, 0.016666666666666666, 0.016666666666666666, 0.015151515151515152, 0.016666666666666666, 0.01694915254237288, 0.017857142857142856, 0.017543859649122806, 0.016666666666666666, 0.01639344262295082, 0.017857142857142856, 0.016129032258064516, 0.015873015873015872, 0.017543859649122806, 0.017241379310344827, 0.01694915254237288, 0.017543859649122806, 0.01694915254237288, 0.017857142857142856, 0.018867924528301886, 0.0196078431372549, 0.017241379310344827, 0.017241379310344827, 0.015625, 0.01694915254237288, 0.012987012987012988, 0.01639344262295082, 0.020833333333333332, 0.017543859649122806, 0.016666666666666666, 0.0196078431372549, 0.011111111111111112, 0.01639344262295082, 0.017543859649122806, 0.01818181818181818]
[0.019230769230769232, 0.0196078431372549, 0.0196078431372549, 0.024390243902439025, 1, 0.021739130434782608, 0.02040816326530612, 0.024390243902439025, 0.03125, 0.021739130434782608, 0.020833333333333332, 0.023809523809523808, 0.02857142857142857, 0.019230769230769232, 0.021739130434782608, 0.024390243902439025, 0.02040816326530612, 0.021739130434782608, 0.020833333333333332, 0.023809523809523808, 0.021739130434782608, 0.021739130434782608, 0.020833333333333332, 0.020833333333333332, 0.02127659574468085, 0.020833333333333332, 0.02127659574468085, 0.0196078431372549, 0.02, 0.024390243902439025, 0.02, 0.0196078431372549, 0.02, 0.02127659574468085, 0.02040816326530612, 0.0196078431372549, 0.02127659574468085, 0.02, 0.02, 0.020833333333333332, 0.02040816326530612, 0.021739130434782608, 0.02040816326530612, 0.020833333333333332, 0.019230769230769232, 0.02, 0.02040816326530612, 0.020833333333333332, 0.01818181818181818, 0.02040816326530612, 0.0196078431372549, 0.02040816326530612, 0.02040816326530612, 0.02040816326530612, 0.021739130434782608, 0.02040816326530612, 0.0196078431372549, 0.019230769230769232, 0.02, 0.02127659574468085, 0.02, 0.02040816326530612, 0.020833333333333332, 0.02, 0.020833333333333332, 0.018518518518518517, 0.0196078431372549, 0.02, 0.017241379310344827, 0.018867924528301886, 0.022222222222222223, 0.0196078431372549, 0.019230769230769232, 0.02, 0.018867924528301886, 0.02127659574468085, 0.02040816326530612, 0.0196078431372549, 0.0196078431372549, 0.019230769230769232, 0.01694915254237288, 0.02127659574468085, 0.02, 0.009900990099009901, 0.020833333333333332, 0.016129032258064516, 0.02040816326530612, 0.02040816326530612, 0.019230769230769232, 0.02040816326530612, 0.02, 0.017543859649122806, 0.01694915254237288, 0.019230769230769232, 0.019230769230769232, 0.020833333333333332, 0.02040816326530612, 0.018518518518518517, 0.020833333333333332, 0.02127659574468085, 0.02127659574468085, 0.02, 0.02, 0.02127659574468085, 0.020833333333333332, 0.018867924528301886, 0.02040816326530612, 0.0196078431372549, 0.0196078431372549, 0.011363636363636364, 0.0196078431372549, 0.0196078431372549, 0.019230769230769232, 0.013513513513513514, 0.0196078431372549, 0.019230769230769232, 0.0196078431372549, 0.018867924528301886, 0.019230769230769232, 0.019230769230769232, 0.015873015873015872, 0.019230769230769232, 0.019230769230769232, 0.0196078431372549, 0.018518518518518517, 0.019230769230769232, 0.019230769230769232, 0.020833333333333332, 0.016666666666666666, 0.016129032258064516, 0.02, 0.02, 0.0196078431372549, 0.019230769230769232, 0.019230769230769232, 0.020833333333333332, 0.0196078431372549, 0.0196078431372549, 0.019230769230769232, 0.0196078431372549, 0.015625, 0.023255813953488372, 0.013513513513513514, 0.0196078431372549, 0.025, 0.02040816326530612, 0.019230769230769232, 0.023255813953488372, 0.011627906976744186, 0.01694915254237288, 0.018867924528301886, 0.02040816326530612]
[0.034482758620689655, 0.038461538461538464, 0.03333333333333333, 0.019230769230769232, 0.021739130434782608, 1, 0.058823529411764705, 0.02857142857142857, 0.02564102564102564, 0.16666666666666666, 0.125, 0.02702702702702703, 0.019230769230769232, 0.016666666666666666, 0.16666666666666666, 0.037037037037037035, 0.05, 0.023809523809523808, 0.04, 0.05555555555555555, 0.05555555555555555, 0.02564102564102564, 0.022222222222222223, 0.023255813953488372, 0.03571428571428571, 0.037037037037037035, 0.034482758620689655, 0.0625, 0.037037037037037035, 0.047619047619047616, 0.022727272727272728, 0.058823529411764705, 0.06666666666666667, 0.03125, 0.029411764705882353, 0.07142857142857142, 0.041666666666666664, 0.041666666666666664, 0.02857142857142857, 0.05263157894736842, 0.038461538461538464, 0.06666666666666667, 0.047619047619047616, 0.058823529411764705, 0.03125, 0.043478260869565216, 0.04, 0.03225806451612903, 0.01818181818181818, 0.047619047619047616, 0.07692307692307693, 0.05, 0.0625, 0.041666666666666664, 0.047619047619047616, 0.041666666666666664, 0.022222222222222223, 0.03571428571428571, 0.021739130434782608, 0.045454545454545456, 0.09090909090909091, 0.047619047619047616, 0.03333333333333333, 0.023809523809523808, 0.02564102564102564, 0.020833333333333332, 0.047619047619047616, 0.023255813953488372, 0.016129032258064516, 0.02564102564102564, 0.025, 0.0625, 0.027777777777777776, 0.043478260869565216, 0.02127659574468085, 0.030303030303030304, 0.037037037037037035, 0.02040816326530612, 0.02, 0.022222222222222223, 0.014925373134328358, 0.025, 0.02564102564102564, 0.009615384615384616, 0.043478260869565216, 0.014705882352941176, 0.02857142857142857, 0.02857142857142857, 0.041666666666666664, 0.023255813953488372, 0.06666666666666667, 0.017543859649122806, 0.01639344262295082, 0.045454545454545456, 0.045454545454545456, 0.037037037037037035, 0.041666666666666664, 0.041666666666666664, 0.024390243902439025, 0.029411764705882353, 0.03333333333333333, 0.05263157894736842, 0.023809523809523808, 0.03333333333333333, 0.037037037037037035, 0.07692307692307693, 0.038461538461538464, 0.02857142857142857, 0.030303030303030304, 0.01098901098901099, 0.030303030303030304, 0.030303030303030304, 0.027777777777777776, 0.0136986301369863, 0.03225806451612903, 0.047619047619047616, 0.030303030303030304, 0.037037037037037035, 0.045454545454545456, 0.034482758620689655, 0.015873015873015872, 0.045454545454545456, 0.030303030303030304, 0.03225806451612903, 0.0196078431372549, 0.041666666666666664, 0.05, 0.041666666666666664, 0.015625, 0.015151515151515152, 0.02127659574468085, 0.02631578947368421, 0.029411764705882353, 0.027777777777777776, 0.0625, 0.02564102564102564, 0.020833333333333332, 0.022727272727272728, 0.07142857142857142, 0.041666666666666664, 0.015151515151515152, 0.02564102564102564, 0.0125, 0.027777777777777776, 0.024390243902439025, 0.05, 0.05, 0.03571428571428571, 0.010869565217391304, 0.01694915254237288, 0.022222222222222223, 0.04]
[0.034482758620689655, 0.03571428571428571, 0.03125, 0.017241379310344827, 0.02040816326530612, 0.058823529411764705, 1, 0.02127659574468085, 0.023809523809523808, 0.05555555555555555, 0.05263157894736842, 0.023809523809523808, 0.018867924528301886, 0.01694915254237288, 0.05263157894736842, 0.037037037037037035, 0.038461538461538464, 0.02127659574468085, 0.034482758620689655, 0.04, 0.038461538461538464, 0.02564102564102564, 0.02127659574468085, 0.023809523809523808, 0.038461538461538464, 0.034482758620689655, 0.03225806451612903, 0.038461538461538464, 0.034482758620689655, 0.038461538461538464, 0.022727272727272728, 0.03571428571428571, 0.038461538461538464, 0.030303030303030304, 0.027777777777777776, 0.04, 0.03571428571428571, 0.03571428571428571, 0.02702702702702703, 0.038461538461538464, 0.03571428571428571, 0.038461538461538464, 0.037037037037037035, 0.038461538461538464, 0.03225806451612903, 0.037037037037037035, 0.038461538461538464, 0.030303030303030304, 0.018867924528301886, 0.037037037037037035, 0.038461538461538464, 0.03571428571428571, 0.03571428571428571, 0.03571428571428571, 0.03571428571428571, 0.03333333333333333, 0.022222222222222223, 0.034482758620689655, 0.022222222222222223, 0.038461538461538464, 0.04, 0.038461538461538464, 0.03125, 0.023809523809523808, 0.02564102564102564, 0.020833333333333332, 0.041666666666666664, 0.024390243902439025, 0.01639344262295082, 0.02631578947368421, 0.02564102564102564, 0.041666666666666664, 0.027777777777777776, 0.03571428571428571, 0.020833333333333332, 0.030303030303030304, 0.038461538461538464, 0.020833333333333332, 0.020833333333333332, 0.023255813953488372, 0.014925373134328358, 0.025, 0.02564102564102564, 0.009900990099009901, 0.03571428571428571, 0.014925373134328358, 0.027777777777777776, 0.027777777777777776, 0.03571428571428571, 0.024390243902439025, 0.041666666666666664, 0.017857142857142856, 0.01639344262295082, 0.038461538461538464, 0.038461538461538464, 0.03571428571428571, 0.03571428571428571, 0.038461538461538464, 0.023809523809523808, 0.029411764705882353, 0.03125, 0.038461538461538464, 0.025, 0.03125, 0.034482758620689655, 0.041666666666666664, 0.03571428571428571, 0.02857142857142857, 0.02857142857142857, 0.011235955056179775, 0.02857142857142857, 0.02857142857142857, 0.02631578947368421, 0.0136986301369863, 0.03225806451612903, 0.038461538461538464, 0.02857142857142857, 0.03571428571428571, 0.038461538461538464, 0.03225806451612903, 0.016129032258064516, 0.038461538461538464, 0.02857142857142857, 0.03225806451612903, 0.020833333333333332, 0.03571428571428571, 0.04, 0.038461538461538464, 0.016129032258064516, 0.015625, 0.02127659574468085, 0.02564102564102564, 0.027777777777777776, 0.02631578947368421, 0.03571428571428571, 0.025, 0.020833333333333332, 0.022727272727272728, 0.038461538461538464, 0.038461538461538464, 0.015151515151515152, 0.02564102564102564, 0.012658227848101266, 0.027777777777777776, 0.024390243902439025, 0.041666666666666664, 0.03571428571428571, 0.03333333333333333, 0.010752688172043012, 0.01694915254237288, 0.021739130434782608, 0.03571428571428571]
[0.021739130434782608, 0.021739130434782608, 0.021739130434782608, 0.024390243902439025, 0.024390243902439025, 0.02857142857142857, 0.02127659574468085, 1, 0.03125, 0.024390243902439025, 0.023255813953488372, 0.027777777777777776, 0.021739130434782608, 0.017857142857142856, 0.024390243902439025, 0.022222222222222223, 0.021739130434782608, 0.02564102564102564, 0.024390243902439025, 0.02631578947368421, 0.024390243902439025, 0.024390243902439025, 0.023255813953488372, 0.023809523809523808, 0.022222222222222223, 0.023255813953488372, 0.02631578947368421, 0.02127659574468085, 0.022222222222222223, 0.023255813953488372, 0.02564102564102564, 0.021739130434782608, 0.02127659574468085, 0.023809523809523808, 0.023809523809523808, 0.020833333333333332, 0.023255813953488372, 0.022222222222222223, 0.043478260869565216, 0.023255813953488372, 0.022727272727272728, 0.022727272727272728, 0.024390243902439025, 0.023809523809523808, 0.020833333333333332, 0.020833333333333332, 0.022727272727272728, 0.023255813953488372, 0.019230769230769232, 0.024390243902439025, 0.020833333333333332, 0.022727272727272728, 0.022727272727272728, 0.021739130434782608, 0.025, 0.022727272727272728, 0.024390243902439025, 0.020833333333333332, 0.021739130434782608, 0.023809523809523808, 0.022222222222222223, 0.022727272727272728, 0.022222222222222223, 0.020833333333333332, 0.024390243902439025, 0.018867924528301886, 0.020833333333333332, 0.021739130434782608, 0.017857142857142856, 0.020833333333333332, 0.024390243902439025, 0.021739130434782608, 0.022727272727272728, 0.022222222222222223, 0.030303030303030304, 0.022727272727272728, 0.022727272727272728, 0.022222222222222223, 0.02127659574468085, 0.023255813953488372, 0.01694915254237288, 0.023809523809523808, 0.02127659574468085, 0.010101010101010102, 0.025, 0.015873015873015872, 0.025, 0.025, 0.02127659574468085, 0.021739130434782608, 0.022222222222222223, 0.01818181818181818, 0.018518518518518517, 0.022222222222222223, 0.022222222222222223, 0.023809523809523808, 0.022727272727272728, 0.02040816326530612, 0.024390243902439025, 0.024390243902439025, 0.023255813953488372, 0.022727272727272728, 0.023809523809523808, 0.023255813953488372, 0.02564102564102564, 0.02127659574468085, 0.022727272727272728, 0.02127659574468085, 0.022727272727272728, 0.011363636363636364, 0.022727272727272728, 0.022727272727272728, 0.022727272727272728, 0.014084507042253521, 0.022222222222222223, 0.021739130434782608, 0.022727272727272728, 0.020833333333333332, 0.021739130434782608, 0.021739130434782608, 0.015873015873015872, 0.021739130434782608, 0.021739130434782608, 0.022222222222222223, 0.020833333333333332, 0.021739130434782608, 0.02127659574468085, 0.022727272727272728, 0.017241379310344827, 0.016666666666666666, 0.020833333333333332, 0.022222222222222223, 0.022222222222222223, 0.022222222222222223, 0.022727272727272728, 0.022222222222222223, 0.022727272727272728, 0.022727272727272728, 0.02127659574468085, 0.021739130434782608, 0.015625, 0.021739130434782608, 0.013157894736842105, 0.020833333333333332, 0.021739130434782608, 0.022727272727272728, 0.02127659574468085, 0.025, 0.011363636363636364, 0.017543859649122806, 0.021739130434782608, 0.023255813953488372]
[0.023809523809523808, 0.024390243902439025, 0.024390243902439025, 0.02631578947368421, 0.03125, 0.02564102564102564, 0.023809523809523808, 0.03125, 1, 0.02702702702702703, 0.025, 0.02564102564102564, 0.03333333333333333, 0.019230769230769232, 0.025, 0.025, 0.025, 0.02702702702702703, 0.02857142857142857, 0.025, 0.027777777777777776, 0.030303030303030304, 0.025, 0.029411764705882353, 0.02564102564102564, 0.02564102564102564, 0.029411764705882353, 0.023809523809523808, 0.02857142857142857, 0.025, 0.023809523809523808, 0.025, 0.023809523809523808, 0.02702702702702703, 0.02631578947368421, 0.023809523809523808, 0.029411764705882353, 0.02564102564102564, 0.02702702702702703, 0.025, 0.02631578947368421, 0.025, 0.02564102564102564, 0.02631578947368421, 0.023255813953488372, 0.027777777777777776, 0.02631578947368421, 0.02631578947368421, 0.018867924528301886, 0.02564102564102564, 0.023809523809523808, 0.02564102564102564, 0.02702702702702703, 0.02857142857142857, 0.027777777777777776, 0.025, 0.02564102564102564, 0.023255813953488372, 0.024390243902439025, 0.027777777777777776, 0.02564102564102564, 0.02631578947368421, 0.027777777777777776, 0.022727272727272728, 0.025, 0.019230769230769232, 0.023809523809523808, 0.023255813953488372, 0.02, 0.025, 0.025, 0.025, 0.02564102564102564, 0.02564102564102564, 0.023809523809523808, 0.024390243902439025, 0.025, 0.022222222222222223, 0.022727272727272728, 0.027777777777777776, 0.018518518518518517, 0.02631578947368421, 0.023255813953488372, 0.010309278350515464, 0.030303030303030304, 0.016666666666666666, 0.027777777777777776, 0.027777777777777776, 0.024390243902439025, 0.023255813953488372, 0.02564102564102564, 0.018518518518518517, 0.017543859649122806, 0.025, 0.02564102564102564, 0.02631578947368421, 0.025, 0.023255813953488372, 0.02702702702702703, 0.030303030303030304, 0.03225806451612903, 0.02564102564102564, 0.029411764705882353, 0.03225806451612903, 0.02564102564102564, 0.023809523809523808, 0.02631578947368421, 0.02702702702702703, 0.02564102564102564, 0.011235955056179775, 0.02564102564102564, 0.02564102564102564, 0.02564102564102564, 0.014285714285714285, 0.02564102564102564, 0.024390243902439025, 0.02564102564102564, 0.024390243902439025, 0.024390243902439025, 0.024390243902439025, 0.015873015873015872, 0.024390243902439025, 0.024390243902439025, 0.02564102564102564, 0.020833333333333332, 0.024390243902439025, 0.023809523809523808, 0.02702702702702703, 0.017241379310344827, 0.016666666666666666, 0.021739130434782608, 0.023809523809523808, 0.025, 0.024390243902439025, 0.02631578947368421, 0.02564102564102564, 0.025, 0.02631578947368421, 0.024390243902439025, 0.024390243902439025, 0.015873015873015872, 0.023255813953488372, 0.012987012987012988, 0.023255813953488372, 0.02857142857142857, 0.025, 0.024390243902439025, 0.029411764705882353, 0.011235955056179775, 0.017857142857142856, 0.022727272727272728, 0.02702702702702703]
[0.034482758620689655, 0.04, 0.034482758620689655, 0.01818181818181818, 0.021739130434782608, 0.16666666666666666, 0.05555555555555555, 0.024390243902439025, 0.02702702702702703, 1, 0.1111111111111111, 0.02631578947368421, 0.019230769230769232, 0.016666666666666666, 0.1, 0.038461538461538464, 0.05, 0.021739130434782608, 0.041666666666666664, 0.045454545454545456, 0.05555555555555555, 0.02564102564102564, 0.02127659574468085, 0.023809523809523808, 0.037037037037037035, 0.03571428571428571, 0.034482758620689655, 0.05555555555555555, 0.037037037037037035, 0.047619047619047616, 0.023809523809523808, 0.05555555555555555, 0.0625, 0.03225806451612903, 0.029411764705882353, 0.07692307692307693, 0.041666666666666664, 0.041666666666666664, 0.029411764705882353, 0.05, 0.038461538461538464, 0.06666666666666667, 0.047619047619047616, 0.05555555555555555, 0.03225806451612903, 0.045454545454545456, 0.041666666666666664, 0.03225806451612903, 0.019230769230769232, 0.047619047619047616, 0.07142857142857142, 0.05, 0.0625, 0.045454545454545456, 0.04, 0.03571428571428571, 0.024390243902439025, 0.03571428571428571, 0.021739130434782608, 0.047619047619047616, 0.07142857142857142, 0.05, 0.037037037037037035, 0.024390243902439025, 0.02564102564102564, 0.020833333333333332, 0.047619047619047616, 0.023809523809523808, 0.016666666666666666, 0.02564102564102564, 0.02631578947368421, 0.06666666666666667, 0.02857142857142857, 0.045454545454545456, 0.021739130434782608, 0.03225806451612903, 0.038461538461538464, 0.021739130434782608, 0.02040816326530612, 0.022727272727272728, 0.015625, 0.02564102564102564, 0.02631578947368421, 0.00980392156862745, 0.045454545454545456, 0.014705882352941176, 0.030303030303030304, 0.030303030303030304, 0.043478260869565216, 0.023809523809523808, 0.07142857142857142, 0.017241379310344827, 0.017241379310344827, 0.047619047619047616, 0.045454545454545456, 0.038461538461538464, 0.043478260869565216, 0.043478260869565216, 0.02631578947368421, 0.030303030303030304, 0.034482758620689655, 0.05263157894736842, 0.02564102564102564, 0.034482758620689655, 0.038461538461538464, 0.07142857142857142, 0.041666666666666664, 0.030303030303030304, 0.030303030303030304, 0.011235955056179775, 0.030303030303030304, 0.030303030303030304, 0.027777777777777776, 0.014084507042253521, 0.03225806451612903, 0.047619047619047616, 0.030303030303030304, 0.037037037037037035, 0.045454545454545456, 0.037037037037037035, 0.01639344262295082, 0.045454545454545456, 0.030303030303030304, 0.03225806451612903, 0.02, 0.041666666666666664, 0.05, 0.043478260869565216, 0.015873015873015872, 0.015384615384615385, 0.02127659574468085, 0.02631578947368421, 0.029411764705882353, 0.02857142857142857, 0.0625, 0.02857142857142857, 0.021739130434782608, 0.023809523809523808, 0.07692307692307693, 0.041666666666666664, 0.015384615384615385, 0.02564102564102564, 0.0125, 0.029411764705882353, 0.024390243902439025, 0.05263157894736842, 0.047619047619047616, 0.03571428571428571, 0.010869565217391304, 0.01694915254237288, 0.022222222222222223, 0.04]
[0.034482758620689655, 0.037037037037037035, 0.03333333333333333, 0.01818181818181818, 0.020833333333333332, 0.125, 0.05263157894736842, 0.023255813953488372, 0.025, 0.1111111111111111, 1, 0.027777777777777776, 0.019230769230769232, 0.017857142857142856, 0.3333333333333333, 0.03571428571428571, 0.05555555555555555, 0.021739130434782608, 0.037037037037037035, 0.047619047619047616, 0.05555555555555555, 0.02702702702702703, 0.022222222222222223, 0.024390243902439025, 0.038461538461538464, 0.037037037037037035, 0.034482758620689655, 0.05555555555555555, 0.037037037037037035, 0.045454545454545456, 0.022727272727272728, 0.0625, 0.0625, 0.03125, 0.029411764705882353, 0.07142857142857142, 0.041666666666666664, 0.041666666666666664, 0.027777777777777776, 0.05, 0.038461538461538464, 0.06666666666666667, 0.047619047619047616, 0.05555555555555555, 0.03125, 0.043478260869565216, 0.04, 0.03225806451612903, 0.017857142857142856, 0.047619047619047616, 0.08333333333333333, 0.05, 0.0625, 0.043478260869565216, 0.041666666666666664, 0.037037037037037035, 0.022727272727272728, 0.03333333333333333, 0.021739130434782608, 0.047619047619047616, 0.09090909090909091, 0.05, 0.03333333333333333, 0.023809523809523808, 0.02564102564102564, 0.0196078431372549, 0.047619047619047616, 0.023809523809523808, 0.01639344262295082, 0.025, 0.024390243902439025, 0.0625, 0.02857142857142857, 0.043478260869565216, 0.020833333333333332, 0.030303030303030304, 0.037037037037037035, 0.020833333333333332, 0.02, 0.023255813953488372, 0.014925373134328358, 0.025, 0.02564102564102564, 0.009615384615384616, 0.041666666666666664, 0.014925373134328358, 0.027777777777777776, 0.027777777777777776, 0.041666666666666664, 0.023255813953488372, 0.06666666666666667, 0.017241379310344827, 0.015873015873015872, 0.045454545454545456, 0.045454545454545456, 0.037037037037037035, 0.041666666666666664, 0.043478260869565216, 0.023809523809523808, 0.029411764705882353, 0.03333333333333333, 0.05555555555555555, 0.023809523809523808, 0.03333333333333333, 0.037037037037037035, 0.08333333333333333, 0.038461538461538464, 0.02857142857142857, 0.030303030303030304, 0.010869565217391304, 0.030303030303030304, 0.030303030303030304, 0.027777777777777776, 0.013513513513513514, 0.03333333333333333, 0.05, 0.030303030303030304, 0.038461538461538464, 0.047619047619047616, 0.03333333333333333, 0.015625, 0.047619047619047616, 0.030303030303030304, 0.03333333333333333, 0.0196078431372549, 0.043478260869565216, 0.05263157894736842, 0.041666666666666664, 0.015873015873015872, 0.015384615384615385, 0.021739130434782608, 0.02702702702702703, 0.029411764705882353, 0.02857142857142857, 0.0625, 0.025, 0.020833333333333332, 0.022727272727272728, 0.06666666666666667, 0.041666666666666664, 0.015384615384615385, 0.02564102564102564, 0.0125, 0.02702702702702703, 0.024390243902439025, 0.047619047619047616, 0.05, 0.03571428571428571, 0.010752688172043012, 0.01694915254237288, 0.021739130434782608, 0.04]
[0.023255813953488372, 0.022727272727272728, 0.022727272727272728, 0.02040816326530612, 0.023809523809523808, 0.02702702702702703, 0.023809523809523808, 0.027777777777777776, 0.02564102564102564, 0.02631578947368421, 0.027777777777777776, 1, 0.022222222222222223, 0.020833333333333332, 0.02702702702702703, 0.023255813953488372, 0.023809523809523808, 0.023809523809523808, 0.02702702702702703, 0.024390243902439025, 0.025, 0.024390243902439025, 0.02127659574468085, 0.023255813953488372, 0.023809523809523808, 0.024390243902439025, 0.025, 0.022727272727272728, 0.023255813953488372, 0.023809523809523808, 0.023809523809523808, 0.023809523809523808, 0.022727272727272728, 0.022727272727272728, 0.024390243902439025, 0.022727272727272728, 0.022727272727272728, 0.023255813953488372, 0.025, 0.023255813953488372, 0.022727272727272728, 0.023255813953488372, 0.025, 0.023255813953488372, 0.021739130434782608, 0.022222222222222223, 0.022727272727272728, 0.024390243902439025, 0.01818181818181818, 0.025, 0.022222222222222223, 0.02702702702702703, 0.022727272727272728, 0.023809523809523808, 0.023809523809523808, 0.022727272727272728, 0.022727272727272728, 0.022727272727272728, 0.022222222222222223, 0.022727272727272728, 0.022222222222222223, 0.023255813953488372, 0.023809523809523808, 0.023255813953488372, 0.023809523809523808, 0.018867924528301886, 0.022222222222222223, 0.023255813953488372, 0.017857142857142856, 0.021739130434782608, 0.023809523809523808, 0.023255813953488372, 0.022727272727272728, 0.023255813953488372, 0.022222222222222223, 0.023255813953488372, 0.02564102564102564, 0.02127659574468085, 0.021739130434782608, 0.021739130434782608, 0.016129032258064516, 0.022727272727272728, 0.022727272727272728, 0.01, 0.025, 0.017241379310344827, 0.02631578947368421, 0.02631578947368421, 0.022727272727272728, 0.023255813953488372, 0.023809523809523808, 0.017543859649122806, 0.018867924528301886, 0.023255813953488372, 0.023255813953488372, 0.025, 0.025, 0.021739130434782608, 0.025, 0.024390243902439025, 0.024390243902439025, 0.023255813953488372, 0.023809523809523808, 0.024390243902439025, 0.025, 0.022222222222222223, 0.022727272727272728, 0.023255813953488372, 0.023809523809523808, 0.011764705882352941, 0.023809523809523808, 0.023809523809523808, 0.022727272727272728, 0.015384615384615385, 0.025, 0.022727272727272728, 0.023809523809523808, 0.022727272727272728, 0.022727272727272728, 0.022727272727272728, 0.016129032258064516, 0.022727272727272728, 0.022727272727272728, 0.025, 0.02, 0.022727272727272728, 0.022222222222222223, 0.023809523809523808, 0.01639344262295082, 0.015873015873015872, 0.02127659574468085, 0.022727272727272728, 0.023255813953488372, 0.022727272727272728, 0.022727272727272728, 0.024390243902439025, 0.022727272727272728, 0.024390243902439025, 0.022727272727272728, 0.023255813953488372, 0.015384615384615385, 0.022222222222222223, 0.01282051282051282, 0.022727272727272728, 0.022727272727272728, 0.025, 0.022222222222222223, 0.025, 0.011904761904761904, 0.01694915254237288, 0.022727272727272728, 0.023255813953488372]
[0.01818181818181818, 0.01818181818181818, 0.01818181818181818, 0.02857142857142857, 0.02857142857142857, 0.019230769230769232, 0.018867924528301886, 0.021739130434782608, 0.03333333333333333, 0.019230769230769232, 0.019230769230769232, 0.022222222222222223, 1, 0.023255813953488372, 0.019230769230769232, 0.019230769230769232, 0.018518518518518517, 0.019230769230769232, 0.019230769230769232, 0.02, 0.020833333333333332, 0.022727272727272728, 0.02, 0.02127659574468085, 0.019230769230769232, 0.018518518518518517, 0.024390243902439025, 0.017857142857142856, 0.02040816326530612, 0.019230769230769232, 0.02, 0.017857142857142856, 0.017857142857142856, 0.02127659574468085, 0.02040816326530612, 0.017857142857142856, 0.02, 0.018518518518518517, 0.02, 0.020833333333333332, 0.018867924528301886, 0.019230769230769232, 0.020833333333333332, 0.018518518518518517, 0.017857142857142856, 0.019230769230769232, 0.018518518518518517, 0.022727272727272728, 0.0196078431372549, 0.020833333333333332, 0.017857142857142856, 0.019230769230769232, 0.018867924528301886, 0.02, 0.019230769230769232, 0.019230769230769232, 0.02127659574468085, 0.018518518518518517, 0.02127659574468085, 0.020833333333333332, 0.018867924528301886, 0.02040816326530612, 0.02, 0.018867924528301886, 0.02, 0.017857142857142856, 0.017857142857142856, 0.018867924528301886, 0.01818181818181818, 0.0196078431372549, 0.02, 0.018518518518518517, 0.01818181818181818, 0.019230769230769232, 0.019230769230769232, 0.018518518518518517, 0.018867924528301886, 0.018867924528301886, 0.022222222222222223, 0.02, 0.018518518518518517, 0.023809523809523808, 0.018867924528301886, 0.010638297872340425, 0.0196078431372549, 0.015873015873015872, 0.020833333333333332, 0.020833333333333332, 0.018518518518518517, 0.0196078431372549, 0.019230769230769232, 0.01694915254237288, 0.016666666666666666, 0.01818181818181818, 0.018518518518518517, 0.02040816326530612, 0.018518518518518517, 0.017543859649122806, 0.02040816326530612, 0.023255813953488372, 0.020833333333333332, 0.018518518518518517, 0.020833333333333332, 0.020833333333333332, 0.021739130434782608, 0.017857142857142856, 0.018518518518518517, 0.019230769230769232, 0.018867924528301886, 0.011235955056179775, 0.018867924528301886, 0.018867924528301886, 0.018867924528301886, 0.013513513513513514, 0.019230769230769232, 0.01818181818181818, 0.018867924528301886, 0.017857142857142856, 0.01818181818181818, 0.017857142857142856, 0.015151515151515152, 0.01818181818181818, 0.01818181818181818, 0.019230769230769232, 0.018518518518518517, 0.01818181818181818, 0.017857142857142856, 0.019230769230769232, 0.017241379310344827, 0.016666666666666666, 0.018518518518518517, 0.018518518518518517, 0.018518518518518517, 0.0196078431372549, 0.01818181818181818, 0.019230769230769232, 0.0196078431372549, 0.02127659574468085, 0.018518518518518517, 0.018518518518518517, 0.015384615384615385, 0.018867924528301886, 0.01282051282051282, 0.01818181818181818, 0.024390243902439025, 0.019230769230769232, 0.01818181818181818, 0.023255813953488372, 0.01098901098901099, 0.016666666666666666, 0.019230769230769232, 0.018867924528301886]
