[1.0, 0.175162, 0.210129, 0.0, 0.0, 0.0, 0.0, 0.0, 0.0, 0.0, 0.0, 0.0, 0.0, 0.0, 0.0, 0.0, 0.0, 0.0, 0.0, 0.0, 0.0, 0.0, 0.0, 0.0, 0.0, 0.0, 0.0, 0.0, 0.0, 0.019451, 0.030765, 0.026186, 0.030336, 0.039234, 0.025619, 0.021395, 0.0201, 0.01671, 0.0, 0.027384, 0.018252, 0.018146, 0.030336, 0.039234, 0.019079, 0.015759, 0.018891, 0.00838, 0.01355, 0.025871, 0.024659, 0.02094, 0.020354, 0.0, 0.0, 0.0, 0.0, 0.114049, 0.082293, 0.0, 0.0, 0.0, 0.0, 0.063166, 0.043522, 0.042988, 0.065473, 0.0, 0.0, 0.0, 0.0, 0.0, 0.0, 0.0, 0.0, 0.0, 0.197609, 0.0, 0.0, 0.0, 0.0, 0.0, 0.0, 0.0, 0.0, 0.0, 0.0, 0.0, 0.0, 0.0, 0.0, 0.086818, 0.15803, 0.15803, 0.062, 0.0, 0.0, 0.0, 0.0, 0.0, 0.0, 0.0, 0.0, 0.0, 0.0, 0.0, 0.0, 0.0, 0.035726, 0.021369, 0.039594, 0.039594, 0.035197, 0.039594, 0.039594, 0.027057, 0.037745, 0.039594, 0.039594, 0.021309, 0.02715, 0.014438, 0.037745, 0.034088, 0.0, 0.0, 0.0, 0.0, 0.0, 0.0, 0.0, 0.02715, 0.0, 0.0, 0.269009, 0.0, 0.0, 0.0, 0.0, 0.065473, 0.121685, 0.0, 0.0, 0.335118, 0.0, 0.0, 0.0, 0.0, 0.0, 0.0, 0.0, 0.0]
[0.175162, 1.0, 0.478116, 0.0, 0.0, 0.0, 0.0, 0.0, 0.0, 0.0, 0.0, 0.0, 0.0, 0.0, 0.0, 0.0, 0.0, 0.0, 0.0, 0.0, 0.0, 0.0, 0.0, 0.0, 0.0, 0.0, 0.0, 0.0, 0.0, 0.022811, 0.03608, 0.030709, 0.035577, 0.046011, 0.030045, 0.025091, 0.023573, 0.019596, 0.0, 0.032115, 0.021405, 0.021281, 0.035577, 0.046011, 0.022375, 0.018481, 0.022154, 0.009828, 0.015891, 0.03034, 0.028919, 0.024558, 0.02387, 0.0, 0.013554, 0.012706, 0.0, 0.0, 0.014612, 0.013856, 0.013991, 0.0, 0.0, 0.148154, 0.10208, 0.100829, 0.153566, 0.010157, 0.027527, 0.027545, 0.034045, 0.03267, 0.039918, 0.032231, 0.023811, 0.017854, 0.0, 0.055064, 0.01777, 0.038458, 0.027433, 0.019607, 0.009536, 0.026359, 0.025042, 0.015491, 0.019477, 0.019477, 0.01899, 0.022562, 0.029573, 0.0, 0.0, 0.0, 0.006935, 0.008817, 0.01005, 0.010326, 0.009482, 0.009372, 0.009482, 0.0, 0.009482, 0.0, 0.009482, 0.009482, 0.009482, 0.006269, 0.0, 0.0, 0.0, 0.0, 0.0, 0.0, 0.0, 0.0, 0.0, 0.0, 0.0, 0.0, 0.0, 0.0, 0.0, 0.0, 0.0, 0.0, 0.0, 0.0, 0.0, 0.0, 0.0, 0.0, 0.0, 0.0, 0.00981, 0.015233, 0.02518, 0.016906, 0.007352, 0.153566, 0.193913, 0.0, 0.0, 0.312797, 0.0, 0.030441, 0.0, 0.0, 0.011983, 0.0, 0.0, 0.0]
[0.210129, 0.478116, 1.0, 0.0, 0.0, 0.0, 0.0, 0.0, 0.0, 0.0, 0.0, 0.0, 0.0, 0.0, 0.0, 0.0, 0.0, 0.0, 0.0, 0.0, 0.0, 0.0, 0.0, 0.0, 0.0, 0.0, 0.0, 0.0, 0.0, 0.04771, 0.075462, 0.064229, 0.07441, 0.096234, 0.06284, 0.052478, 0.049303, 0.040987, 0.0, 0.067169, 0.04477, 0.04451, 0.07441, 0.096234, 0.046797, 0.038654, 0.046337, 0.020555, 0.033236, 0.063458, 0.060485, 0.051364, 0.049926, 0.0, 0.0, 0.0, 0.0, 0.0, 0.0, 0.0, 0.0, 0.0, 0.0, 0.309871, 0.213504, 0.210887, 0.321189, 0.021244, 0.026006, 0.026023, 0.032163, 0.030864, 0.037712, 0.03045, 0.022495, 0.016868, 0.0, 0.052021, 0.016788, 0.036333, 0.025917, 0.018524, 0.019945, 0.024902, 0.023658, 0.0324, 0.018401, 0.018401, 0.017941, 0.021315, 0.027939, 0.0, 0.0, 0.0, 0.0, 0.018441, 0.02102, 0.021597, 0.019832, 0.019601, 0.019832, 0.0, 0.019832, 0.0, 0.019832, 0.019832, 0.019832, 0.013113, 0.0, 0.0, 0.0, 0.0, 0.0, 0.0, 0.0, 0.0, 0.0, 0.0, 0.0, 0.0, 0.0, 0.0, 0.0, 0.0, 0.0, 0.0, 0.0, 0.0, 0.0, 0.0, 0.0, 0.0, 0.0, 0.0, 0.0, 0.0, 0.0, 0.0, 0.0, 0.321189, 0.214206, 0.0, 0.0, 0.26306, 0.0, 0.028758, 0.0, 0.0, 0.025063, 0.0, 0.0, 0.0]
[0.0, 0.0, 0.0, 1.0, 0.499888, 0.101596, 0.483917, 0.287943, 0.675879, 0.487987, 0.675879, 0.550263, 0.550263, 0.550263, 0.565084, 0.0, 0.0, 0.0, 0.0, 0.025237, 0.0, 0.0, 0.0, 0.0, 0.0, 0.0, 0.0, 0.0, 0.0, 0.0, 0.0, 0.0, 0.0, 0.0, 0.0, 0.0, 0.0, 0.0, 0.0, 0.052619, 0.0, 0.0, 0.0, 0.0, 0.0, 0.0, 0.0, 0.0, 0.0, 0.0, 0.0, 0.040237, 0.0, 0.0, 0.028426, 0.0, 0.0, 0.0, 0.0, 0.0, 0.0, 0.0, 0.0, 0.048942, 0.0, 0.0, 0.05073, 0.109044, 0.0, 0.0, 0.0, 0.0, 0.0, 0.0, 0.0, 0.0, 0.046357, 0.0, 0.0, 0.0, 0.0, 0.0, 0.078097, 0.0, 0.0, 0.0, 0.022398, 0.022398, 0.0, 0.0, 0.0, 0.020367, 0.0, 0.0, 0.0, 0.094655, 0.0, 0.0, 0.0, 0.0, 0.0, 0.0, 0.0, 0.0, 0.0, 0.0, 0.0, 0.0, 0.057485, 0.0, 0.0, 0.0, 0.0, 0.0, 0.0, 0.0, 0.0, 0.0, 0.0, 0.0, 0.0, 0.068299, 0.0, 0.0, 0.066192, 0.0, 0.0, 0.0, 0.0, 0.0, 0.0, 0.0, 0.0, 0.0, 0.0, 0.0, 0.0, 0.0, 0.0, 0.05073, 0.0, 0.050612, 0.018843, 0.0, 0.662456, 0.035006, 0.0, 0.0, 0.0, 0.0, 0.131815, 0.094089]
[0.0, 0.0, 0.0, 0.499888, 1.0, 0.273908, 0.798919, 0.475378, 0.739612, 0.805638, 0.739612, 0.908453, 0.908453, 0.908453, 0.867803, 0.060051, 0.021399, 0.024992, 0.023907, 0.024785, 0.021723, 0.024241, 0.024992, 0.024992, 0.02728, 0.024992, 0.024992, 0.024992, 0.01786, 0.174083, 0.0, 0.0, 0.0, 0.0, 0.0, 0.0, 0.0, 0.0, 0.0, 0.0, 0.0, 0.0, 0.0, 0.0, 0.0, 0.0, 0.0, 0.0, 0.0, 0.0, 0.0, 0.0, 0.0, 0.0, 0.0, 0.040659, 0.0, 0.0, 0.0, 0.0, 0.0, 0.0, 0.0, 0.0, 0.0, 0.0, 0.0, 0.0, 0.0, 0.048331, 0.0, 0.0, 0.0, 0.0, 0.0, 0.0, 0.0, 0.0, 0.0, 0.0, 0.0, 0.0, 0.0, 0.0, 0.0, 0.0, 0.0, 0.0, 0.0, 0.120843, 0.0, 0.0, 0.0, 0.0, 0.0, 0.033067, 0.037691, 0.038727, 0.035562, 0.071553, 0.035562, 0.03451, 0.035562, 0.029469, 0.035562, 0.035562, 0.035562, 0.023513, 0.0, 0.052462, 0.0, 0.0, 0.086412, 0.0, 0.0, 0.0, 0.0, 0.0, 0.0, 0.0, 0.0, 0.066495, 0.0, 0.083689, 0.0, 0.0, 0.0, 0.0, 0.0, 0.0, 0.104625, 0.0, 0.0, 0.093917, 0.0, 0.0, 0.0, 0.0, 0.048292, 0.0, 0.0, 0.0, 0.0, 0.0, 0.724923, 0.0, 0.0, 0.0, 0.0, 0.0, 0.0, 0.0]
[0.0, 0.0, 0.0, 0.101596, 0.273908, 1.0, 0.275696, 0.164046, 0.150317, 0.267387, 0.150317, 0.30151, 0.30151, 0.30151, 0.288019, 0.035292, 0.013143, 0.037508, 0.03588, 0.037196, 0.013342, 0.03638, 0.037508, 0.037508, 0.024817, 0.037508, 0.037508, 0.037508, 0.016247, 0.0, 0.0, 0.0, 0.0, 0.0, 0.0, 0.0, 0.0, 0.0, 0.0, 0.0, 0.0, 0.0, 0.0, 0.0, 0.01064, 0.0, 0.010535, 0.004673, 0.007557, 0.0, 0.0, 0.0, 0.0, 0.0, 0.0, 0.0, 0.0, 0.0, 0.0, 0.0, 0.0, 0.0, 0.0, 0.0, 0.0, 0.0, 0.0, 0.0, 0.0, 0.0, 0.0, 0.0, 0.0, 0.0, 0.0, 0.0, 0.0, 0.0, 0.0, 0.0, 0.0, 0.0, 0.0, 0.0, 0.0, 0.0, 0.0, 0.0, 0.0, 0.0, 0.0, 0.0, 0.0, 0.0, 0.0, 0.039854, 0.030576, 0.039046, 0.042861, 0.042362, 0.042861, 0.041593, 0.042861, 0.035517, 0.042861, 0.042861, 0.042861, 0.019074, 0.0, 0.0, 0.0, 0.0, 0.0, 0.0, 0.0, 0.0, 0.0, 0.0, 0.0, 0.0, 0.0, 0.0, 0.0, 0.0, 0.0, 0.0, 0.0, 0.0, 0.0, 0.0, 0.0, 0.0, 0.0, 0.0, 0.005972, 0.009273, 0.015327, 0.010291, 0.0, 0.0, 0.0, 0.0, 0.0, 0.0, 0.163548, 0.0, 0.0, 0.0, 0.0, 0.0, 0.0, 0.0]
[0.0, 0.0, 0.0, 0.483917, 0.798919, 0.275696, 1.0, 0.470074, 0.715982, 0.779898, 0.715982, 0.879428, 0.879428, 0.879428, 0.840077, 0.055625, 0.020716, 0.059117, 0.056551, 0.058626, 0.021029, 0.057339, 0.059117, 0.059117, 0.039115, 0.059117, 0.059117, 0.059117, 0.025608, 0.0, 0.0, 0.0, 0.0, 0.0, 0.0, 0.0, 0.0, 0.0, 0.0, 0.0, 0.0, 0.0, 0.0, 0.0, 0.01677, 0.0, 0.016605, 0.007366, 0.01191, 0.0, 0.0, 0.0, 0.0, 0.0, 0.0, 0.0, 0.0, 0.0, 0.0, 0.0, 0.0, 0.0, 0.0, 0.0, 0.0, 0.0, 0.0, 0.0, 0.0, 0.0, 0.0, 0.0, 0.0, 0.0, 0.0, 0.0, 0.0, 0.0, 0.0, 0.0, 0.0, 0.0, 0.0, 0.0, 0.0, 0.0, 0.0, 0.0, 0.0, 0.0, 0.0, 0.0, 0.0, 0.0, 0.0, 0.062816, 0.048191, 0.061542, 0.067555, 0.066768, 0.067555, 0.065556, 0.067555, 0.05598, 0.067555, 0.067555, 0.067555, 0.030064, 0.0, 0.0, 0.0, 0.0, 0.0, 0.0, 0.0, 0.0, 0.0, 0.0, 0.0, 0.0, 0.0, 0.064371, 0.0, 0.0, 0.0, 0.0, 0.0, 0.0, 0.0, 0.0, 0.0, 0.0, 0.0, 0.0, 0.009412, 0.014615, 0.024157, 0.016219, 0.0, 0.0, 0.0, 0.0, 0.0, 0.0, 0.72732, 0.0, 0.0, 0.0, 0.0, 0.0, 0.0, 0.0]
[0.0, 0.0, 0.0, 0.287943, 0.475378, 0.164046, 0.470074, 1.0, 0.426028, 0.46406, 0.426028, 0.523283, 0.523283, 0.523283, 0.499868, 0.033099, 0.012326, 0.035176, 0.033649, 0.034884, 0.012513, 0.034118, 0.035176, 0.035176, 0.023275, 0.035176, 0.035176, 0.035176, 0.015237, 0.0, 0.0, 0.0, 0.0, 0.0, 0.0, 0.0, 0.0, 0.0, 0.0, 0.0, 0.0, 0.0, 0.0, 0.0, 0.009979, 0.0, 0.00988, 0.004383, 0.007087, 0.0, 0.0, 0.0, 0.0, 0.0, 0.0, 0.0, 0.0, 0.0, 0.0, 0.0, 0.0, 0.0, 0.0, 0.0, 0.0, 0.0, 0.0, 0.0, 0.0, 0.0, 0.0, 0.0, 0.0, 0.0, 0.0, 0.0, 0.0, 0.0, 0.0, 0.0, 0.0, 0.0, 0.0, 0.0, 0.0, 0.0, 0.0, 0.0, 0.0, 0.0, 0.0, 0.0, 0.0, 0.0, 0.0, 0.037377, 0.028675, 0.036619, 0.040197, 0.039729, 0.040197, 0.039008, 0.040197, 0.03331, 0.040197, 0.040197, 0.040197, 0.017889, 0.0, 0.0, 0.0, 0.0, 0.0, 0.0, 0.0, 0.0, 0.0, 0.0, 0.0, 0.0, 0.0, 0.038302, 0.0, 0.0, 0.0, 0.0, 0.0, 0.0, 0.0, 0.0, 0.0, 0.0, 0.0, 0.0, 0.0056, 0.008696, 0.014374, 0.009651, 0.0, 0.0, 0.0, 0.0, 0.0, 0.0, 0.432775, 0.0, 0.0, 0.0, 0.0, 0.0, 0.0, 0.19269]
[0.0, 0.0, 0.0, 0.675879, 0.739612, 0.150317, 0.715982, 0.426028, 1.0, 0.722003, 1.0, 0.814144, 0.814144, 0.814144, 0.777714, 0.0, 0.0, 0.0, 0.0, 0.0, 0.0, 0.0, 0.0, 0.0, 0.0, 0.0, 0.0, 0.0, 0.0, 0.0, 0.0, 0.0, 0.0, 0.0, 0.0, 0.0, 0.0, 0.0, 0.0, 0.0, 0.0, 0.0, 0.0, 0.0, 0.0, 0.0, 0.0, 0.0, 0.0, 0.0, 0.0, 0.0, 0.0, 0.0, 0.0, 0.0, 0.0, 0.0, 0.0, 0.0, 0.0, 0.0, 0.0, 0.0, 0.0, 0.0, 0.0, 0.0, 0.0, 0.0, 0.0, 0.0, 0.0, 0.0, 0.0, 0.0, 0.0, 0.0, 0.0, 0.0, 0.0, 0.0, 0.0, 0.0, 0.0, 0.0, 0.0, 0.0, 0.0, 0.0, 0.0, 0.0, 0.0, 0.0, 0.0, 0.0, 0.0, 0.0, 0.0, 0.0, 0.0, 0.0, 0.0, 0.0, 0.0, 0.0, 0.0, 0.0, 0.0, 0.0, 0.0, 0.0, 0.0, 0.0, 0.0, 0.0, 0.0, 0.0, 0.0, 0.0, 0.0, 0.101052, 0.0, 0.0, 0.0, 0.0, 0.0, 0.0, 0.0, 0.0, 0.0, 0.0, 0.0, 0.0, 0.0, 0.0, 0.0, 0.0, 0.0, 0.0, 0.0, 0.0, 0.0, 0.0, 0.98014, 0.0, 0.0, 0.0, 0.0, 0.0, 0.0, 0.0]
[0.0, 0.0, 0.0, 0.487987, 0.805638, 0.267387, 0.779898, 0.46406, 0.722003, 1.0, 0.722003, 0.886824, 0.886824, 0.886824, 0.847142, 0.022956, 0.02089, 0.024397, 0.023338, 0.024195, 0.021206, 0.023664, 0.024397, 0.024397, 0.026631, 0.024397, 0.024397, 0.024397, 0.017434, 0.0, 0.0, 0.0, 0.0, 0.0, 0.0, 0.0, 0.0, 0.0, 0.0, 0.0, 0.0, 0.0, 0.0, 0.0, 0.0, 0.0, 0.0, 0.0, 0.0, 0.0, 0.0, 0.0, 0.0, 0.0, 0.0, 0.0, 0.0, 0.0, 0.0, 0.0, 0.0, 0.0, 0.0, 0.0, 0.0, 0.0, 0.0, 0.0, 0.0, 0.0, 0.0, 0.0, 0.0, 0.0, 0.0, 0.0, 0.0, 0.0, 0.0, 0.0, 0.0, 0.0, 0.0, 0.0, 0.0, 0.0, 0.0, 0.0, 0.0, 0.0, 0.0, 0.0, 0.0, 0.0, 0.0, 0.03228, 0.036794, 0.037805, 0.034716, 0.034311, 0.034716, 0.033689, 0.034716, 0.028767, 0.034716, 0.034716, 0.034716, 0.022954, 0.0, 0.0, 0.0, 0.0, 0.0, 0.0, 0.0, 0.0, 0.0, 0.0, 0.0, 0.0, 0.0, 0.064912, 0.0, 0.0, 0.0, 0.0, 0.0, 0.0, 0.0, 0.0, 0.0, 0.0, 0.0, 0.0, 0.0, 0.0, 0.0, 0.0, 0.0, 0.0, 0.0, 0.0, 0.0, 0.0, 0.707664, 0.0, 0.0, 0.0, 0.0, 0.0, 0.0, 0.0]
[0.0, 0.0, 0.0, 0.675879, 0.739612, 0.150317, 0.715982, 0.426028, 1.0, 0.722003, 1.0, 0.814144, 0.814144, 0.814144, 0.777714, 0.0, 0.0, 0.0, 0.0, 0.0, 0.0, 0.0, 0.0, 0.0, 0.0, 0.0, 0.0, 0.0, 0.0, 0.0, 0.0, 0.0, 0.0, 0.0, 0.0, 0.0, 0.0, 0.0, 0.0, 0.0, 0.0, 0.0, 0.0, 0.0, 0.0, 0.0, 0.0, 0.0, 0.0, 0.0, 0.0, 0.0, 0.0, 0.0, 0.0, 0.0, 0.0, 0.0, 0.0, 0.0, 0.0, 0.0, 0.0, 0.0, 0.0, 0.0, 0.0, 0.0, 0.0, 0.0, 0.0, 0.0, 0.0, 0.0, 0.0, 0.0, 0.0, 0.0, 0.0, 0.0, 0.0, 0.0, 0.0, 0.0, 0.0, 0.0, 0.0, 0.0, 0.0, 0.0, 0.0, 0.0, 0.0, 0.0, 0.0, 0.0, 0.0, 0.0, 0.0, 0.0, 0.0, 0.0, 0.0, 0.0, 0.0, 0.0, 0.0, 0.0, 0.0, 0.0, 0.0, 0.0, 0.0, 0.0, 0.0, 0.0, 0.0, 0.0, 0.0, 0.0, 0.0, 0.101052, 0.0, 0.0, 0.0, 0.0, 0.0, 0.0, 0.0, 0.0, 0.0, 0.0, 0.0, 0.0, 0.0, 0.0, 0.0, 0.0, 0.0, 0.0, 0.0, 0.0, 0.0, 0.0, 0.98014, 0.0, 0.0, 0.0, 0.0, 0.0, 0.0, 0.0]
[0.0, 0.0, 0.0, 0.550263, 0.908453, 0.30151, 0.879428, 0.523283, 0.814144, 0.886824, 0.814144, 1.0, 1.0, 1.0, 0.955253, 0.025886, 0.023556, 0.027511, 0.026317, 0.027282, 0.023912, 0.026684, 0.027511, 0.027511, 0.030029, 0.027511, 0.027511, 0.027511, 0.019659, 0.0, 0.0, 0.0, 0.0, 0.0, 0.0, 0.0, 0.0, 0.0, 0.0, 0.0, 0.0, 0.0, 0.0, 0.0, 0.0, 0.0, 0.0, 0.0, 0.0, 0.0, 0.0, 0.0, 0.0, 0.0, 0.0, 0.0, 0.0, 0.0, 0.0, 0.0, 0.0, 0.0, 0.0, 0.0, 0.0, 0.0, 0.0, 0.0, 0.0, 0.0, 0.0, 0.0, 0.0, 0.0, 0.0, 0.0, 0.0, 0.0, 0.0, 0.0, 0.0, 0.0, 0.0, 0.0, 0.0, 0.0, 0.0, 0.0, 0.0, 0.0, 0.0, 0.0, 0.0, 0.0, 0.0, 0.0364, 0.04149, 0.04263, 0.039146, 0.03869, 0.039146, 0.037988, 0.039146, 0.032439, 0.039146, 0.039146, 0.039146, 0.025883, 0.0, 0.0, 0.0, 0.0, 0.0, 0.0, 0.0, 0.0, 0.0, 0.0, 0.0, 0.0, 0.0, 0.073196, 0.0, 0.0, 0.0, 0.0, 0.0, 0.0, 0.0, 0.0, 0.0, 0.0, 0.0, 0.0, 0.0, 0.0, 0.0, 0.0, 0.0, 0.0, 0.0, 0.0, 0.0, 0.0, 0.797975, 0.0, 0.0, 0.0, 0.0, 0.0, 0.0, 0.0]
[0.0, 0.0, 0.0, 0.550263, 0.908453, 0.30151, 0.879428, 0.523283, 0.814144, 0.886824, 0.814144, 1.0, 1.0, 1.0, 0.955253, 0.025886, 0.023556, 0.027511, 0.026317, 0.027282, 0.023912, 0.026684, 0.027511, 0.027511, 0.030029, 0.027511, 0.027511, 0.027511, 0.019659, 0.0, 0.0, 0.0, 0.0, 0.0, 0.0, 0.0, 0.0, 0.0, 0.0, 0.0, 0.0, 0.0, 0.0, 0.0, 0.0, 0.0, 0.0, 0.0, 0.0, 0.0, 0.0, 0.0, 0.0, 0.0, 0.0, 0.0, 0.0, 0.0, 0.0, 0.0, 0.0, 0.0, 0.0, 0.0, 0.0, 0.0, 0.0, 0.0, 0.0, 0.0, 0.0, 0.0, 0.0, 0.0, 0.0, 0.0, 0.0, 0.0, 0.0, 0.0, 0.0, 0.0, 0.0, 0.0, 0.0, 0.0, 0.0, 0.0, 0.0, 0.0, 0.0, 0.0, 0.0, 0.0, 0.0, 0.0364, 0.04149, 0.04263, 0.039146, 0.03869, 0.039146, 0.037988, 0.039146, 0.032439, 0.039146, 0.039146, 0.039146, 0.025883, 0.0, 0.0, 0.0, 0.0, 0.0, 0.0, 0.0, 0.0, 0.0, 0.0, 0.0, 0.0, 0.0, 0.073196, 0.0, 0.0, 0.0, 0.0, 0.0, 0.0, 0.0, 0.0, 0.0, 0.0, 0.0, 0.0, 0.0, 0.0, 0.0, 0.0, 0.0, 0.0, 0.0, 0.0, 0.0, 0.0, 0.797975, 0.0, 0.0, 0.0, 0.0, 0.0, 0.0, 0.0]
[0.0, 0.0, 0.0, 0.550263, 0.908453, 0.30151, 0.879428, 0.523283, 0.814144, 0.886824, 0.814144, 1.0, 1.0, 1.0, 0.955253, 0.025886, 0.023556, 0.027511, 0.026317, 0.027282, 0.023912, 0.026684, 0.027511, 0.027511, 0.030029, 0.027511, 0.027511, 0.027511, 0.019659, 0.0, 0.0, 0.0, 0.0, 0.0, 0.0, 0.0, 0.0, 0.0, 0.0, 0.0, 0.0, 0.0, 0.0, 0.0, 0.0, 0.0, 0.0, 0.0, 0.0, 0.0, 0.0, 0.0, 0.0, 0.0, 0.0, 0.0, 0.0, 0.0, 0.0, 0.0, 0.0, 0.0, 0.0, 0.0, 0.0, 0.0, 0.0, 0.0, 0.0, 0.0, 0.0, 0.0, 0.0, 0.0, 0.0, 0.0, 0.0, 0.0, 0.0, 0.0, 0.0, 0.0, 0.0, 0.0, 0.0, 0.0, 0.0, 0.0, 0.0, 0.0, 0.0, 0.0, 0.0, 0.0, 0.0, 0.0364, 0.04149, 0.04263, 0.039146, 0.03869, 0.039146, 0.037988, 0.039146, 0.032439, 0.039146, 0.039146, 0.039146, 0.025883, 0.0, 0.0, 0.0, 0.0, 0.0, 0.0, 0.0, 0.0, 0.0, 0.0, 0.0, 0.0, 0.0, 0.073196, 0.0, 0.0, 0.0, 0.0, 0.0, 0.0, 0.0, 0.0, 0.0, 0.0, 0.0, 0.0, 0.0, 0.0, 0.0, 0.0, 0.0, 0.0, 0.0, 0.0, 0.0, 0.0, 0.797975, 0.0, 0.0, 0.0, 0.0, 0.0, 0.0, 0.0]
[0.0, 0.0, 0.0, 0.565084, 0.867803, 0.288019, 0.840077, 0.499868, 0.777714, 0.847142, 0.777714, 0.955253, 0.955253, 0.955253, 1.0, 0.024728, 0.022502, 0.02628, 0.025139, 0.051898, 0.022842, 0.02549, 0.02628, 0.02628, 0.028686, 0.02628, 0.02628, 0.02628, 0.01878, 0.0, 0.0, 0.0, 0.0, 0.0, 0.0, 0.0, 0.0, 0.0, 0.0, 0.053869, 0.0, 0.0, 0.0, 0.0, 0.0, 0.0, 0.0, 0.0, 0.031098, 0.0, 0.0, 0.041193, 0.0, 0.0, 0.063054, 0.0, 0.0, 0.0, 0.0, 0.0, 0.0, 0.0, 0.0, 0.108561, 0.0, 0.0, 0.112526, 0.026473, 0.0, 0.0, 0.0, 0.0, 0.0, 0.0, 0.0, 0.0, 0.102828, 0.0, 0.0, 0.0, 0.0, 0.0, 0.0, 0.0, 0.0, 0.0, 0.02293, 0.02293, 0.026083, 0.0, 0.0, 0.045176, 0.0, 0.0, 0.0, 0.057751, 0.039633, 0.040723, 0.037394, 0.036959, 0.037394, 0.036288, 0.037394, 0.05488, 0.037394, 0.037394, 0.037394, 0.024725, 0.127511, 0.0, 0.0, 0.0, 0.0, 0.0, 0.0, 0.0, 0.0, 0.0, 0.0, 0.040954, 0.0, 0.069921, 0.0, 0.0, 0.146824, 0.0, 0.0, 0.0, 0.0, 0.0, 0.0, 0.0, 0.0, 0.0, 0.0, 0.0, 0.0, 0.0, 0.018417, 0.112526, 0.0, 0.112264, 0.041796, 0.0, 0.762269, 0.077648, 0.0, 0.0, 0.0, 0.0, 0.0, 0.0]
[0.0, 0.0, 0.0, 0.0, 0.060051, 0.035292, 0.055625, 0.033099, 0.0, 0.022956, 0.0, 0.025886, 0.025886, 0.025886, 0.024728, 1.0, 0.531177, 0.940938, 0.8908, 0.933129, 0.322095, 0.912647, 0.940938, 0.940938, 0.910787, 0.940938, 0.940938, 0.940938, 0.476157, 0.04894, 0.01983, 0.016878, 0.019553, 0.025288, 0.016513, 0.01379, 0.012956, 0.01077, 0.011007, 0.01765, 0.011764, 0.011696, 0.019553, 0.025288, 0.045597, 0.010157, 0.057325, 0.032105, 0.083709, 0.0, 0.015894, 0.013497, 0.013119, 0.02283, 0.0, 0.025955, 0.0, 0.0, 0.0, 0.0, 0.023582, 0.0, 0.009593, 0.018692, 0.012879, 0.012721, 0.019375, 0.009876, 0.0, 0.030852, 0.0, 0.0, 0.0, 0.013064, 0.019303, 0.0, 0.017705, 0.0, 0.0, 0.0, 0.0, 0.0, 0.010066, 0.0, 0.0, 0.046443, 0.010106, 0.010106, 0.025435, 0.02527, 0.0, 0.014957, 0.014159, 0.014159, 0.0, 0.864302, 0.878044, 0.889046, 0.929514, 0.941928, 0.929514, 0.902015, 0.929514, 0.793549, 0.929514, 0.929514, 0.929514, 0.416885, 0.0, 0.033489, 0.0, 0.0, 0.055161, 0.0, 0.0, 0.0, 0.0, 0.0, 0.0, 0.039936, 0.0, 0.0, 0.0, 0.053423, 0.0, 0.0, 0.0, 0.0, 0.0, 0.0, 0.066787, 0.0, 0.0, 0.059952, 0.018619, 0.055465, 0.107702, 0.072312, 0.023394, 0.019375, 0.012921, 0.0596, 0.0, 0.0, 0.050561, 0.0, 0.0, 0.0, 0.013764, 0.0, 0.0, 0.0]
[0.0, 0.0, 0.0, 0.0, 0.021399, 0.013143, 0.020716, 0.012326, 0.0, 0.02089, 0.0, 0.023556, 0.023556, 0.023556, 0.022502, 0.531177, 1.0, 0.564519, 0.531556, 0.559833, 0.289727, 0.547545, 0.564519, 0.564519, 0.61196, 0.564519, 0.564519, 0.564519, 0.309167, 0.005704, 0.009022, 0.007679, 0.008897, 0.011506, 0.007513, 0.006274, 0.005895, 0.0049, 0.005008, 0.008031, 0.005353, 0.005322, 0.008897, 0.011506, 0.011304, 0.004622, 0.016732, 0.013498, 0.027138, 0.0, 0.007232, 0.006141, 0.005969, 0.016345, 0.0, 0.0, 0.0, 0.0, 0.0, 0.0, 0.021459, 0.0, 0.00873, 0.0, 0.0, 0.0, 0.0, 0.008987, 0.0, 0.0, 0.0, 0.0, 0.0, 0.011888, 0.017566, 0.0, 0.016111, 0.0, 0.0, 0.0, 0.0, 0.0, 0.00916, 0.0, 0.0, 0.042263, 0.009196, 0.009196, 0.003333, 0.0, 0.0, 0.013611, 0.012884, 0.012884, 0.0, 0.529183, 0.599276, 0.533316, 0.56911, 0.562482, 0.56911, 0.552274, 0.56911, 0.474651, 0.56911, 0.56911, 0.56911, 0.240761, 0.0, 0.0, 0.0, 0.0, 0.0, 0.0, 0.0, 0.0, 0.0, 0.0, 0.0, 0.005233, 0.0, 0.0, 0.0, 0.0, 0.0, 0.0, 0.0, 0.0, 0.0, 0.0, 0.0, 0.0, 0.0, 0.0, 0.0, 0.024163, 0.05452, 0.036605, 0.007299, 0.0, 0.0, 0.054235, 0.0, 0.0, 0.0, 0.0, 0.0, 0.0, 0.012525, 0.0, 0.0, 0.0]
[0.0, 0.0, 0.0, 0.0, 0.024992, 0.037508, 0.059117, 0.035176, 0.0, 0.024397, 0.0, 0.027511, 0.027511, 0.027511, 0.02628, 0.940938, 0.564519, 1.0, 0.946715, 0.9917, 0.342312, 0.969932, 1.0, 1.0, 0.967956, 1.0, 1.0, 1.0, 0.506044, 0.013324, 0.021074, 0.017937, 0.02078, 0.026875, 0.017549, 0.014656, 0.013769, 0.011446, 0.011698, 0.018758, 0.012503, 0.01243, 0.02078, 0.026875, 0.048459, 0.010795, 0.060923, 0.034121, 0.088963, 0.0, 0.016892, 0.014344, 0.013943, 0.024263, 0.0, 0.0, 0.0, 0.0, 0.0, 0.0, 0.025062, 0.0, 0.010195, 0.019865, 0.013687, 0.01352, 0.020591, 0.010496, 0.0, 0.0, 0.0, 0.0, 0.0, 0.013884, 0.020515, 0.0, 0.018816, 0.0, 0.0, 0.0, 0.0, 0.0, 0.010698, 0.0, 0.0, 0.049358, 0.01074, 0.01074, 0.027031, 0.0, 0.0, 0.015896, 0.015047, 0.015047, 0.0, 0.918553, 0.933158, 0.944851, 0.987858, 0.976353, 0.987858, 0.958633, 0.987858, 0.843359, 0.987858, 0.987858, 0.987858, 0.443052, 0.0, 0.0, 0.0, 0.0, 0.0, 0.0, 0.0, 0.0, 0.0, 0.0, 0.0, 0.042442, 0.0, 0.0, 0.0, 0.0, 0.0, 0.0, 0.0, 0.0, 0.0, 0.0, 0.0, 0.0, 0.0, 0.0, 0.019788, 0.058946, 0.114463, 0.076851, 0.024863, 0.020591, 0.013732, 0.063341, 0.0, 0.0, 0.053735, 0.0, 0.0, 0.0, 0.014628, 0.0, 0.0, 0.0]
[0.0, 0.0, 0.0, 0.0, 0.023907, 0.03588, 0.056551, 0.033649, 0.0, 0.023338, 0.0, 0.026317, 0.026317, 0.026317, 0.025139, 0.8908, 0.531556, 0.946715, 1.0, 0.938857, 0.318866, 0.918249, 0.946715, 0.946715, 0.915157, 0.946715, 0.946715, 0.946715, 0.48408, 0.012746, 0.02016, 0.017159, 0.019879, 0.025709, 0.016788, 0.014019, 0.013171, 0.010949, 0.01119, 0.017944, 0.01196, 0.011891, 0.019879, 0.025709, 0.046356, 0.010326, 0.058279, 0.03264, 0.085102, 0.0, 0.016158, 0.013722, 0.013338, 0.023209, 0.0, 0.0, 0.0, 0.0, 0.0, 0.0, 0.023974, 0.0, 0.009753, 0.019003, 0.013093, 0.012933, 0.019697, 0.0, 0.0, 0.0, 0.0, 0.0, 0.0, 0.013282, 0.019624, 0.0, 0.0, 0.0, 0.0, 0.0, 0.0, 0.0, 0.010234, 0.0, 0.0, 0.031903, 0.010274, 0.010274, 0.025858, 0.0, 0.0, 0.007298, 0.0, 0.0, 0.0, 0.869968, 0.88272, 0.893632, 0.935607, 0.924712, 0.935607, 0.907929, 0.935607, 0.798986, 0.935607, 0.935607, 0.935607, 0.423822, 0.0, 0.0, 0.0, 0.0, 0.0, 0.0, 0.0, 0.0, 0.0, 0.0, 0.0, 0.0406, 0.0, 0.0, 0.0, 0.0, 0.0, 0.0, 0.0, 0.0, 0.0, 0.0, 0.0, 0.0, 0.0, 0.0, 0.018929, 0.056388, 0.109494, 0.073515, 0.023784, 0.019697, 0.013136, 0.04094, 0.0, 0.0, 0.051402, 0.0, 0.0, 0.0, 0.013993, 0.0, 0.0, 0.0]
[0.0, 0.0, 0.0, 0.025237, 0.024785, 0.037196, 0.058626, 0.034884, 0.0, 0.024195, 0.0, 0.027282, 0.027282, 0.027282, 0.051898, 0.933129, 0.559833, 0.9917, 0.938857, 1.0, 0.339471, 0.961882, 0.9917, 0.9917, 0.959922, 0.9917, 0.9917, 0.9917, 0.501845, 0.013213, 0.020899, 0.017788, 0.020608, 0.026652, 0.017404, 0.014534, 0.013655, 0.011351, 0.011601, 0.05307, 0.012399, 0.012327, 0.020608, 0.026652, 0.048057, 0.010705, 0.060417, 0.033837, 0.088225, 0.0, 0.016751, 0.040582, 0.013827, 0.024061, 0.01862, 0.0, 0.0, 0.0, 0.0, 0.0, 0.024854, 0.0, 0.010111, 0.051759, 0.013574, 0.013407, 0.053649, 0.027347, 0.0, 0.0, 0.0, 0.0, 0.0, 0.013769, 0.020344, 0.0, 0.049025, 0.0, 0.0, 0.0, 0.0, 0.0, 0.010609, 0.0, 0.0, 0.048948, 0.025322, 0.025322, 0.026807, 0.0, 0.0, 0.029105, 0.014923, 0.014923, 0.0, 0.925632, 0.925413, 0.937009, 0.979659, 0.96825, 0.979659, 0.950677, 0.979659, 0.836359, 0.979659, 0.979659, 0.979659, 0.439375, 0.037654, 0.0, 0.0, 0.0, 0.0, 0.0, 0.0, 0.0, 0.0, 0.0, 0.0, 0.04209, 0.0, 0.0, 0.0, 0.0, 0.043357, 0.0, 0.0, 0.0, 0.0, 0.0, 0.0, 0.0, 0.0, 0.0, 0.019624, 0.058457, 0.113513, 0.076213, 0.024656, 0.053649, 0.013618, 0.095967, 0.012343, 0.0, 0.053289, 0.02293, 0.0, 0.0, 0.014507, 0.0, 0.0, 0.0]
[0.0, 0.0, 0.0, 0.0, 0.021723, 0.013342, 0.021029, 0.012513, 0.0, 0.021206, 0.0, 0.023912, 0.023912, 0.023912, 0.022842, 0.322095, 0.289727, 0.342312, 0.318866, 0.339471, 1.0, 0.33202, 0.342312, 0.342312, 0.369346, 0.342312, 0.342312, 0.342312, 0.211957, 0.00579, 0.075082, 0.007795, 0.009031, 0.01168, 0.007627, 0.006369, 0.005984, 0.004974, 0.005084, 0.008152, 0.005434, 0.135559, 0.009031, 0.01168, 0.011474, 0.004691, 0.016985, 0.013702, 0.016217, 0.0, 0.06018, 0.006234, 0.006059, 0.004496, 0.0, 0.0, 0.0, 0.0, 0.0, 0.0, 0.021783, 0.0, 0.039213, 0.0, 0.037605, 0.0, 0.0, 0.009123, 0.0, 0.0, 0.043658, 0.0, 0.0, 0.012068, 0.017831, 0.0, 0.016355, 0.0, 0.0, 0.0, 0.0, 0.0, 0.009299, 0.0, 0.064228, 0.013914, 0.0, 0.0, 0.003383, 0.0, 0.0, 0.013817, 0.013079, 0.013079, 0.0, 0.333653, 0.376345, 0.338874, 0.358827, 0.354648, 0.358827, 0.348212, 0.358827, 0.300445, 0.358827, 0.358827, 0.358827, 0.172901, 0.0, 0.0, 0.0, 0.0, 0.0, 0.0, 0.0, 0.0, 0.0, 0.0, 0.0, 0.005312, 0.0, 0.025907, 0.0, 0.0, 0.0, 0.0, 0.0, 0.0, 0.0, 0.0, 0.0, 0.0, 0.0, 0.0, 0.0, 0.01, 0.016529, 0.011098, 0.007409, 0.0, 0.0, 0.017856, 0.0, 0.0, 0.0, 0.0, 0.0, 0.0, 0.0, 0.0, 0.0, 0.0]
[0.0, 0.0, 0.0, 0.0, 0.024241, 0.03638, 0.057339, 0.034118, 0.0, 0.023664, 0.0, 0.026684, 0.026684, 0.026684, 0.02549, 0.912647, 0.547545, 0.969932, 0.918249, 0.961882, 0.33202, 1.0, 0.969932, 0.969932, 0.938852, 0.969932, 0.969932, 0.969932, 0.490829, 0.012923, 0.020441, 0.017398, 0.020156, 0.026067, 0.017022, 0.014215, 0.013355, 0.088152, 0.011346, 0.018194, 0.012127, 0.012057, 0.020156, 0.026067, 0.047002, 0.01047, 0.059091, 0.033095, 0.086288, 0.0, 0.016384, 0.013913, 0.013524, 0.023533, 0.0, 0.0, 0.0, 0.0, 0.0, 0.0, 0.024308, 0.0, 0.009889, 0.019268, 0.013276, 0.013113, 0.019972, 0.010181, 0.0, 0.0, 0.0, 0.0, 0.0, 0.013467, 0.019898, 0.0, 0.01825, 0.0, 0.0, 0.0, 0.0, 0.0, 0.010376, 0.0, 0.0, 0.047874, 0.010417, 0.010417, 0.026219, 0.0, 0.0, 0.015418, 0.014595, 0.014595, 0.0, 0.890934, 0.9051, 0.916441, 0.958155, 0.946997, 0.958155, 0.92981, 0.958155, 0.818001, 0.958155, 0.958155, 0.958155, 0.429731, 0.0, 0.0, 0.0, 0.0, 0.0, 0.0, 0.0, 0.0, 0.0, 0.0, 0.0, 0.041166, 0.0, 0.0, 0.0, 0.0, 0.0, 0.0, 0.146252, 0.0, 0.0, 0.0, 0.0, 0.0, 0.0, 0.0, 0.019193, 0.057174, 0.111021, 0.07454, 0.024115, 0.019972, 0.01332, 0.061436, 0.0, 0.0, 0.052119, 0.0, 0.0, 0.0, 0.014189, 0.0, 0.0, 0.0]
[0.0, 0.0, 0.0, 0.0, 0.024992, 0.037508, 0.059117, 0.035176, 0.0, 0.024397, 0.0, 0.027511, 0.027511, 0.027511, 0.02628, 0.940938, 0.564519, 1.0, 0.946715, 0.9917, 0.342312, 0.969932, 1.0, 1.0, 0.967956, 1.0, 1.0, 1.0, 0.506044, 0.013324, 0.021074, 0.017937, 0.02078, 0.026875, 0.017549, 0.014656, 0.013769, 0.011446, 0.011698, 0.018758, 0.012503, 0.01243, 0.02078, 0.026875, 0.048459, 0.010795, 0.060923, 0.034121, 0.088963, 0.0, 0.016892, 0.014344, 0.013943, 0.024263, 0.0, 0.0, 0.0, 0.0, 0.0, 0.0, 0.025062, 0.0, 0.010195, 0.019865, 0.013687, 0.01352, 0.020591, 0.010496, 0.0, 0.0, 0.0, 0.0, 0.0, 0.013884, 0.020515, 0.0, 0.018816, 0.0, 0.0, 0.0, 0.0, 0.0, 0.010698, 0.0, 0.0, 0.049358, 0.01074, 0.01074, 0.027031, 0.0, 0.0, 0.015896, 0.015047, 0.015047, 0.0, 0.918553, 0.933158, 0.944851, 0.987858, 0.976353, 0.987858, 0.958633, 0.987858, 0.843359, 0.987858, 0.987858, 0.987858, 0.443052, 0.0, 0.0, 0.0, 0.0, 0.0, 0.0, 0.0, 0.0, 0.0, 0.0, 0.0, 0.042442, 0.0, 0.0, 0.0, 0.0, 0.0, 0.0, 0.0, 0.0, 0.0, 0.0, 0.0, 0.0, 0.0, 0.0, 0.019788, 0.058946, 0.114463, 0.076851, 0.024863, 0.020591, 0.013732, 0.063341, 0.0, 0.0, 0.053735, 0.0, 0.0, 0.0, 0.014628, 0.0, 0.0, 0.0]
[0.0, 0.0, 0.0, 0.0, 0.024992, 0.037508, 0.059117, 0.035176, 0.0, 0.024397, 0.0, 0.027511, 0.027511, 0.027511, 0.02628, 0.940938, 0.564519, 1.0, 0.946715, 0.9917, 0.342312, 0.969932, 1.0, 1.0, 0.967956, 1.0, 1.0, 1.0, 0.506044, 0.013324, 0.021074, 0.017937, 0.02078, 0.026875, 0.017549, 0.014656, 0.013769, 0.011446, 0.011698, 0.018758, 0.012503, 0.01243, 0.02078, 0.026875, 0.048459, 0.010795, 0.060923, 0.034121, 0.088963, 0.0, 0.016892, 0.014344, 0.013943, 0.024263, 0.0, 0.0, 0.0, 0.0, 0.0, 0.0, 0.025062, 0.0, 0.010195, 0.019865, 0.013687, 0.01352, 0.020591, 0.010496, 0.0, 0.0, 0.0, 0.0, 0.0, 0.013884, 0.020515, 0.0, 0.018816, 0.0, 0.0, 0.0, 0.0, 0.0, 0.010698, 0.0, 0.0, 0.049358, 0.01074, 0.01074, 0.027031, 0.0, 0.0, 0.015896, 0.015047, 0.015047, 0.0, 0.918553, 0.933158, 0.944851, 0.987858, 0.976353, 0.987858, 0.958633, 0.987858, 0.843359, 0.987858, 0.987858, 0.987858, 0.443052, 0.0, 0.0, 0.0, 0.0, 0.0, 0.0, 0.0, 0.0, 0.0, 0.0, 0.0, 0.042442, 0.0, 0.0, 0.0, 0.0, 0.0, 0.0, 0.0, 0.0, 0.0, 0.0, 0.0, 0.0, 0.0, 0.0, 0.019788, 0.058946, 0.114463, 0.076851, 0.024863, 0.020591, 0.013732, 0.063341, 0.0, 0.0, 0.053735, 0.0, 0.0, 0.0, 0.014628, 0.0, 0.0, 0.0]
[0.0, 0.0, 0.0, 0.0, 0.02728, 0.024817, 0.039115, 0.023275, 0.0, 0.026631, 0.0, 0.030029, 0.030029, 0.030029, 0.028686, 0.910787, 0.61196, 0.967956, 0.915157, 0.959922, 0.369346, 0.938852, 0.967956, 0.967956, 1.0, 0.967956, 0.967956, 0.967956, 0.515337, 0.007272, 0.011502, 0.00979, 0.011341, 0.014668, 0.009578, 0.007999, 0.007515, 0.006247, 0.006385, 0.010238, 0.006824, 0.006784, 0.011341, 0.014668, 0.027238, 0.005892, 0.034033, 0.022842, 0.068754, 0.0, 0.009219, 0.007829, 0.00761, 0.020837, 0.0, 0.0, 0.0, 0.0, 0.0, 0.0, 0.027356, 0.0, 0.011129, 0.021684, 0.01494, 0.014757, 0.022476, 0.011457, 0.0, 0.0, 0.0, 0.0, 0.0, 0.015155, 0.022393, 0.0, 0.020539, 0.0, 0.0, 0.0, 0.0, 0.0, 0.011678, 0.0, 0.0, 0.053877, 0.011723, 0.011723, 0.025257, 0.0, 0.0, 0.017351, 0.016425, 0.016425, 0.0, 0.893627, 0.96648, 0.927186, 0.961051, 0.94986, 0.961051, 0.93262, 0.961051, 0.81952, 0.961051, 0.961051, 0.961051, 0.431541, 0.0, 0.0, 0.0, 0.0, 0.0, 0.0, 0.0, 0.0, 0.0, 0.0, 0.0, 0.039657, 0.0, 0.0, 0.0, 0.0, 0.0, 0.0, 0.0, 0.0, 0.0, 0.0, 0.0, 0.0, 0.0, 0.0, 0.0072, 0.041983, 0.087982, 0.059072, 0.024139, 0.022476, 0.01499, 0.06914, 0.0, 0.0, 0.019551, 0.0, 0.0, 0.0, 0.015968, 0.0, 0.0, 0.0]
[0.0, 0.0, 0.0, 0.0, 0.024992, 0.037508, 0.059117, 0.035176, 0.0, 0.024397, 0.0, 0.027511, 0.027511, 0.027511, 0.02628, 0.940938, 0.564519, 1.0, 0.946715, 0.9917, 0.342312, 0.969932, 1.0, 1.0, 0.967956, 1.0, 1.0, 1.0, 0.506044, 0.013324, 0.021074, 0.017937, 0.02078, 0.026875, 0.017549, 0.014656, 0.013769, 0.011446, 0.011698, 0.018758, 0.012503, 0.01243, 0.02078, 0.026875, 0.048459, 0.010795, 0.060923, 0.034121, 0.088963, 0.0, 0.016892, 0.014344, 0.013943, 0.024263, 0.0, 0.0, 0.0, 0.0, 0.0, 0.0, 0.025062, 0.0, 0.010195, 0.019865, 0.013687, 0.01352, 0.020591, 0.010496, 0.0, 0.0, 0.0, 0.0, 0.0, 0.013884, 0.020515, 0.0, 0.018816, 0.0, 0.0, 0.0, 0.0, 0.0, 0.010698, 0.0, 0.0, 0.049358, 0.01074, 0.01074, 0.027031, 0.0, 0.0, 0.015896, 0.015047, 0.015047, 0.0, 0.918553, 0.933158, 0.944851, 0.987858, 0.976353, 0.987858, 0.958633, 0.987858, 0.843359, 0.987858, 0.987858, 0.987858, 0.443052, 0.0, 0.0, 0.0, 0.0, 0.0, 0.0, 0.0, 0.0, 0.0, 0.0, 0.0, 0.042442, 0.0, 0.0, 0.0, 0.0, 0.0, 0.0, 0.0, 0.0, 0.0, 0.0, 0.0, 0.0, 0.0, 0.0, 0.019788, 0.058946, 0.114463, 0.076851, 0.024863, 0.020591, 0.013732, 0.063341, 0.0, 0.0, 0.053735, 0.0, 0.0, 0.0, 0.014628, 0.0, 0.0, 0.0]
[0.0, 0.0, 0.0, 0.0, 0.024992, 0.037508, 0.059117, 0.035176, 0.0, 0.024397, 0.0, 0.027511, 0.027511, 0.027511, 0.02628, 0.940938, 0.564519, 1.0, 0.946715, 0.9917, 0.342312, 0.969932, 1.0, 1.0, 0.967956, 1.0, 1.0, 1.0, 0.506044, 0.013324, 0.021074, 0.017937, 0.02078, 0.026875, 0.017549, 0.014656, 0.013769, 0.011446, 0.011698, 0.018758, 0.012503, 0.01243, 0.02078, 0.026875, 0.048459, 0.010795, 0.060923, 0.034121, 0.088963, 0.0, 0.016892, 0.014344, 0.013943, 0.024263, 0.0, 0.0, 0.0, 0.0, 0.0, 0.0, 0.025062, 0.0, 0.010195, 0.019865, 0.013687, 0.01352, 0.020591, 0.010496, 0.0, 0.0, 0.0, 0.0, 0.0, 0.013884, 0.020515, 0.0, 0.018816, 0.0, 0.0, 0.0, 0.0, 0.0, 0.010698, 0.0, 0.0, 0.049358, 0.01074, 0.01074, 0.027031, 0.0, 0.0, 0.015896, 0.015047, 0.015047, 0.0, 0.918553, 0.933158, 0.944851, 0.987858, 0.976353, 0.987858, 0.958633, 0.987858, 0.843359, 0.987858, 0.987858, 0.987858, 0.443052, 0.0, 0.0, 0.0, 0.0, 0.0, 0.0, 0.0, 0.0, 0.0, 0.0, 0.0, 0.042442, 0.0, 0.0, 0.0, 0.0, 0.0, 0.0, 0.0, 0.0, 0.0, 0.0, 0.0, 0.0, 0.0, 0.0, 0.019788, 0.058946, 0.114463, 0.076851, 0.024863, 0.020591, 0.013732, 0.063341, 0.0, 0.0, 0.053735, 0.0, 0.0, 0.0, 0.014628, 0.0, 0.0, 0.0]
[0.0, 0.0, 0.0, 0.0, 0.024992, 0.037508, 0.059117, 0.035176, 0.0, 0.024397, 0.0, 0.027511, 0.027511, 0.027511, 0.02628, 0.940938, 0.564519, 1.0, 0.946715, 0.9917, 0.342312, 0.969932, 1.0, 1.0, 0.967956, 1.0, 1.0, 1.0, 0.506044, 0.013324, 0.021074, 0.017937, 0.02078, 0.026875, 0.017549, 0.014656, 0.013769, 0.011446, 0.011698, 0.018758, 0.012503, 0.01243, 0.02078, 0.026875, 0.048459, 0.010795, 0.060923, 0.034121, 0.088963, 0.0, 0.016892, 0.014344, 0.013943, 0.024263, 0.0, 0.0, 0.0, 0.0, 0.0, 0.0, 0.025062, 0.0, 0.010195, 0.019865, 0.013687, 0.01352, 0.020591, 0.010496, 0.0, 0.0, 0.0, 0.0, 0.0, 0.013884, 0.020515, 0.0, 0.018816, 0.0, 0.0, 0.0, 0.0, 0.0, 0.010698, 0.0, 0.0, 0.049358, 0.01074, 0.01074, 0.027031, 0.0, 0.0, 0.015896, 0.015047, 0.015047, 0.0, 0.918553, 0.933158, 0.944851, 0.987858, 0.976353, 0.987858, 0.958633, 0.987858, 0.843359, 0.987858, 0.987858, 0.987858, 0.443052, 0.0, 0.0, 0.0, 0.0, 0.0, 0.0, 0.0, 0.0, 0.0, 0.0, 0.0, 0.042442, 0.0, 0.0, 0.0, 0.0, 0.0, 0.0, 0.0, 0.0, 0.0, 0.0, 0.0, 0.0, 0.0, 0.0, 0.019788, 0.058946, 0.114463, 0.076851, 0.024863, 0.020591, 0.013732, 0.063341, 0.0, 0.0, 0.053735, 0.0, 0.0, 0.0, 0.014628, 0.0, 0.0, 0.0]
[0.0, 0.0, 0.0, 0.0, 0.01786, 0.016247, 0.025608, 0.015237, 0.0, 0.017434, 0.0, 0.019659, 0.019659, 0.019659, 0.01878, 0.476157, 0.309167, 0.506044, 0.48408, 0.501845, 0.211957, 0.490829, 0.506044, 0.506044, 0.515337, 0.506044, 0.506044, 0.506044, 1.0, 0.004761, 0.071795, 0.006409, 0.007425, 0.009603, 0.00627, 0.005236, 0.00492, 0.00409, 0.00418, 0.006702, 0.004467, 0.004441, 0.007425, 0.009603, 0.017832, 0.003857, 0.02228, 0.014954, 0.035696, 0.0, 0.057545, 0.005125, 0.004982, 0.126209, 0.0, 0.0, 0.0, 0.0, 0.0, 0.0, 0.017909, 0.0, 0.036873, 0.014196, 0.04644, 0.009661, 0.014714, 0.0, 0.0, 0.0, 0.04256, 0.0, 0.0, 0.009922, 0.01466, 0.0, 0.0, 0.0, 0.0, 0.0, 0.0, 0.0, 0.007645, 0.0, 0.0, 0.011916, 0.0, 0.0, 0.016535, 0.0, 0.0, 0.005452, 0.0, 0.0, 0.0, 0.464746, 0.495621, 0.475955, 0.499811, 0.49399, 0.499811, 0.485025, 0.499811, 0.42932, 0.499811, 0.499811, 0.499811, 0.420941, 0.0, 0.0, 0.0, 0.0, 0.0, 0.0, 0.0, 0.0, 0.0, 0.0, 0.0, 0.025962, 0.0, 0.025256, 0.0, 0.0, 0.0, 0.0, 0.0, 0.0, 0.0, 0.0, 0.0, 0.0, 0.0, 0.0, 0.004713, 0.015541, 0.041643, 0.02796, 0.015803, 0.014714, 0.009813, 0.015292, 0.0, 0.0, 0.0128, 0.0, 0.0, 0.0, 0.0, 0.0, 0.0, 0.0]
[0.019451, 0.022811, 0.04771, 0.0, 0.174083, 0.0, 0.0, 0.0, 0.0, 0.0, 0.0, 0.0, 0.0, 0.0, 0.0, 0.04894, 0.005704, 0.013324, 0.012746, 0.013213, 0.00579, 0.012923, 0.013324, 0.013324, 0.007272, 0.013324, 0.013324, 0.013324, 0.004761, 1.0, 0.388764, 0.330894, 0.383344, 0.495774, 0.32374, 0.270355, 0.21653, 0.211154, 0.16237, 0.346042, 0.230643, 0.229307, 0.383344, 0.495774, 0.154148, 0.199137, 0.096497, 0.105893, 0.076032, 0.073206, 0.311604, 0.264614, 0.257207, 0.064312, 0.007442, 0.040512, 0.007196, 0.0, 0.0, 0.007608, 0.007682, 0.007284, 0.007125, 0.0, 0.0, 0.0, 0.0, 0.0, 0.008287, 0.056449, 0.0, 0.009835, 0.012017, 0.009703, 0.0, 0.0, 0.0, 0.016577, 0.00535, 0.011578, 0.008259, 0.005903, 0.0, 0.007935, 0.007539, 0.0, 0.005864, 0.005864, 0.011434, 0.127199, 0.008903, 0.0, 0.0, 0.0, 0.003808, 0.011753, 0.006698, 0.006882, 0.012639, 0.048765, 0.012639, 0.012266, 0.012639, 0.015711, 0.012639, 0.012639, 0.012639, 0.004179, 0.0, 0.177213, 0.0, 0.0, 0.086101, 0.0, 0.0, 0.0, 0.0, 0.0, 0.0, 0.008976, 0.0, 0.0, 0.0, 0.083387, 0.0, 0.0, 0.0, 0.0, 0.0, 0.0, 0.104248, 0.0, 0.0, 0.093578, 0.005386, 0.008364, 0.041475, 0.027847, 0.091436, 0.0, 0.008857, 0.0, 0.0, 0.024351, 0.0, 0.009164, 0.0, 0.010473, 0.0, 0.0, 0.127871, 0.0]
[0.030765, 0.03608, 0.075462, 0.0, 0.0, 0.0, 0.0, 0.0, 0.0, 0.0, 0.0, 0.0, 0.0, 0.0, 0.0, 0.01983, 0.009022, 0.021074, 0.02016, 0.020899, 0.075082, 0.020441, 0.021074, 0.021074, 0.011502, 0.021074, 0.021074, 0.021074, 0.071795, 0.388764, 1.0, 0.523368, 0.606328, 0.784156, 0.512052, 0.427615, 0.342482, 0.333978, 0.256817, 0.547327, 0.364803, 0.466612, 0.606328, 0.784156, 0.243813, 0.31497, 0.152628, 0.167489, 0.120258, 0.115789, 0.801525, 0.418534, 0.40682, 0.10172, 0.01177, 0.0, 0.011382, 0.0, 0.0, 0.012033, 0.01215, 0.011521, 0.188569, 0.0, 0.219674, 0.0, 0.0, 0.0, 0.013107, 0.013116, 0.255035, 0.015556, 0.019007, 0.015347, 0.0, 0.0, 0.0, 0.02622, 0.008462, 0.018312, 0.013063, 0.009336, 0.0, 0.012551, 0.183582, 0.0, 0.009274, 0.009274, 0.018085, 0.010743, 0.014082, 0.0, 0.0, 0.0, 0.006022, 0.018589, 0.010594, 0.010885, 0.019992, 0.019759, 0.019992, 0.0194, 0.019992, 0.024849, 0.019992, 0.019992, 0.019992, 0.006609, 0.0, 0.0, 0.0, 0.0, 0.0, 0.0, 0.0, 0.0, 0.0, 0.0, 0.0, 0.014198, 0.0, 0.151342, 0.0, 0.0, 0.0, 0.0, 0.0, 0.0, 0.0, 0.0, 0.0, 0.0, 0.0, 0.0, 0.008519, 0.013229, 0.0656, 0.044044, 0.068515, 0.0, 0.014009, 0.0, 0.0, 0.038515, 0.0, 0.014495, 0.0, 0.016566, 0.0, 0.0, 0.0, 0.0]
[0.026186, 0.030709, 0.064229, 0.0, 0.0, 0.0, 0.0, 0.0, 0.0, 0.0, 0.0, 0.0, 0.0, 0.0, 0.0, 0.016878, 0.007679, 0.017937, 0.017159, 0.017788, 0.007795, 0.017398, 0.017937, 0.017937, 0.00979, 0.017937, 0.017937, 0.017937, 0.006409, 0.330894, 0.523368, 1.0, 0.516071, 0.667428, 0.435829, 0.363961, 0.291501, 0.284262, 0.218588, 0.465853, 0.3105, 0.308701, 0.516071, 0.667428, 0.20752, 0.268085, 0.129908, 0.190991, 0.102356, 0.098553, 0.419492, 0.356232, 0.346261, 0.086578, 0.010018, 0.0, 0.009688, 0.0, 0.09218, 0.010242, 0.010341, 0.009806, 0.009592, 0.0, 0.0, 0.0, 0.0, 0.0, 0.011156, 0.011164, 0.0, 0.01324, 0.016178, 0.013063, 0.0, 0.0, 0.0, 0.022317, 0.068668, 0.015586, 0.011118, 0.007946, 0.0, 0.101857, 0.096769, 0.0, 0.007894, 0.007894, 0.015393, 0.009144, 0.011985, 0.0, 0.0, 0.0, 0.005126, 0.015822, 0.085976, 0.009265, 0.017016, 0.016818, 0.017016, 0.016512, 0.017016, 0.02115, 0.017016, 0.017016, 0.017016, 0.005625, 0.0, 0.0, 0.0, 0.0, 0.0, 0.0, 0.0, 0.0, 0.0, 0.0, 0.0, 0.012084, 0.0, 0.0, 0.0, 0.0, 0.0, 0.0, 0.0, 0.0, 0.0, 0.0, 0.0, 0.0, 0.0, 0.0, 0.007251, 0.01126, 0.055835, 0.037488, 0.058316, 0.0, 0.011924, 0.0, 0.0, 0.032782, 0.0, 0.012337, 0.0, 0.0141, 0.0, 0.0, 0.0, 0.0]
[0.030336, 0.035577, 0.07441, 0.0, 0.0, 0.0, 0.0, 0.0, 0.0, 0.0, 0.0, 0.0, 0.0, 0.0, 0.0, 0.019553, 0.008897, 0.02078, 0.019879, 0.020608, 0.009031, 0.020156, 0.02078, 0.02078, 0.011341, 0.02078, 0.02078, 0.02078, 0.007425, 0.383344, 0.606328, 0.516071, 1.0, 0.773224, 0.504914, 0.421654, 0.337707, 0.329322, 0.253236, 0.539696, 0.359718, 0.357634, 0.597875, 0.773224, 0.240414, 0.310579, 0.1505, 0.165154, 0.118581, 0.114175, 0.485987, 0.412699, 0.401148, 0.100302, 0.011606, 0.0, 0.011223, 0.0, 0.0, 0.011866, 0.011981, 0.01136, 0.011112, 0.0, 0.0, 0.0, 0.0, 0.0, 0.012925, 0.012933, 0.0, 0.015339, 0.018742, 0.270821, 0.0, 0.0, 0.0, 0.025854, 0.008344, 0.018057, 0.012881, 0.009206, 0.0, 0.012376, 0.011758, 0.0, 0.009145, 0.009145, 0.017833, 0.010593, 0.013885, 0.0, 0.0, 0.0, 0.005938, 0.01833, 0.010446, 0.010734, 0.019713, 0.019483, 0.019713, 0.01913, 0.019713, 0.024503, 0.019713, 0.019713, 0.019713, 0.006517, 0.0, 0.0, 0.0, 0.0, 0.0, 0.0, 0.0, 0.0, 0.0, 0.0, 0.0, 0.014, 0.0, 0.0, 0.0, 0.0, 0.0, 0.0, 0.0, 0.0, 0.0, 0.0, 0.0, 0.0, 0.0, 0.0, 0.008401, 0.013045, 0.064686, 0.04343, 0.067559, 0.0, 0.013814, 0.0, 0.0, 0.037978, 0.0, 0.014293, 0.0, 0.016335, 0.0, 0.0, 0.0, 0.0]
[0.039234, 0.046011, 0.096234, 0.0, 0.0, 0.0, 0.0, 0.0, 0.0, 0.0, 0.0, 0.0, 0.0, 0.0, 0.0, 0.025288, 0.011506, 0.026875, 0.025709, 0.026652, 0.01168, 0.026067, 0.026875, 0.026875, 0.014668, 0.026875, 0.026875, 0.026875, 0.009603, 0.495774, 0.784156, 0.667428, 0.773224, 1.0, 0.652998, 0.545319, 0.436752, 0.425907, 0.327507, 0.697982, 0.465218, 0.462523, 0.773224, 1.0, 0.310925, 0.401668, 0.19464, 0.213592, 0.153359, 0.14766, 0.628521, 0.533738, 0.518799, 0.129719, 0.01501, 0.0, 0.014515, 0.0, 0.0, 0.015346, 0.015494, 0.014692, 0.014372, 0.0, 0.0, 0.0, 0.0, 0.0, 0.016715, 0.016726, 0.0, 0.019838, 0.024239, 0.019571, 0.0, 0.0, 0.0, 0.033437, 0.010791, 0.023353, 0.016658, 0.011906, 0.0, 0.016006, 0.015206, 0.0, 0.011827, 0.011827, 0.023063, 0.0137, 0.017958, 0.0, 0.0, 0.0, 0.00768, 0.023706, 0.01351, 0.013882, 0.025494, 0.025197, 0.025494, 0.02474, 0.025494, 0.031689, 0.025494, 0.025494, 0.025494, 0.008428, 0.0, 0.0, 0.0, 0.0, 0.0, 0.0, 0.0, 0.0, 0.0, 0.0, 0.0, 0.018106, 0.0, 0.0, 0.0, 0.0, 0.0, 0.0, 0.0, 0.0, 0.0, 0.0, 0.0, 0.0, 0.0, 0.0, 0.010864, 0.01687, 0.083657, 0.056168, 0.087374, 0.0, 0.017865, 0.0, 0.0, 0.049116, 0.0, 0.018484, 0.0, 0.021125, 0.0, 0.0, 0.0, 0.0]
[0.025619, 0.030045, 0.06284, 0.0, 0.0, 0.0, 0.0, 0.0, 0.0, 0.0, 0.0, 0.0, 0.0, 0.0, 0.0, 0.016513, 0.007513, 0.017549, 0.016788, 0.017404, 0.007627, 0.017022, 0.017549, 0.017549, 0.009578, 0.017549, 0.017549, 0.017549, 0.00627, 0.32374, 0.512052, 0.435829, 0.504914, 0.652998, 1.0, 0.356092, 0.285198, 0.278117, 0.213862, 0.455781, 0.303786, 0.302026, 0.504914, 0.652998, 0.203033, 0.262289, 0.1271, 0.139475, 0.100143, 0.096422, 0.410423, 0.34853, 0.338775, 0.084707, 0.009802, 0.0, 0.009478, 0.0, 0.0, 0.010021, 0.010118, 0.009594, 0.009385, 0.0, 0.0, 0.0, 0.0, 0.0, 0.010915, 0.010922, 0.0, 0.231826, 0.015828, 0.01278, 0.0, 0.0, 0.0, 0.021834, 0.007046, 0.01525, 0.010878, 0.007775, 0.0, 0.010452, 0.00993, 0.0, 0.007723, 0.007723, 0.01506, 0.008946, 0.209854, 0.0, 0.0, 0.0, 0.005015, 0.01548, 0.008822, 0.009065, 0.016648, 0.016454, 0.016648, 0.016155, 0.016648, 0.020693, 0.016648, 0.016648, 0.016648, 0.005504, 0.0, 0.0, 0.0, 0.0, 0.0, 0.0, 0.0, 0.0, 0.0, 0.0, 0.0, 0.011823, 0.0, 0.0, 0.0, 0.0, 0.0, 0.0, 0.0, 0.0, 0.0, 0.0, 0.0, 0.0, 0.0, 0.0, 0.007094, 0.011016, 0.054628, 0.036677, 0.057055, 0.0, 0.011666, 0.0, 0.0, 0.032073, 0.0, 0.01207, 0.0, 0.013795, 0.0, 0.0, 0.0, 0.0]
[0.021395, 0.025091, 0.052478, 0.0, 0.0, 0.0, 0.0, 0.0, 0.0, 0.0, 0.0, 0.0, 0.0, 0.0, 0.0, 0.01379, 0.006274, 0.014656, 0.014019, 0.014534, 0.006369, 0.014215, 0.014656, 0.014656, 0.007999, 0.014656, 0.014656, 0.014656, 0.005236, 0.270355, 0.427615, 0.363961, 0.421654, 0.545319, 0.356092, 1.0, 0.238169, 0.232255, 0.178596, 0.380623, 0.253692, 0.252222, 0.421654, 0.545319, 0.169553, 0.219037, 0.106141, 0.116476, 0.08363, 0.080522, 0.342744, 0.291057, 0.282911, 0.070738, 0.008185, 0.0, 0.007915, 0.169755, 0.0, 0.008368, 0.008449, 0.008012, 0.007837, 0.0, 0.0, 0.0, 0.0, 0.0, 0.009115, 0.009121, 0.0, 0.010818, 0.013218, 0.010673, 0.0, 0.0, 0.0, 0.018234, 0.005884, 0.012735, 0.009084, 0.006493, 0.0, 0.008728, 0.008292, 0.0, 0.00645, 0.00645, 0.012577, 0.007471, 0.009793, 0.0, 0.0, 0.0, 0.004188, 0.012927, 0.007367, 0.00757, 0.013903, 0.013741, 0.013903, 0.013491, 0.013903, 0.017281, 0.013903, 0.013903, 0.013903, 0.004596, 0.0, 0.0, 0.0, 0.0, 0.0, 0.0, 0.0, 0.174009, 0.0, 0.0, 0.0, 0.009873, 0.0, 0.0, 0.0, 0.0, 0.0, 0.0, 0.0, 0.0, 0.0, 0.0, 0.0, 0.0, 0.0, 0.0, 0.005925, 0.0092, 0.04562, 0.030629, 0.047647, 0.0, 0.009742, 0.0, 0.0, 0.026784, 0.0, 0.01008, 0.0, 0.01152, 0.0, 0.0, 0.0, 0.0]
