[1, 0.4500239120038259, 0.44380679100908654, 0.19368723098995697, 0.20420851267336204, 0.2257293161166906, 0.24294595887135342, 0.19368723098995697, 0.13916786226685796, 0.2348158775705404, 0.23146819703491153, 0.23768531802965087, 0.24772835963653755, 0.2190339550454328, 0.24629363940698232, 0.1726446676231468, 0.19655667144906744, 0.17838354854136776, 0.19703491152558583, 0.18173122907699665, 0.19273075083692012, 0.18125298900047823, 0.16642754662840745, 0.1640363462458154, 0.23385939741750358, 0.18029650884744142, 0.19368723098995697, 0.18029650884744142, 0.2309899569583931, 0.24868483978957437, 0.23385939741750358, 0.26255380200860834, 0.2812051649928264, 0.234337637494022, 0.2773792443806791, 0.26064084170253465, 0.2730750836920134, 0.2936394069823051, 0.2797704447632712, 0.20707795313247251, 0.266857962697274, 0.23242467718794835, 0.25203252032520324, 0.23529411764705882, 0.19703491152558583, 0.2702056432329029, 0.266857962697274, 0.23959827833572453, 0.258727881396461, 0.18125298900047823, 0.250597800095648, 0.22859875657580106, 0.2620755619320899, 0.2812051649928264, 0.22094691535150646, 0.20564323290291728, 0.28263988522238165, 0.2783357245337159, 0.30750836920133906, 0.19655667144906744, 0.3003347680535629, 0.2615973218555715, 0.26446676231468197, 0.23529411764705882, 0.24772835963653755, 0.22142515542802488, 0.2109038737446198, 0.18603538976566236, 0.2381635581061693, 0.22285987565758011, 0.20612147297943567, 0.2702056432329029, 0.24342419894787184, 0.2735533237685318, 0.2419894787183166, 0.20181731229076996, 0.19273075083692012, 0.2950741272118603, 0.2716403634624582, 0.24294595887135342, 0.26255380200860834, 0.1836441893830703, 0.26446676231468197, 0.26255380200860834, 0.26064084170253465, 0.2266857962697274, 0.23672883787661406, 0.23672883787661406, 0.22812051649928264, 0.2615973218555715, 0.2415112386417982, 0.1568627450980392, 0.19799139167862267, 0.2845528455284553, 0.250597800095648, 0.1492109038737446, 0.2348158775705404, 0.2065997130559541, 0.18986131037780965, 0.1999043519846963, 0.1563845050215208, 0.17694882831181252, 0.23338115734098516, 0.1683405069344811, 0.21807747489239598, 0.1683405069344811, 0.15208034433285508, 0.22429459588713535, 0.19607843137254902, 0.28311812529890007, 0.30272596843615496, 0.30272596843615496, 0.2883787661406026, 0.20038259206121473, 0.21281683405069346, 0.23864179818268771, 0.26924916307986607, 0.19703491152558583, 0.20564323290291728, 0.24390243902439024, 0.23529411764705882, 0.2812051649928264, 0.2233381157340985, 0.22716403634624582, 0.1884265901482544, 0.21951219512195122, 0.2902917264466762, 0.1908177905308465, 0.23385939741750358, 0.2415112386417982, 0.23864179818268771, 0.20229555236728838, 0.21759923481587756, 0.23529411764705882, 0.2845528455284553, 0.24629363940698232, 0.20420851267336204, 0.24629363940698232, 0.250597800095648, 0.2109038737446198, 0.2501195600191296, 0.2300334768053563, 0.18220946915351507, 0.4533715925394548, 0.28311812529890007, 0.26064084170253465, 0.22381635581061693, 0.24007651841224295, 0.22429459588713535, 0.22525107604017217, 0.2926829268292683, 0.2769010043041607]
[0.4500239120038259, 1, 0.6646310432569974, 0.17913486005089058, 0.17659033078880407, 0.19033078880407125, 0.17048346055979643, 0.17099236641221374, 0.09720101781170483, 0.21374045801526717, 0.2152671755725191, 0.2020356234096692, 0.2020356234096692, 0.17048346055979643, 0.2173027989821883, 0.1480916030534351, 0.1430025445292621, 0.1669211195928753, 0.1267175572519084, 0.15216284987277354, 0.19185750636132315, 0.19185750636132315, 0.15826972010178117, 0.17150127226463105, 0.17506361323155217, 0.13944020356234096, 0.19185750636132315, 0.13944020356234096, 0.19745547073791347, 0.18625954198473282, 0.1852417302798982, 0.22086513994910942, 0.19083969465648856, 0.22137404580152673, 0.19185750636132315, 0.19541984732824427, 0.22697201017811705, 0.22544529262086513, 0.20763358778625954, 0.1638676844783715, 0.2010178117048346, 0.18982188295165395, 0.15165394402035623, 0.183206106870229, 0.18625954198473282, 0.2783715012722646, 0.2178117048346056, 0.1623409669211196, 0.19083969465648856, 0.1460559796437659, 0.22290076335877862, 0.20458015267175572, 0.20763358778625954, 0.24020356234096693, 0.19541984732824427, 0.1628498727735369, 0.1821882951653944, 0.2539440203562341, 0.1989821882951654, 0.1969465648854962, 0.20661577608142492, 0.20305343511450383, 0.2508905852417303, 0.19745547073791347, 0.18167938931297709, 0.1806615776081425, 0.17557251908396945, 0.15368956743002546, 0.1984732824427481, 0.1969465648854962, 0.183206106870229, 0.18829516539440203, 0.1597964376590331, 0.22595419847328244, 0.22391857506361323, 0.1826972010178117, 0.19033078880407125, 0.23256997455470738, 0.24173027989821882, 0.2035623409669211, 0.18880407124681933, 0.15419847328244274, 0.20916030534351146, 0.238676844783715, 0.26513994910941474, 0.1989821882951654, 0.22086513994910942, 0.22086513994910942, 0.1801526717557252, 0.24732824427480915, 0.22340966921119593, 0.17608142493638676, 0.20814249363867685, 0.26208651399491095, 0.20559796437659034, 0.1440203562340967, 0.2223918575063613, 0.13333333333333333, 0.17506361323155217, 0.16539440203562342, 0.1486005089058524, 0.1440203562340967, 0.17251908396946564, 0.19134860050890584, 0.2198473282442748, 0.18625954198473282, 0.14249363867684478, 0.2198473282442748, 0.22188295165394403, 0.2157760814249364, 0.2916030534351145, 0.2916030534351145, 0.25750636132315524, 0.2498727735368957, 0.20508905852417303, 0.22798982188295167, 0.24631043256997456, 0.21221374045801528, 0.24376590330788805, 0.24631043256997456, 0.22442748091603054, 0.26666666666666666, 0.24885496183206107, 0.17353689567430025, 0.2157760814249364, 0.24223918575063613, 0.238676844783715, 0.23460559796437658, 0.22188295165394403, 0.20966921119592874, 0.2005089058524173, 0.22137404580152673, 0.25190839694656486, 0.18575063613231552, 0.2783715012722646, 0.1984732824427481, 0.15114503816793892, 0.2539440203562341, 0.19338422391857507, 0.17557251908396945, 0.1989821882951654, 0.19185750636132315, 0.19338422391857507, 0.5414758269720101, 0.23969465648854962, 0.20559796437659034, 0.24274809160305344, 0.15470737913486005, 0.24325699745547075, 0.24529262086513995, 0.30330788804071246, 0.23002544529262087]
[0.44380679100908654, 0.6646310432569974, 1, 0.1652435961828227, 0.16675037669512807, 0.197388247112004, 0.1617277749874435, 0.17780010045203415, 0.08789552988448016, 0.21346057257659468, 0.22350577599196383, 0.20994475138121546, 0.19588146659969866, 0.18583626318432947, 0.21346057257659468, 0.14565544952285284, 0.13309894525364138, 0.15268709191361124, 0.12556504269211452, 0.14816675037669513, 0.1833249623304872, 0.1652435961828227, 0.15168257157207435, 0.1737820190858865, 0.16976393771973883, 0.14465092918131592, 0.1953792064289302, 0.14465092918131592, 0.18884982420894023, 0.16273229532898043, 0.1833249623304872, 0.20793571069814162, 0.1878453038674033, 0.2265193370165746, 0.18834756403817177, 0.1953792064289302, 0.2240080361627323, 0.2265193370165746, 0.2179809141135108, 0.18282270215971874, 0.21145153189352084, 0.18382722250125566, 0.1461577096936213, 0.1757910597689603, 0.19889502762430938, 0.26569563033651433, 0.20994475138121546, 0.15268709191361124, 0.1757910597689603, 0.14766449020592667, 0.2250125565042692, 0.21295831240582622, 0.21496735308890005, 0.22300351582119537, 0.19939728779507784, 0.155700652938222, 0.19487694625816174, 0.24510296333500753, 0.19638372677046712, 0.20291310899045706, 0.21346057257659468, 0.2179809141135108, 0.23304871923656453, 0.20190858864892014, 0.19939728779507784, 0.17980914113510799, 0.18734304369663485, 0.14163736815670516, 0.19638372677046712, 0.19588146659969866, 0.17277749874434958, 0.18432948267202412, 0.16725263686589653, 0.23053741838272224, 0.2275238573581115, 0.20140632847815168, 0.1953792064289302, 0.23405323957810145, 0.22601707684580613, 0.20793571069814162, 0.19638372677046712, 0.15620291310899045, 0.19889502762430938, 0.24058262179809142, 0.2732295328980412, 0.20190858864892014, 0.20441988950276244, 0.20441988950276244, 0.17428427925665493, 0.2415871421396283, 0.20291310899045706, 0.18282270215971874, 0.197388247112004, 0.2692114515318935, 0.19387242591662482, 0.13962832747363135, 0.20994475138121546, 0.12908086388749374, 0.1737820190858865, 0.14515318935208438, 0.13862380713209443, 0.14314414866901054, 0.16976393771973883, 0.17177297840281266, 0.21044701155198392, 0.17528879959819185, 0.13309894525364138, 0.23204419889502761, 0.2119537920642893, 0.22250125565042692, 0.292817679558011, 0.292817679558011, 0.2491210447011552, 0.24359618282270215, 0.18985434455047714, 0.22953289804118535, 0.25213460572576596, 0.2144650929181316, 0.23556002009040683, 0.22049221496735308, 0.2169763937719739, 0.2491210447011552, 0.23807132094424913, 0.1617277749874435, 0.20441988950276244, 0.23907584128578604, 0.22702159718734305, 0.22350577599196383, 0.19437468608739328, 0.2119537920642893, 0.20341536916122552, 0.21145153189352084, 0.24962330487192366, 0.1833249623304872, 0.2882973380210949, 0.18583626318432947, 0.15971873430436967, 0.24460070316423907, 0.17428427925665493, 0.18734304369663485, 0.19136112506278252, 0.18935208437970869, 0.197388247112004, 0.5298844801607232, 0.2290306378704169, 0.20542440984429935, 0.22049221496735308, 0.15871421396283275, 0.2430939226519337, 0.2501255650426921, 0.2827724761426419, 0.23304871923656453]
[0.19368723098995697, 0.17913486005089058, 0.1652435961828227, 1, 0.1689983212087297, 0.1505316172355904, 0.1438164521544488, 0.16452154448796866, 0.10240626748740907, 0.18858421936205932, 0.18522663682148852, 0.2311135982092893, 0.15500839395635144, 0.1897034135422496, 0.22048125349748182, 0.09289311695579183, 0.09904868494683827, 0.12926692781197538, 0.13933967543368775, 0.1387800783435926, 0.1208729714605484, 0.1029658645775042, 0.11807498601007274, 0.1454952434247342, 0.14493564633463907, 0.08058198097369894, 0.1208729714605484, 0.08058198097369894, 0.13262451035254616, 0.16620033575825405, 0.14325685506435368, 0.15500839395635144, 0.161723559037493, 0.14717403469501958, 0.14997202014549524, 0.11695579182988249, 0.1371012870733072, 0.17739227756015669, 0.15388919977616117, 0.17515388919977617, 0.1578063794068271, 0.14269725797425853, 0.14437604924454392, 0.17347509792949076, 0.13766088416340236, 0.1454952434247342, 0.13989927252378287, 0.1505316172355904, 0.14885282596530497, 0.14661443760492446, 0.1684387241186346, 0.1919418019026301, 0.1527700055959709, 0.17179630665920537, 0.23559037493005036, 0.14437604924454392, 0.17907106883044208, 0.15500839395635144, 0.16620033575825405, 0.17291550083939564, 0.17179630665920537, 0.17627308337996642, 0.1225517627308338, 0.1740346950195859, 0.16731952993844432, 0.17627308337996642, 0.1505316172355904, 0.19529938444320089, 0.2059317291550084, 0.16060436485730273, 0.14157806379406826, 0.16620033575825405, 0.1919418019026301, 0.161723559037493, 0.14157806379406826, 0.1371012870733072, 0.1740346950195859, 0.18074986010072747, 0.14717403469501958, 0.1634023503077784, 0.14885282596530497, 0.18690542809177393, 0.17011751538891998, 0.14493564633463907, 0.16284275321768327, 0.1757134862898713, 0.18354784555120313, 0.18354784555120313, 0.19641857862339115, 0.15556799104644656, 0.15332960268606602, 0.1460548405148293, 0.1594851706771125, 0.16955791829882486, 0.14829322887520985, 0.161723559037493, 0.12199216564073867, 0.09904868494683827, 0.14661443760492446, 0.10912143256855064, 0.15332960268606602, 0.12702853945159484, 0.11863458310016788, 0.1510912143256855, 0.11863458310016788, 0.11303861219921657, 0.12367095691102406, 0.13262451035254616, 0.17963066592053722, 0.12646894236149972, 0.1460548405148293, 0.1460548405148293, 0.15500839395635144, 0.16452154448796866, 0.18634583100167879, 0.17235590374930052, 0.1740346950195859, 0.15612758813654168, 0.15221040850587578, 0.18186905428091774, 0.16564073866815893, 0.1421376608841634, 0.17347509792949076, 0.1225517627308338, 0.18130945719082261, 0.15165081141578063, 0.1259093452714046, 0.1578063794068271, 0.14325685506435368, 0.1527700055959709, 0.17011751538891998, 0.16564073866815893, 0.16452154448796866, 0.14325685506435368, 0.16955791829882486, 0.18634583100167879, 0.14437604924454392, 0.14437604924454392, 0.18186905428091774, 0.1505316172355904, 0.13822048125349748, 0.20705092333519864, 0.19641857862339115, 0.1740346950195859, 0.2562954672635702, 0.19977616116396194, 0.19138220481253498, 0.19026301063234471, 0.16731952993844432, 0.1689983212087297, 0.16787912702853947, 0.14325685506435368]
[0.20420851267336204, 0.17659033078880407, 0.16675037669512807, 0.1689983212087297, 1, 0.3248407643312102, 0.5286624203821656, 0.3203821656050955, 0.19235668789808918, 0.45031847133757963, 0.45031847133757963, 0.354140127388535, 0.332484076433121, 0.24331210191082803, 0.3700636942675159, 0.45095541401273886, 0.35987261146496813, 0.23248407643312102, 0.22101910828025478, 0.24777070063694268, 0.18662420382165604, 0.35159235668789807, 0.21847133757961784, 0.20636942675159237, 0.30828025477707005, 0.3445859872611465, 0.2821656050955414, 0.3445859872611465, 0.28853503184713375, 0.42929936305732486, 0.23630573248407644, 0.3834394904458599, 0.29426751592356687, 0.24713375796178344, 0.36560509554140125, 0.343312101910828, 0.37133757961783437, 0.3866242038216561, 0.28152866242038216, 0.1961783439490446, 0.3363057324840764, 0.19936305732484078, 0.2318471337579618, 0.24012738853503185, 0.25987261146496815, 0.3356687898089172, 0.29554140127388534, 0.3668789808917197, 0.30127388535031846, 0.1840764331210191, 0.3070063694267516, 0.2375796178343949, 0.3414012738853503, 0.31210191082802546, 0.24203821656050956, 0.24904458598726115, 0.2961783439490446, 0.27961783439490445, 0.3305732484076433, 0.17770700636942674, 0.25796178343949044, 0.3292993630573248, 0.31528662420382164, 0.24522292993630573, 0.23630573248407644, 0.26369426751592356, 0.21337579617834396, 0.17770700636942674, 0.2159235668789809, 0.24585987261146497, 0.21656050955414013, 0.256687898089172, 0.22547770700636943, 0.32292993630573247, 0.2694267515923567, 0.23821656050955414, 0.23057324840764332, 0.26178343949044586, 0.36942675159235666, 0.21082802547770702, 0.2267515923566879, 0.19044585987261148, 0.31910828025477705, 0.3267515923566879, 0.2878980891719745, 0.20828025477707007, 0.24585987261146497, 0.24585987261146497, 0.24331210191082803, 0.34203821656050953, 0.29745222929936305, 0.18853503184713377, 0.2318471337579618, 0.38280254777070066, 0.24394904458598726, 0.14585987261146496, 0.42038216560509556, 0.32101910828025476, 0.2286624203821656, 0.3866242038216561, 0.2159235668789809, 0.19490445859872613, 0.22229299363057325, 0.21146496815286625, 0.2764331210191083, 0.332484076433121, 0.1662420382165605, 0.29363057324840763, 0.19235668789808918, 0.34076433121019106, 0.3382165605095541, 0.3382165605095541, 0.3522292993630573, 0.2089171974522293, 0.18535031847133757, 0.2878980891719745, 0.33375796178343947, 0.18726114649681527, 0.20382165605095542, 0.25796178343949044, 0.2535031847133758, 0.4318471337579618, 0.23821656050955414, 0.2605095541401274, 0.20764331210191084, 0.23630573248407644, 0.3070063694267516, 0.23057324840764332, 0.2770700636942675, 0.26305732484076433, 0.3178343949044586, 0.2445859872611465, 0.2356687898089172, 0.3159235668789809, 0.28152866242038216, 0.26305732484076433, 0.1980891719745223, 0.3777070063694268, 0.28471337579617834, 0.21337579617834396, 0.28662420382165604, 0.2624203821656051, 0.16496815286624203, 0.2968152866242038, 0.28662420382165604, 0.2375796178343949, 0.2031847133757962, 0.20445859872611466, 0.23248407643312102, 0.2356687898089172, 0.343312101910828, 0.29235668789808916]
[0.2257293161166906, 0.19033078880407125, 0.197388247112004, 0.1505316172355904, 0.3248407643312102, 1, 0.28173374613003094, 0.3065015479876161, 0.13415892672858618, 0.3075335397316821, 0.239422084623323, 0.2590299277605779, 0.28792569659442724, 0.24148606811145512, 0.29205366357069146, 0.15892672858617132, 0.19607843137254902, 0.2002063983488132, 0.18163054695562436, 0.18059855521155832, 0.23426212590299278, 0.18163054695562436, 0.1826625386996904, 0.20123839009287925, 0.2301341589267286, 0.17337461300309598, 0.20639834881320948, 0.17337461300309598, 0.21155830753353974, 0.23735810113519093, 0.23219814241486067, 0.26006191950464397, 0.21878224974200206, 0.18369453044375644, 0.2590299277605779, 0.28173374613003094, 0.2848297213622291, 0.2518059855521156, 0.26212590299277605, 0.17337461300309598, 0.23839009287925697, 0.23839009287925697, 0.2435500515995872, 0.1785345717234262, 0.20639834881320948, 0.23632610939112486, 0.2476780185758514, 0.23219814241486067, 0.24664602683178535, 0.15583075335397317, 0.20330237358101136, 0.21362229102167182, 0.27347781217750256, 0.27966976264189886, 0.22084623323013416, 0.21362229102167182, 0.2693498452012384, 0.2579979360165119, 0.25077399380804954, 0.19195046439628483, 0.21671826625386997, 0.24664602683178535, 0.26625386996904027, 0.23632610939112486, 0.22394220846233232, 0.23323013415892674, 0.18782249742002063, 0.17027863777089783, 0.2218782249742002, 0.2755417956656347, 0.23323013415892674, 0.2002063983488132, 0.18782249742002063, 0.23529411764705882, 0.23632610939112486, 0.15892672858617132, 0.2590299277605779, 0.27038183694530443, 0.239422084623323, 0.20330237358101136, 0.21671826625386997, 0.19091847265221878, 0.21671826625386997, 0.22807017543859648, 0.21259029927760578, 0.19607843137254902, 0.23632610939112486, 0.23632610939112486, 0.20330237358101136, 0.2260061919504644, 0.22291021671826625, 0.16821465428276575, 0.23632610939112486, 0.28173374613003094, 0.2518059855521156, 0.1568627450980392, 0.20123839009287925, 0.17750257997936017, 0.1785345717234262, 0.17027863777089783, 0.17956656346749225, 0.16202270381836945, 0.20639834881320948, 0.17234262125902994, 0.20123839009287925, 0.19711042311661506, 0.13725490196078433, 0.2002063983488132, 0.1826625386996904, 0.20123839009287925, 0.2549019607843137, 0.2549019607843137, 0.24871001031991744, 0.19298245614035087, 0.16821465428276575, 0.21465428276573786, 0.23426212590299278, 0.19401444788441694, 0.18885448916408668, 0.21671826625386997, 0.21878224974200206, 0.21671826625386997, 0.22394220846233232, 0.21981424148606812, 0.18988648090815274, 0.21775025799793601, 0.24251805985552116, 0.23529411764705882, 0.21568627450980393, 0.24974200206398348, 0.2528379772961816, 0.20536635706914344, 0.23116615067079463, 0.20536635706914344, 0.2260061919504644, 0.23219814241486067, 0.22807017543859648, 0.2982456140350877, 0.20536635706914344, 0.18782249742002063, 0.239422084623323, 0.23735810113519093, 0.1867905056759546, 0.24251805985552116, 0.25386996904024767, 0.23116615067079463, 0.21775025799793601, 0.18369453044375644, 0.22291021671826625, 0.2218782249742002, 0.2218782249742002, 0.24458204334365324]
[0.24294595887135342, 0.17048346055979643, 0.1617277749874435, 0.1438164521544488, 0.5286624203821656, 0.28173374613003094, 1, 0.27877237851662406, 0.1694373401534527, 0.4194373401534527, 0.4367007672634271, 0.36508951406649615, 0.31202046035805625, 0.25767263427109977, 0.38938618925831203, 0.31074168797953966, 0.4079283887468031, 0.21547314578005114, 0.20971867007672634, 0.24040920716112532, 0.17199488491048592, 0.2985933503836317, 0.2020460358056266, 0.19820971867007672, 0.32225063938618925, 0.34846547314578, 0.29411764705882354, 0.34846547314578, 0.29539641943734013, 0.29731457800511507, 0.23529411764705882, 0.32608695652173914, 0.3145780051150895, 0.24808184143222506, 0.37531969309462915, 0.3375959079283887, 0.3778772378516624, 0.3337595907928389, 0.26278772378516624, 0.19884910485933505, 0.34335038363171355, 0.21099744245524296, 0.2557544757033248, 0.19948849104859334, 0.2666240409207161, 0.3446291560102302, 0.2774936061381074, 0.31202046035805625, 0.2883631713554987, 0.1918158567774936, 0.31521739130434784, 0.24232736572890026, 0.3510230179028133, 0.31138107416879796, 0.2078005115089514, 0.22826086956521738, 0.3459079283887468, 0.28964194373401536, 0.30562659846547313, 0.17774936061381075, 0.2679028132992327, 0.33312020460358055, 0.319693094629156, 0.239769820971867, 0.2340153452685422, 0.2755754475703325, 0.22122762148337596, 0.16112531969309463, 0.22570332480818414, 0.22442455242966752, 0.20588235294117646, 0.319693094629156, 0.23657289002557544, 0.3280051150895141, 0.26854219948849106, 0.2563938618925831, 0.2391304347826087, 0.28388746803069054, 0.3554987212276215, 0.19373401534526855, 0.21099744245524296, 0.19437340153452684, 0.30562659846547313, 0.32289002557544755, 0.309462915601023, 0.22826086956521738, 0.2653452685421995, 0.2653452685421995, 0.23721227621483376, 0.34398976982097185, 0.3069053708439898, 0.14769820971867006, 0.21739130434782608, 0.3868286445012788, 0.25767263427109977, 0.1374680306905371, 0.3670076726342711, 0.3797953964194373, 0.22953964194373402, 0.31521739130434784, 0.2026854219948849, 0.20140664961636828, 0.2448849104859335, 0.1796675191815857, 0.2928388746803069, 0.3670076726342711, 0.18925831202046037, 0.30562659846547313, 0.1656010230179028, 0.27877237851662406, 0.358695652173913, 0.358695652173913, 0.3203324808184143, 0.19501278772378516, 0.17838874680306904, 0.26342710997442453, 0.34398976982097185, 0.17647058823529413, 0.18542199488491048, 0.22826086956521738, 0.22826086956521738, 0.4578005115089514, 0.20907928388746802, 0.24616368286445012, 0.1956521739130435, 0.2442455242966752, 0.30562659846547313, 0.21419437340153452, 0.2557544757033248, 0.25, 0.2595907928388747, 0.21419437340153452, 0.21227621483375958, 0.2679028132992327, 0.27941176470588236, 0.2563938618925831, 0.21163682864450128, 0.3976982097186701, 0.2774936061381074, 0.22122762148337596, 0.2826086956521739, 0.24296675191815856, 0.16624040920716113, 0.2774936061381074, 0.30179028132992325, 0.25831202046035806, 0.20652173913043478, 0.20076726342711, 0.20140664961636828, 0.2237851662404092, 0.358695652173913, 0.2921994884910486]
[0.19368723098995697, 0.17099236641221374, 0.17780010045203415, 0.16452154448796866, 0.3203821656050955, 0.3065015479876161, 0.27877237851662406, 1, 0.1516300227445034, 0.2926459438968916, 0.2585291887793783, 0.2259287338893101, 0.2789992418498863, 0.22441243366186506, 0.266868840030326, 0.18726307808946172, 0.19332827899924185, 0.18271417740712662, 0.17664897649734648, 0.18802122820318423, 0.18119787717968158, 0.1956027293404094, 0.1819560272934041, 0.1645185746777862, 0.2221379833206975, 0.20849128127369218, 0.2137983320697498, 0.20849128127369218, 0.21076573161485973, 0.2266868840030326, 0.23730098559514784, 0.2137983320697498, 0.22289613343442002, 0.19787717968157695, 0.25473843821076575, 0.22517058377558757, 0.22517058377558757, 0.244882486732373, 0.3055344958301744, 0.1683093252463988, 0.2441243366186505, 0.20621683093252463, 0.21304018195602728, 0.18043972706595907, 0.19711902956785443, 0.24639878695981804, 0.23426838514025777, 0.2562547384382108, 0.2494313874147081, 0.18043972706595907, 0.21986353297952996, 0.2304776345716452, 0.2395754359363154, 0.244882486732373, 0.23881728582259287, 0.20394238059135708, 0.24791508718726307, 0.24791508718726307, 0.2562547384382108, 0.18574677786201668, 0.21986353297952996, 0.25094768764215314, 0.2676269901440485, 0.21076573161485973, 0.22062168309325247, 0.23730098559514784, 0.20621683093252463, 0.16224412433661864, 0.19863532979529946, 0.21228203184230476, 0.19408642911296436, 0.19332827899924185, 0.21228203184230476, 0.24109173616376042, 0.30932524639878695, 0.19787717968157695, 0.2486732373009856, 0.22820318423047764, 0.26004548900682334, 0.19484457922668688, 0.2047005307050796, 0.17816527672479152, 0.24184988627748294, 0.23351023502653526, 0.244882486732373, 0.23275208491281274, 0.22289613343442002, 0.22289613343442002, 0.22441243366186506, 0.2312357846853677, 0.23426838514025777, 0.1326762699014405, 0.20849128127369218, 0.30932524639878695, 0.19484457922668688, 0.14859742228961334, 0.22441243366186506, 0.20318423047763456, 0.17058377558756635, 0.20394238059135708, 0.17058377558756635, 0.14783927217589082, 0.19257012888551933, 0.16679302501895377, 0.20318423047763456, 0.21455648218347234, 0.14783927217589082, 0.22820318423047764, 0.15769522365428354, 0.23275208491281274, 0.2721758908263836, 0.2721758908263836, 0.24336618650492797, 0.17664897649734648, 0.14101592115238817, 0.2221379833206975, 0.24260803639120546, 0.1508718726307809, 0.14859742228961334, 0.21228203184230476, 0.18347232752084913, 0.2721758908263836, 0.21076573161485973, 0.18347232752084913, 0.17968157695223655, 0.18953752843062927, 0.23275208491281274, 0.20166793025018953, 0.19711902956785443, 0.22365428354814254, 0.221379833206975, 0.18271417740712662, 0.21076573161485973, 0.19181197877179681, 0.2350265352539803, 0.2100075815011372, 0.19181197877179681, 0.2835481425322214, 0.24184988627748294, 0.20621683093252463, 0.23654283548142532, 0.22441243366186506, 0.1607278241091736, 0.2441243366186505, 0.27065959059893857, 0.21228203184230476, 0.19636087945413191, 0.17968157695223655, 0.2001516300227445, 0.20621683093252463, 0.24715693707354056, 0.2395754359363154]
[0.13916786226685796, 0.09720101781170483, 0.08789552988448016, 0.10240626748740907, 0.19235668789808918, 0.13415892672858618, 0.1694373401534527, 0.1516300227445034, 1, 0.22494432071269488, 0.22420193021529325, 0.29324424647364516, 0.23088344469190794, 0.2561247216035635, 0.23088344469190794, 0.08166295471417966, 0.12323682256867112, 0.15219005196733482, 0.1432813659985152, 0.16555308092056423, 0.16555308092056423, 0.09057164068299926, 0.10467706013363029, 0.2100965107646622, 0.18634001484780996, 0.08166295471417966, 0.14625092798812175, 0.08166295471417966, 0.12546399406087602, 0.18411284335560504, 0.19599109131403117, 0.15812917594654788, 0.1514476614699332, 0.19599109131403117, 0.16109873793615442, 0.14625092798812175, 0.1633259094283593, 0.18411284335560504, 0.1759465478841871, 0.19747587230883445, 0.18040089086859687, 0.16703786191536749, 0.133630289532294, 0.23979213066072755, 0.17965850037119524, 0.16109873793615442, 0.21306607275426875, 0.15812917594654788, 0.23311061618411286, 0.13511507052709726, 0.1744617668893838, 0.16258351893095768, 0.1900519673348181, 0.17965850037119524, 0.25686711210096513, 0.13882702301410543, 0.23088344469190794, 0.16629547141796586, 0.20786933927245732, 0.22717149220489977, 0.17371937639198218, 0.17965850037119524, 0.1789161098737936, 0.23385300668151449, 0.16629547141796586, 0.20638455827765403, 0.16778025241276912, 0.17371937639198218, 0.22717149220489977, 0.16481069042316257, 0.14253897550111358, 0.17297698589458055, 0.20786933927245732, 0.19524870081662954, 0.1358574610244989, 0.16703786191536749, 0.1789161098737936, 0.22717149220489977, 0.20935412026726058, 0.21974758723088345, 0.15367483296213807, 0.20786933927245732, 0.21083890126206384, 0.18040089086859687, 0.18262806236080179, 0.19673348181143283, 0.18782479584261322, 0.18782479584261322, 0.20044543429844097, 0.16778025241276912, 0.16555308092056423, 0.18040089086859687, 0.12843355605048257, 0.24424647364513735, 0.13882702301410543, 0.1633259094283593, 0.0957683741648107, 0.09057164068299926, 0.2011878247958426, 0.13066072754268745, 0.22345953971789162, 0.11507052709725316, 0.1403118040089087, 0.17371937639198218, 0.15738678544914625, 0.11210096510764662, 0.1989606533036377, 0.15664439495174462, 0.18114328136599853, 0.16184112843355605, 0.16481069042316257, 0.16481069042316257, 0.170007423904974, 0.11655530809205643, 0.22642910170749814, 0.22642910170749814, 0.23162583518930957, 0.20044543429844097, 0.16778025241276912, 0.15812917594654788, 0.19673348181143283, 0.16481069042316257, 0.18262806236080179, 0.12991833704528583, 0.18337045285820341, 0.2100965107646622, 0.18411284335560504, 0.18930957683741648, 0.15070527097253156, 0.1588715664439495, 0.147735708982925, 0.17074981440237566, 0.18337045285820341, 0.18782479584261322, 0.20638455827765403, 0.1870824053452116, 0.16555308092056423, 0.1603563474387528, 0.21529324424647364, 0.16778025241276912, 0.2212323682256867, 0.21083890126206384, 0.23162583518930957, 0.20489977728285078, 0.2828507795100223, 0.20638455827765403, 0.2457312546399406, 0.2657757980697847, 0.2182628062360802, 0.18782479584261322, 0.18262806236080179, 0.17520415738678544]
[0.2348158775705404, 0.21374045801526717, 0.21346057257659468, 0.18858421936205932, 0.45031847133757963, 0.3075335397316821, 0.4194373401534527, 0.2926459438968916, 0.22494432071269488, 1, 0.4109042553191489, 0.5013297872340425, 0.4654255319148936, 0.2526595744680851, 0.4867021276595745, 0.21808510638297873, 0.24069148936170212, 0.300531914893617, 0.2220744680851064, 0.2566489361702128, 0.1702127659574468, 0.2247340425531915, 0.29521276595744683, 0.19414893617021275, 0.2726063829787234, 0.2220744680851064, 0.28856382978723405, 0.2220744680851064, 0.23670212765957446, 0.25132978723404253, 0.1981382978723404, 0.25, 0.21010638297872342, 0.2553191489361702, 0.2553191489361702, 0.23803191489361702, 0.26595744680851063, 0.2752659574468085, 0.22872340425531915, 0.19281914893617022, 0.2247340425531915, 0.1622340425531915, 0.2300531914893617, 0.2127659574468085, 0.2752659574468085, 0.2872340425531915, 0.3058510638297872, 0.31382978723404253, 0.30186170212765956, 0.16090425531914893, 0.24867021276595744, 0.25, 0.2579787234042553, 0.24468085106382978, 0.20212765957446807, 0.2154255319148936, 0.26063829787234044, 0.2327127659574468, 0.26063829787234044, 0.18617021276595744, 0.20877659574468085, 0.29521276595744683, 0.25930851063829785, 0.2047872340425532, 0.17553191489361702, 0.26063829787234044, 0.22739361702127658, 0.17154255319148937, 0.24468085106382978, 0.20611702127659576, 0.16622340425531915, 0.18617021276595744, 0.19148936170212766, 0.25132978723404253, 0.1848404255319149, 0.20212765957446807, 0.2912234042553192, 0.2726063829787234, 0.26861702127659576, 0.1901595744680851, 0.24335106382978725, 0.17952127659574468, 0.2726063829787234, 0.21941489361702127, 0.20345744680851063, 0.2393617021276596, 0.21143617021276595, 0.21143617021276595, 0.26063829787234044, 0.2300531914893617, 0.21808510638297873, 0.1848404255319149, 0.2712765957446808, 0.3351063829787234, 0.2566489361702128, 0.20079787234042554, 0.2526595744680851, 0.21010638297872342, 0.2765957446808511, 0.2300531914893617, 0.2127659574468085, 0.24335106382978725, 0.30851063829787234, 0.24601063829787234, 0.28324468085106386, 0.25930851063829785, 0.2327127659574468, 0.21143617021276595, 0.15824468085106383, 0.2220744680851064, 0.300531914893617, 0.300531914893617, 0.22872340425531915, 0.19547872340425532, 0.14893617021276595, 0.19680851063829788, 0.27925531914893614, 0.1502659574468085, 0.1875, 0.2074468085106383, 0.20212765957446807, 0.3484042553191489, 0.2327127659574468, 0.17154255319148937, 0.18085106382978725, 0.1901595744680851, 0.2127659574468085, 0.20079787234042554, 0.20212765957446807, 0.21409574468085107, 0.2300531914893617, 0.2047872340425532, 0.2220744680851064, 0.19547872340425532, 0.261968085106383, 0.20212765957446807, 0.2300531914893617, 0.3377659574468085, 0.28191489361702127, 0.22739361702127658, 0.2859042553191489, 0.24335106382978725, 0.14893617021276595, 0.22872340425531915, 0.33643617021276595, 0.2566489361702128, 0.1901595744680851, 0.19148936170212766, 0.21808510638297873, 0.23670212765957446, 0.22606382978723405, 0.20212765957446807]
[0.23146819703491153, 0.2152671755725191, 0.22350577599196383, 0.18522663682148852, 0.45031847133757963, 0.239422084623323, 0.4367007672634271, 0.2585291887793783, 0.22420193021529325, 0.4109042553191489, 1, 0.3274410774410774, 0.2760942760942761, 0.25757575757575757, 0.3627946127946128, 0.2222222222222222, 0.22727272727272727, 0.20622895622895623, 0.1936026936026936, 0.21296296296296297, 0.21043771043771045, 0.2196969696969697, 0.18181818181818182, 0.22895622895622897, 0.2702020202020202, 0.2196969696969697, 0.24579124579124578, 0.2196969696969697, 0.2803030303030303, 0.26851851851851855, 0.2474747474747475, 0.27525252525252525, 0.25336700336700335, 0.21043771043771045, 0.29208754208754206, 0.26430976430976433, 0.29292929292929293, 0.2845117845117845, 0.2828282828282828, 0.2112794612794613, 0.24831649831649832, 0.2138047138047138, 0.2415824915824916, 0.22727272727272727, 0.21296296296296297, 0.2718855218855219, 0.2196969696969697, 0.25757575757575757, 0.25336700336700335, 0.22306397306397308, 0.25336700336700335, 0.23148148148148148, 0.265993265993266, 0.29713804713804715, 0.26262626262626265, 0.23316498316498316, 0.2988215488215488, 0.2718855218855219, 0.2609427609427609, 0.20202020202020202, 0.23063973063973064, 0.281986531986532, 0.2828282828282828, 0.24074074074074073, 0.2786195286195286, 0.2558922558922559, 0.21212121212121213, 0.1776094276094276, 0.2542087542087542, 0.20707070707070707, 0.22474747474747475, 0.2516835016835017, 0.2112794612794613, 0.2962962962962963, 0.2239057239057239, 0.2222222222222222, 0.19276094276094277, 0.26851851851851855, 0.27441077441077444, 0.2138047138047138, 0.20875420875420875, 0.22138047138047137, 0.2617845117845118, 0.24831649831649832, 0.25757575757575757, 0.24915824915824916, 0.265993265993266, 0.265993265993266, 0.23232323232323232, 0.2777777777777778, 0.26262626262626265, 0.1734006734006734, 0.17676767676767677, 0.33585858585858586, 0.24831649831649832, 0.1717171717171717, 0.2609427609427609, 0.22306397306397308, 0.22643097643097643, 0.23148148148148148, 0.21296296296296297, 0.18771043771043772, 0.2297979797979798, 0.1994949494949495, 0.24663299663299662, 0.23232323232323232, 0.20875420875420875, 0.2786195286195286, 0.20622895622895623, 0.24326599326599327, 0.26851851851851855, 0.26851851851851855, 0.26515151515151514, 0.21296296296296297, 0.2079124579124579, 0.26936026936026936, 0.31313131313131315, 0.19276094276094277, 0.20622895622895623, 0.25925925925925924, 0.23148148148148148, 0.3324915824915825, 0.2415824915824916, 0.23232323232323232, 0.20959595959595959, 0.23316498316498316, 0.2542087542087542, 0.23484848484848486, 0.23316498316498316, 0.32575757575757575, 0.2516835016835017, 0.21464646464646464, 0.2382154882154882, 0.2196969696969697, 0.2887205387205387, 0.23653198653198654, 0.2053872053872054, 0.2727272727272727, 0.25252525252525254, 0.21212121212121213, 0.22727272727272727, 0.24326599326599327, 0.20875420875420875, 0.29545454545454547, 0.3106060606060606, 0.24663299663299662, 0.22053872053872053, 0.22306397306397308, 0.24831649831649832, 0.255050505050505, 0.3055555555555556, 0.281986531986532]
[0.23768531802965087, 0.2020356234096692, 0.20994475138121546, 0.2311135982092893, 0.354140127388535, 0.2590299277605779, 0.36508951406649615, 0.2259287338893101, 0.29324424647364516, 0.5013297872340425, 0.3274410774410774, 1, 0.4855305466237942, 0.27491961414790994, 0.5418006430868167, 0.2508038585209003, 0.22347266881028938, 0.3247588424437299, 0.21864951768488747, 0.2877813504823151, 0.1495176848874598, 0.25884244372990356, 0.2942122186495177, 0.2427652733118971, 0.2861736334405145, 0.19131832797427653, 0.2845659163987138, 0.19131832797427653, 0.20418006430868169, 0.24115755627009647, 0.15755627009646303, 0.22990353697749197, 0.20418006430868169, 0.2604501607717042, 0.2508038585209003, 0.2620578778135048, 0.2877813504823151, 0.2508038585209003, 0.2395498392282958, 0.20257234726688103, 0.22990353697749197, 0.18971061093247588, 0.22990353697749197, 0.2508038585209003, 0.27491961414790994, 0.2620578778135048, 0.34887459807073956, 0.28938906752411575, 0.3327974276527331, 0.14469453376205788, 0.2427652733118971, 0.2395498392282958, 0.27813504823151125, 0.22990353697749197, 0.2652733118971061, 0.20418006430868169, 0.2652733118971061, 0.24115755627009647, 0.297427652733119, 0.19614147909967847, 0.20257234726688103, 0.26688102893890675, 0.25241157556270094, 0.20096463022508038, 0.1832797427652733, 0.2620578778135048, 0.21543408360128619, 0.18971061093247588, 0.24758842443729903, 0.2170418006430868, 0.1302250803858521, 0.1752411575562701, 0.2057877813504823, 0.2604501607717042, 0.19935691318327975, 0.20418006430868169, 0.2990353697749196, 0.2861736334405145, 0.2829581993569132, 0.18006430868167203, 0.24115755627009647, 0.19935691318327975, 0.27813504823151125, 0.22508038585209003, 0.17845659163987138, 0.2282958199356913, 0.2347266881028939, 0.2347266881028939, 0.2652733118971061, 0.22347266881028938, 0.2266881028938907, 0.18971061093247588, 0.30385852090032156, 0.3135048231511254, 0.23633440514469453, 0.19292604501607716, 0.23311897106109325, 0.16881028938906753, 0.31189710610932475, 0.2572347266881029, 0.2379421221864952, 0.24437299035369775, 0.297427652733119, 0.2797427652733119, 0.2829581993569132, 0.21221864951768488, 0.2170418006430868, 0.1832797427652733, 0.15434083601286175, 0.2427652733118971, 0.2427652733118971, 0.2427652733118971, 0.2057877813504823, 0.18488745980707397, 0.16237942122186494, 0.22347266881028938, 0.22990353697749197, 0.13987138263665594, 0.26366559485530544, 0.2717041800643087, 0.2090032154340836, 0.28938906752411575, 0.22347266881028938, 0.15594855305466238, 0.19614147909967847, 0.18810289389067525, 0.21221864951768488, 0.21543408360128619, 0.2202572347266881, 0.2090032154340836, 0.26366559485530544, 0.21382636655948553, 0.2282958199356913, 0.22347266881028938, 0.2459807073954984, 0.2315112540192926, 0.2765273311897106, 0.3762057877813505, 0.2717041800643087, 0.21543408360128619, 0.2684887459807074, 0.27813504823151125, 0.15594855305466238, 0.23633440514469453, 0.37138263665594856, 0.2459807073954984, 0.2090032154340836, 0.21864951768488747, 0.21221864951768488, 0.2266881028938907, 0.22186495176848875, 0.18971061093247588]
