[1, 0.8033167474250624, 0.7993497692105126, 0.30990393927881105, 0.6415469387777599, 0.651930963822602, 0.6494233386196918, 0.6463749264592118, 0.5383680671533885, 0.5785712862535463, 0.6254336753922399, 0.649992297105502, 0.5606857439937123, 0.5434023736232115, 0.5773800666966458, 0.5833873402854096, 0.5809978655689643, 0.5395355757723131, 0.48098509372249126, 0.5065922261862216, 0.5877809957029737, 0.5709358554001117, 0.5235047124398173, 0.5603762011146353, 0.5155755307931398, 0.5664415476299846, 0.5971192543705648, 0.5664415476299846, 0.56102478759062, 0.5855908773777657, 0.5189521146476188, 0.5776903056956323, 0.5632015746752839, 0.5475719109154852, 0.5680500431796377, 0.567710484231355, 0.5419611601378481, 0.5949523005704141, 0.575516317508371, 0.5010816930210503, 0.5647404828470522, 0.5569273753325662, 0.5359927537415655, 0.5757454028791766, 0.3741044373546079, 0.552346135045148, 0.3520092875978436, 0.5599089496525347, 0.34819721637487566, 0.31274041369235567, 0.5304216731708156, 0.50754384448041, 0.5830426961754035, 0.5573647998743981, 0.4051897953034145, 0.48327910089850884, 0.4804680323991426, 0.4788708448532384, 0.4989734272267208, 0.4242944666085096, 0.4916028760582423, 0.5429619667983352, 0.5889387782311418, 0.26536958718211395, 0.43948117160433303, 0.42352227528147285, 0.251617229036676, 0.48257551971430174, 0.3708666867418228, 0.4637541815839718, 0.5327418401543099, 0.5495886940543189, 0.3615008030248536, 0.5319759447551805, 0.5554430215027586, 0.5532790055624695, 0.5244408132630558, 0.47922242609224575, 0.5191449058242704, 0.49797128904096954, 0.508538502538557, 0.5626058310778898, 0.4943137965013167, 0.5703235185981679, 0.47463956493580656, 0.5347722714899078, 0.48873339718097863, 0.48873339718097863, 0.4184655304964553, 0.543832027372705, 0.5865542864623471, 0.36230372725516036, 0.5630700755447516, 0.6176036917817579, 0.47806560862823605, 0.44509650967700304, 0.5654256918443724, 0.5761778454435732, 0.5234959126773132, 0.5645887239088624, 0.582549580631508, 0.5267717180320406, 0.513560792897667, 0.48760788035040376, 0.5872062488546775, 0.5659150689005085, 0.5128779898113378, 0.548877673710195, 0.43994123749515407, 0.5034808255658116, 0.5125263222839536, 0.5125263222839536, 0.5076332558308783, 0.45764243600525917, 0.44121893625615066, 0.5082025528154364, 0.5088586082530372, 0.4593278230450553, 0.5149948949386404, 0.42745938809298395, 0.37339159575635766, 0.5239440193280274, 0.5281062590667741, 0.5126679401171356, 0.4468740490688378, 0.518454381080427, 0.5325719439031845, 0.46145182775583504, 0.5147948718131979, 0.5163279143759535, 0.5228177035950866, 0.3909174610655015, 0.5299267815046674, 0.5083454711350431, 0.5622371513770545, 0.3566219822900905, 0.5513941009112423, 0.5330949469625349, 0.3815596330913458, 0.251617229036676, 0.4004033815767091, 0.537893192767645, 0.403792662009832, 0.8503453236941544, 0.5446969507951333, 0.47549370075322184, 0.4768415009473033, 0.4367727507338275, 0.5226214556807999, 0.5293661465189724, 0.5099771506462124, 0.4932683446718391]
[0.8033167474250624, 1, 0.9634039906092503, 0.3528282494483437, 0.7197203289109321, 0.7314222047032635, 0.7235380647740638, 0.7245362447424544, 0.6478498047330413, 0.683798973307867, 0.7088025114262774, 0.7321943970226755, 0.6789076258215041, 0.6694688954025828, 0.6794819704340244, 0.6503080036276768, 0.644836356316158, 0.6193869219061544, 0.5604376895078881, 0.5707368911257649, 0.6625961796317591, 0.6352060582933994, 0.597613424084369, 0.6515437286102795, 0.6071426643686451, 0.6281340955678305, 0.6599505467164469, 0.6281340955678305, 0.6341175544991646, 0.6553560630929044, 0.5815254275312207, 0.639708335761115, 0.6222579137547087, 0.6367063596982779, 0.6311068385083297, 0.6313309738134136, 0.6050220066603955, 0.6608558147021676, 0.6395514847250373, 0.5797102491029166, 0.6304271497650312, 0.6194278526733983, 0.6639345006639851, 0.6710437534087726, 0.42407323735878927, 0.6193648463378986, 0.4200718669960188, 0.6242564228179025, 0.39903346927801236, 0.40091363103826816, 0.5938957567789006, 0.5859581012360809, 0.6519555806612015, 0.6232846598339278, 0.5325674592099479, 0.5912734362553974, 0.5818550307466391, 0.5108425584069448, 0.5550607849393441, 0.5473985263336614, 0.5974665808245571, 0.6250142948701555, 0.6626837952809767, 0.37499608066137985, 0.5200714949548636, 0.5154730644052788, 0.349151240465342, 0.6107688193673219, 0.518680321587979, 0.5722795818222837, 0.5916917645368698, 0.6234908537541729, 0.5169020650122199, 0.6081464549987747, 0.6242394911228833, 0.6252316493292241, 0.5968350614822006, 0.5671055734104344, 0.5982736357391741, 0.5935131221164979, 0.6006988602192921, 0.6615206848443721, 0.5791848530511933, 0.6491375033512684, 0.5427643680540138, 0.6447763352054577, 0.5743418783608377, 0.5743418783608377, 0.5094124346275264, 0.6180973778888098, 0.6646059292943013, 0.44295861355359634, 0.6483187796324724, 0.6888332800773364, 0.572107718394853, 0.5424531696840624, 0.637428191522444, 0.6407162894380115, 0.5958814149033024, 0.6261267355415843, 0.6734919334072961, 0.6034764169980487, 0.5881992951896243, 0.5571164493825405, 0.6470648943965919, 0.6230057078540652, 0.612855600702412, 0.604270688071971, 0.4956064698895992, 0.5497104264220521, 0.5509954133693773, 0.5509954133693773, 0.5469892229465679, 0.5072367161902203, 0.4848335415663219, 0.5474401257531599, 0.549754975419499, 0.5105470234137995, 0.5503778230321988, 0.476672170709467, 0.40380871144173325, 0.5770060335134297, 0.5674493508040234, 0.550083567125213, 0.5014248638469652, 0.5533188497124818, 0.5709781724767747, 0.5106348709648271, 0.5559795252000939, 0.5579805492112309, 0.5586952514406955, 0.43213272205084347, 0.5715773068678297, 0.5456839673808844, 0.6122092934934003, 0.4378842203364656, 0.6607440049743265, 0.5734120930754809, 0.4505758418360169, 0.349151240465342, 0.5080533053458026, 0.6568198982404755, 0.4476510682489982, 0.9108009633165883, 0.6791932370611646, 0.5613174811261712, 0.534155770740084, 0.5487162569357192, 0.5588679640585666, 0.5705581023763435, 0.5523098805843957, 0.5289163365312242]
[0.7993497692105126, 0.9634039906092503, 1, 0.3484281235457581, 0.7235960293936191, 0.7357151449940408, 0.7279665861614549, 0.7289685428482667, 0.6478345660862149, 0.6888771302430604, 0.7116039056369834, 0.7354930309541609, 0.6802515016022156, 0.6685439995015371, 0.6785284460000511, 0.6540142970762162, 0.6483120287743611, 0.6230092082055956, 0.5620945728124879, 0.5728481895893375, 0.6655609011468978, 0.6389657982510011, 0.5992573025994878, 0.6528211062453518, 0.6125842178817464, 0.632208026313467, 0.6635349532410979, 0.632208026313467, 0.6374013785731522, 0.6587047701432945, 0.5848979189978095, 0.6430432988895515, 0.6267186521309859, 0.63921227819687, 0.6348526743118371, 0.6349102754013359, 0.6083283363367827, 0.6657519452574049, 0.6434713475733672, 0.5819312238960898, 0.6336926948654996, 0.6223927522714439, 0.6657077413989024, 0.672038794723368, 0.42512711588778607, 0.6224462559992869, 0.42122736598127714, 0.6275178066789158, 0.40034145749440725, 0.40572068927113497, 0.5978968252420194, 0.5888386074331505, 0.6555756177368884, 0.6267569807916403, 0.5445233749931528, 0.5874712130262629, 0.5820591682967172, 0.5129549946249576, 0.5575371838229771, 0.547272762883151, 0.599652358436192, 0.6274350751529462, 0.6648725958716691, 0.3755437586837715, 0.52176167614387, 0.5161778228465851, 0.3494252452412246, 0.606233818975627, 0.5333191549179963, 0.5735133440839607, 0.5937856273556735, 0.6258687451260064, 0.5291274023420436, 0.6105564710211874, 0.6266530814520062, 0.628565372875267, 0.5993276010076917, 0.5675620101754056, 0.6006573264310163, 0.5919916625579001, 0.601269397645998, 0.6637455961131336, 0.5851676260498065, 0.6509636901782682, 0.5450740087272108, 0.6448751058413986, 0.5773822010407189, 0.5773822010407189, 0.5124872142525044, 0.620497910323179, 0.6666258892109013, 0.4441040695242253, 0.6501898957066318, 0.6936788326560998, 0.5745609306722236, 0.5389123598754294, 0.6406868847187602, 0.645727154151121, 0.5988572738216825, 0.6299584226171447, 0.6695565978375967, 0.6094257843012305, 0.5963273606729225, 0.5626962381121321, 0.6506526748108871, 0.6259731047032068, 0.6174654498023217, 0.6059673493377064, 0.4968684879769331, 0.5530418819168316, 0.5544876480134833, 0.5544876480134833, 0.5499779353490206, 0.5102770101712824, 0.4871146834181796, 0.5510822393069048, 0.5529441444874599, 0.512521808567039, 0.5538118325930038, 0.47923795936034824, 0.4063284324034409, 0.5793681950657648, 0.5716592207556175, 0.5542396653172776, 0.5026864416690192, 0.5576128068890739, 0.5754059331143521, 0.5143230678767954, 0.5595304809911746, 0.5600792459862788, 0.5618077888095397, 0.435623679999251, 0.5756700172918484, 0.5499073450271744, 0.6157419629476835, 0.43639762976437413, 0.6650249777901288, 0.5782177066508303, 0.4525171560351247, 0.3494252452412246, 0.5095243034552968, 0.6656427136049073, 0.4489217451305512, 0.9049550819659414, 0.686721607230941, 0.5628124815654854, 0.5353252986352547, 0.5471412204299096, 0.5630792350064948, 0.5746524222203552, 0.5561438767457588, 0.5320407895824911]
[0.30990393927881105, 0.3528282494483437, 0.3484281235457581, 1, 0.42140638890045357, 0.43426069526919636, 0.4225771858403648, 0.4250243816223398, 0.3914588390905204, 0.4217336130867327, 0.4102887634751997, 0.4397470490238242, 0.43363189383023876, 0.434031502325068, 0.4530386778992234, 0.39350667853989324, 0.3620885666764569, 0.39998064620477264, 0.35182414045460025, 0.37805896893112173, 0.3924859146868449, 0.3896729028672589, 0.39891313654203914, 0.42790228756140314, 0.37412762103245023, 0.38788004099479184, 0.4025549727039052, 0.38788004099479184, 0.3534770268671698, 0.3905720435054734, 0.34604911624363455, 0.4014163299191266, 0.3839219370834972, 0.3971578899411698, 0.3896568204576856, 0.39852908409709703, 0.3763147099266499, 0.39823142979516324, 0.39470780743485, 0.37219709052182753, 0.3953884881276064, 0.3870935233059228, 0.4321210613472619, 0.4207989749678602, 0.2997339881556657, 0.37771827279071357, 0.3044335290164588, 0.36682360285638493, 0.28424075318772785, 0.24106723445706515, 0.3447884211302743, 0.3570576907507161, 0.40075886051689613, 0.38704957193773715, 0.33629484887219835, 0.3539887819658216, 0.3493924437710146, 0.2932583670540249, 0.31749846821204303, 0.3401955633237002, 0.34821975700678404, 0.3514029432158807, 0.38750853865916396, 0.19461042617320298, 0.2763900924291105, 0.3063519324716365, 0.15186451529651948, 0.48736862392000274, 0.30213072481409564, 0.3507350848912825, 0.333360637174605, 0.3506358664761162, 0.32570344397943823, 0.33737134319924317, 0.3585920030124738, 0.3694181395254965, 0.3727989554528787, 0.35750084006186483, 0.32739741484693624, 0.3584799548521454, 0.3776525135520484, 0.40478198610078825, 0.3667204260285671, 0.3695747865122596, 0.29323717718776005, 0.4161258863719685, 0.36277886219038563, 0.36277886219038563, 0.30383290790492773, 0.34978944215903446, 0.38200970017250246, 0.2851206753488109, 0.3879944103838398, 0.399510848537217, 0.3416268047277058, 0.4699425226136369, 0.36323329246417835, 0.40249762530443306, 0.3975645365887382, 0.377252634888291, 0.4060889906433056, 0.3954266724145119, 0.39086909434465955, 0.40476647986002806, 0.3964398623423671, 0.3752647376548414, 0.3998370513285359, 0.36684682820223063, 0.3538780759110233, 0.3166788437584804, 0.3552081303256378, 0.3552081303256378, 0.3584613272500046, 0.3539858623336854, 0.33913297754564536, 0.35686688566101327, 0.3552804123227309, 0.35576999934797965, 0.3567156530589131, 0.34283541159432995, 0.2807059973090736, 0.32277739653985665, 0.35756028101617293, 0.33955306689561854, 0.35752379814232654, 0.340853060111392, 0.3619993843393316, 0.35756697619965, 0.3630276883918127, 0.35373304169646064, 0.35690666451507475, 0.2831954113706461, 0.3619824329205878, 0.3374160255787832, 0.33281520468624315, 0.2883600577965957, 0.4246845985754553, 0.3354846189338681, 0.272878376370073, 0.15186451529651948, 0.31104901633325316, 0.4519801185475651, 0.32659273543435247, 0.36788953517334316, 0.43963278945832807, 0.3508962805526708, 0.36204367879422733, 0.3266411861511016, 0.3484542140432398, 0.36207893638195104, 0.3303052651624298, 0.34694501116455817]
[0.6415469387777599, 0.7197203289109321, 0.7235960293936191, 0.42140638890045357, 1, 0.9135089309003708, 0.8999340886386115, 0.905288065713053, 0.7262965613861322, 0.8559107247834657, 0.8607866097993414, 0.9124012218784978, 0.8994120869988179, 0.8568682618418325, 0.852729508077167, 0.8408237678766296, 0.8084851708737556, 0.7776893932052346, 0.7175655406883171, 0.700251777909243, 0.8362390220875296, 0.8197496945691097, 0.7370759600362087, 0.7835051093701607, 0.738709568831711, 0.8067374109353356, 0.8122690534031966, 0.8067374109353356, 0.7848791622976181, 0.7921370123874173, 0.7022250526690672, 0.7662075127659266, 0.73824632743365, 0.7437232347950404, 0.7476347567409966, 0.7560347597971518, 0.7229231402144425, 0.7861963654181788, 0.7669294755518278, 0.6751875250171907, 0.7503584212764629, 0.7418311280603711, 0.7918924358122218, 0.7817295173606856, 0.48866513694538033, 0.730629637747861, 0.4702772054589186, 0.7544185519207369, 0.4413764179684366, 0.5121770878324321, 0.7083529266115886, 0.6691640837212299, 0.7809340774464775, 0.7442415937115694, 0.5847728790102377, 0.6719202123161777, 0.6672584485562951, 0.6359337930767387, 0.6758882295597983, 0.644947992100621, 0.6620665544909864, 0.7320075676240148, 0.7964468531346508, 0.3958812489113946, 0.5830405343839437, 0.5960592524622667, 0.3710612327355159, 0.7631399571051821, 0.5829834202862323, 0.646456225685648, 0.7105209457964703, 0.7118444202182173, 0.6274592933805272, 0.6960394400459119, 0.7389449065786379, 0.7338682378632303, 0.7417272030049986, 0.6572953438223811, 0.7028084972919837, 0.6665868040827562, 0.7098312829716648, 0.8121559319152221, 0.6792833445256748, 0.7694854524265082, 0.6302688229949216, 0.8099329392291285, 0.667284425144187, 0.667284425144187, 0.5705299497243624, 0.7194884940732997, 0.8152729317528523, 0.5677365573593355, 0.8290719493309121, 0.8756050585870107, 0.6464502853417047, 0.6786321080873216, 0.7933556161205644, 0.7999966907833632, 0.7470873779723401, 0.8118140389250995, 0.7884580833718644, 0.7439115280789935, 0.7367805886685136, 0.6886788224506267, 0.801049958537342, 0.8051159296484246, 0.7364733164916301, 0.7761124253888698, 0.609274682907432, 0.7229884713803703, 0.6962915827724436, 0.6962915827724436, 0.689665922871651, 0.6215538095043703, 0.596108409004979, 0.690289405787668, 0.6941053412855632, 0.6174421080805151, 0.6540027635987735, 0.5846336825513538, 0.4892038413758066, 0.7049897234388287, 0.6840353680347883, 0.6939329005357043, 0.6150771624547634, 0.6889066080397498, 0.7155897673770175, 0.6197429244848686, 0.6999965627834097, 0.6911899778543713, 0.7070701169948812, 0.5176951248204403, 0.6876612435964446, 0.6935523596822177, 0.7356083563425311, 0.5586072315723217, 0.8456881979341193, 0.7433132123950227, 0.5743747175689519, 0.3710612327355159, 0.5519580913002198, 0.8199853718988795, 0.5638983739191845, 0.7458998312036941, 0.846764423580483, 0.6454776421180254, 0.6382108322495036, 0.603229859804792, 0.6767047189999845, 0.6867373826320963, 0.7064358968086429, 0.6726113162083439]
[0.651930963822602, 0.7314222047032635, 0.7357151449940408, 0.43426069526919636, 0.9135089309003708, 1, 0.9145723163551601, 0.9601502611379891, 0.735173262179603, 0.9245136749161592, 0.8520141972428293, 0.9020444593951975, 0.880600699217514, 0.8577222923058097, 0.8587385692702023, 0.8241700425802913, 0.8188237350786443, 0.7707761463537134, 0.7143277914134606, 0.7133418720601803, 0.8539335066558786, 0.8190569834711208, 0.738034192599085, 0.7932705051587815, 0.7529374611184717, 0.812425684219229, 0.814155588612684, 0.812425684219229, 0.8053409433504622, 0.7863760787445365, 0.7160106030252557, 0.7818574995500535, 0.7483195666949598, 0.7586895533450372, 0.7604005751040815, 0.7729618936101321, 0.738885314583109, 0.7949829401762297, 0.7837926893025614, 0.684270510991423, 0.7642846262101027, 0.7526795722812921, 0.8070849887724885, 0.7960648247552684, 0.4993534745972725, 0.7439584570209462, 0.478381201548161, 0.7555612342529807, 0.4582654941848811, 0.5199217347370642, 0.7153328651177145, 0.6778620137840954, 0.7908009072320924, 0.7584767402907758, 0.5945337444845613, 0.6829222423024538, 0.6785797610334544, 0.6462353753934886, 0.6811795599725419, 0.6575674815192315, 0.6739620564588419, 0.7364534286845111, 0.804942939448556, 0.4032659979705038, 0.5920203806550771, 0.6039404329002881, 0.3718878050774588, 0.7757126626976176, 0.5928699054274658, 0.6584686071542082, 0.7176214962073497, 0.7239773323163066, 0.6424173203813179, 0.7032091762938909, 0.7493759093433091, 0.7411540666812302, 0.7534545548383936, 0.6670307191574342, 0.7080476138099953, 0.6772910798549755, 0.7195228959550777, 0.8192019388136488, 0.6905620180117671, 0.7724206066980764, 0.6381628133765757, 0.8221669344785846, 0.6748848544998788, 0.6748848544998788, 0.5830491382551751, 0.7202675490459439, 0.8188912418005382, 0.5687386971130423, 0.8285798894212565, 0.8869745008880853, 0.6602361307435056, 0.6896748242038043, 0.8159944441124187, 0.811035051154604, 0.7446755022884203, 0.8110474633348699, 0.7995706641497655, 0.750996430661615, 0.7418094225349714, 0.6978004105707157, 0.8030047206265527, 0.8105170281970229, 0.7464270611637338, 0.7960210564675553, 0.6175331197200119, 0.7185001433013065, 0.7090362652579437, 0.7090362652579437, 0.7065540442685201, 0.6355884061661, 0.6116760680219061, 0.7080843065922681, 0.7089884046409362, 0.6344679813122219, 0.6665514149062827, 0.5931711100026074, 0.5003431321533536, 0.7137400623590898, 0.6961181993564477, 0.7063550863538174, 0.6233600933419419, 0.7020053504321707, 0.7245905224972878, 0.6343581682476908, 0.7151066859318798, 0.6984378770702611, 0.7086000979543958, 0.5295776743649577, 0.699839338257516, 0.7054972498768238, 0.7424651323994723, 0.5621515145483508, 0.8477583049912355, 0.7461081149523218, 0.5821448131863499, 0.3718878050774588, 0.5625602831892582, 0.8337643446804005, 0.5704921364614756, 0.7565474254880259, 0.8544847062345208, 0.6547599431628093, 0.6513972608870063, 0.6158976385895775, 0.6888784100044631, 0.698790607457485, 0.7151158637795428, 0.6882912931759003]
[0.6494233386196918, 0.7235380647740638, 0.7279665861614549, 0.4225771858403648, 0.8999340886386115, 0.9145723163551601, 1, 0.9103509844328316, 0.725688764059711, 0.8690371974648464, 0.8379931331971834, 0.8915640966294053, 0.8654044514511959, 0.8510932307798188, 0.8495061492781862, 0.8090696379609934, 0.8217243683631872, 0.7636077381477238, 0.7029225075947628, 0.6946968121657126, 0.8264012841308364, 0.8087387026347788, 0.7305579095104425, 0.7862523931135722, 0.7421298262378305, 0.7944764052714756, 0.8028576711212178, 0.7944764052714756, 0.7756854366377809, 0.7677645975799651, 0.6936872769956538, 0.7578240480279516, 0.735197144427155, 0.7447950805806224, 0.7431899995628709, 0.7473908926544336, 0.7142531826506596, 0.7781236727454112, 0.7587464796047977, 0.6700861548001601, 0.7421075733004243, 0.7309291010657306, 0.7969584962737106, 0.7817140200980036, 0.49007137507340404, 0.7266267300789147, 0.465573956556756, 0.7358002273008287, 0.44672956801794, 0.5091166310142413, 0.6979896716960626, 0.6670078772725742, 0.7683813306493373, 0.7362899162086235, 0.5866820610750815, 0.6753687214195558, 0.6687593329820717, 0.6308374013372063, 0.6736317404932267, 0.645216972599607, 0.6671884484101045, 0.725041607040537, 0.7901406154548365, 0.39920170518406345, 0.5817408588379952, 0.5985691536181926, 0.36952073481378744, 0.7547185409114044, 0.5884950737738331, 0.651217607233698, 0.7020087237581129, 0.713790194706737, 0.6391801018413411, 0.6913797236935452, 0.7326280920168854, 0.7265507033562967, 0.7364159504814459, 0.6503738513840932, 0.6985512657515708, 0.6639843161184661, 0.7132672662205507, 0.816024613511375, 0.6798113158929698, 0.760638995713706, 0.6272879640084215, 0.8109953448970271, 0.6668866593408712, 0.6668866593408712, 0.5724579351265723, 0.7106844814306049, 0.8084423524344841, 0.5494654784291457, 0.8207077195027278, 0.8682811365691037, 0.6547119680337716, 0.6699785225596796, 0.7842027774298304, 0.7959115299215842, 0.736807179116005, 0.8006440093959242, 0.7849275690452372, 0.7421657924193736, 0.7317437555167284, 0.6798943163769343, 0.7917150669141274, 0.7940543141836015, 0.7361735717302844, 0.7660844958020437, 0.6054666325336274, 0.6991832101975097, 0.685504103632379, 0.685504103632379, 0.6855530312685422, 0.6185212046526759, 0.5979788279620956, 0.6860515388372267, 0.6905699327926298, 0.6279074111116373, 0.653224574451532, 0.5842290661502624, 0.4926538601391326, 0.6961716767344188, 0.6823098266018492, 0.6904874506828511, 0.6112609186690127, 0.6913295923060782, 0.7093946520653224, 0.6213707988791247, 0.6961416136726083, 0.6841591969238765, 0.6909187983344521, 0.5215998423112009, 0.6860592586489824, 0.689462356001286, 0.7309320471130496, 0.548070876831325, 0.8406422046716289, 0.7298635185047968, 0.5639769392612703, 0.36952073481378744, 0.5520310718541617, 0.8074659594577221, 0.554065515648793, 0.7523538906073481, 0.8437675946148651, 0.644431385907086, 0.6387330345677706, 0.6073545951764694, 0.6749823806968761, 0.6850944446037851, 0.6964135915130273, 0.6692379194392658]
[0.6463749264592118, 0.7245362447424544, 0.7289685428482667, 0.4250243816223398, 0.905288065713053, 0.9601502611379891, 0.9103509844328316, 1, 0.7316313332004268, 0.9359168519561051, 0.8443083406511166, 0.8961881423185715, 0.874588501110396, 0.8498029200322579, 0.853182464046634, 0.8159768389759418, 0.8128635050065182, 0.7630241527237844, 0.7067124651325902, 0.7051676875715204, 0.8467200621513878, 0.8120763155205325, 0.7298139121704733, 0.7849878134016582, 0.7453676903404983, 0.8063551230723864, 0.8061310921392089, 0.8063551230723864, 0.7970330851119002, 0.7792796534057826, 0.7088055439711152, 0.7760177854697771, 0.742647671747643, 0.7509137678756348, 0.7528411992733379, 0.7650562314447639, 0.7302438959712325, 0.788169547994764, 0.7800496103396836, 0.6767282016161311, 0.7569195317079872, 0.7454515568703552, 0.8001647275522791, 0.7876951470132898, 0.4955030579794976, 0.735704484593143, 0.4741386898303545, 0.7490313467665063, 0.4545008645327761, 0.5119508924854911, 0.7075745100512935, 0.6709503070103461, 0.7839471195703368, 0.7504821360288076, 0.592991398971345, 0.6785259330401576, 0.6730054659740562, 0.6414146663918322, 0.6754009466684394, 0.6500324959066391, 0.6662312589299066, 0.7315297278781995, 0.7969469092723372, 0.4040397075905882, 0.5891462225109296, 0.6017222386027076, 0.37325947728930453, 0.7651168928280988, 0.5898630699047599, 0.6539475187470646, 0.7098775871621058, 0.7190189757537562, 0.6386015988044744, 0.6996726718709018, 0.7458670978606369, 0.7361269805208152, 0.7443491020946307, 0.658072765128697, 0.7054855179524385, 0.670577352706213, 0.7121256805876185, 0.806909594786056, 0.6881388615897052, 0.7658533408427649, 0.6356319219697703, 0.8092458765602611, 0.6703272424018598, 0.6703272424018598, 0.5836284029511862, 0.7172387838086163, 0.8107175839226558, 0.5606888883276139, 0.8213389048191186, 0.8803321585566662, 0.6535213608913667, 0.6790559561058389, 0.8100124355068935, 0.8050693641584532, 0.7372392685449626, 0.8041096237441258, 0.7898883549468008, 0.7421558136954713, 0.7327293938228406, 0.6892476179035674, 0.7950136921329479, 0.8044189027073286, 0.7373727486601188, 0.7880787409133022, 0.6088360545565602, 0.7109664918684467, 0.7016794034755356, 0.7016794034755356, 0.7010732075090501, 0.6274725998416368, 0.6037111959187841, 0.7003482154536166, 0.7018188429543936, 0.6288193861977284, 0.6581358408314116, 0.5867133866583533, 0.49241691957957867, 0.7065935015861967, 0.6894087628036466, 0.7007673155521852, 0.6146631620109264, 0.6964118957210906, 0.7179821961099488, 0.6248082021635532, 0.7091191081437241, 0.6908237599550339, 0.7011564910454329, 0.5215100344376776, 0.6932454599126481, 0.6998304514235167, 0.7374350112299527, 0.5560145007812677, 0.8395657431096551, 0.7409943708940566, 0.5765862967410071, 0.37325947728930453, 0.5586237343218826, 0.824279685347641, 0.5657517649022629, 0.7512135299321695, 0.8469510078041905, 0.6508905547439197, 0.6435951065373265, 0.6136870116316876, 0.6822140852584399, 0.6922347096110771, 0.7081247148515349, 0.6807019256849074]
[0.5383680671533885, 0.6478498047330413, 0.6478345660862149, 0.3914588390905204, 0.7262965613861322, 0.735173262179603, 0.725688764059711, 0.7316313332004268, 1, 0.7260792047934391, 0.729030067329731, 0.7559832843066848, 0.7314940628570415, 0.7249672537864961, 0.7230558758009469, 0.6550852221650441, 0.6369431644426448, 0.6587336059103496, 0.6124065380627702, 0.614356741588875, 0.6459047519070086, 0.6462437753290448, 0.6511872521106072, 0.6788510471807413, 0.6518964276057914, 0.6291944132318406, 0.6576476194853615, 0.6291944132318406, 0.6259383237996503, 0.6641866131777019, 0.5895580076668018, 0.6504289920669747, 0.6328846556573023, 0.6888016749269418, 0.6442799309111922, 0.6413175533291507, 0.6167557508202172, 0.670465295653773, 0.6503560225138583, 0.6166196468362488, 0.6374893986346527, 0.6251290146030182, 0.7234374608827516, 0.7226725361425196, 0.46630052422782886, 0.6304341106210556, 0.44405028907553973, 0.622162152124223, 0.4197459876586806, 0.43701736281347797, 0.6003183403183833, 0.6068752243441002, 0.6596267233743903, 0.6330333624792107, 0.5798511946021709, 0.6250337451626485, 0.633562817234835, 0.4912305713828428, 0.5483424445662978, 0.5946839770609841, 0.6459714943699443, 0.6327740553117414, 0.6699461441202952, 0.41154586289591794, 0.5318478997021447, 0.5604834385635987, 0.3627361918415745, 0.645782060222503, 0.5780495050790116, 0.602191040670887, 0.5789511238746733, 0.6167218182956885, 0.5666976580037867, 0.6157096152256939, 0.6295531176122576, 0.6283154304950158, 0.6218553114495641, 0.6022913813683183, 0.6102599962846659, 0.6451336027071176, 0.6409221225813022, 0.6949754059435213, 0.6184798860079698, 0.6417358156306943, 0.5498852426908536, 0.695934301124665, 0.5959213677434932, 0.5959213677434932, 0.5546964959998931, 0.6070744618785162, 0.658490306866943, 0.5026150511074371, 0.6874856947487243, 0.6915844376838723, 0.6222697261788842, 0.5792093630598126, 0.6279326867699864, 0.6400425316023539, 0.6468653659921234, 0.6355671498616354, 0.7056611327184679, 0.6477506965663986, 0.6354506404003918, 0.5947289595521511, 0.6443640574323443, 0.6258383519408254, 0.6386110888381409, 0.5990574016937124, 0.5288988116168571, 0.5402207037712806, 0.5453483803018718, 0.5453483803018718, 0.5368521875148758, 0.5432023477251774, 0.5218020565877689, 0.5350822018331778, 0.5374062127473234, 0.5372537081426326, 0.5479678922672373, 0.5040786194717094, 0.4097887383320538, 0.5486308733479964, 0.5635698099950822, 0.5397385266896456, 0.5348233726875495, 0.5415257192753873, 0.5657606237322649, 0.5468659685394249, 0.5469665080084178, 0.5449357868127086, 0.5472357700262189, 0.4393675129176706, 0.5677209753373497, 0.5373210196706454, 0.5946783641642605, 0.48478691342044833, 0.7142307218959089, 0.5787510902689079, 0.47739038523153093, 0.3627361918415745, 0.5422326447744324, 0.7044964106239595, 0.4810923875547113, 0.6730966755754811, 0.7520129031270866, 0.5851166421634986, 0.5697633661080235, 0.5891129469955199, 0.5555503327603465, 0.5667228084670967, 0.546577759486905, 0.5151258998399831]
[0.5785712862535463, 0.683798973307867, 0.6888771302430604, 0.4217336130867327, 0.8559107247834657, 0.9245136749161592, 0.8690371974648464, 0.9359168519561051, 0.7260792047934391, 1, 0.7992028612151825, 0.8679288178338386, 0.8587686616538832, 0.8372791250163854, 0.8392695730282135, 0.7264460398929474, 0.7368993654582315, 0.7467993838142452, 0.6950516820030562, 0.6879890498508678, 0.7694556511167135, 0.7337140413074641, 0.723943455256713, 0.7748479852873785, 0.7343416872191786, 0.7155703705397559, 0.7481564269956144, 0.7155703705397559, 0.718561407090617, 0.7227471864191499, 0.648798966950709, 0.7181384234068715, 0.6847591801690608, 0.7409389205244975, 0.6914300834610071, 0.7010733711686964, 0.6662173528802924, 0.7320433416579903, 0.7141220863680996, 0.6626195663015252, 0.6964386145333581, 0.6859577180362434, 0.7911014121163089, 0.776974893283064, 0.4909217039977592, 0.6701242355708682, 0.46755005801372196, 0.6825359352884278, 0.4463502569533359, 0.5050142013768534, 0.6570863781045323, 0.6570949771079788, 0.7220444500664088, 0.6870630162242479, 0.5886479801799788, 0.6737788284965144, 0.6673351932980455, 0.5468406326915344, 0.5910829306692346, 0.6458545300181358, 0.6610262679447673, 0.6776363941614921, 0.7396166440719404, 0.4035245847507099, 0.5479921991852014, 0.5976994709357984, 0.367350474381988, 0.7562802183533993, 0.5855888888769957, 0.6482866995045895, 0.6405127279991908, 0.6549242698170991, 0.6353713065605763, 0.6380122896371901, 0.6757064239195897, 0.6662697228571567, 0.7244210173045227, 0.6526054530396816, 0.6562414366053873, 0.6659502916566488, 0.7039645767392569, 0.7954137568107066, 0.680749070435466, 0.69967898423997, 0.5816940712482953, 0.7965309356296567, 0.6570991945975578, 0.6570991945975578, 0.5736794297748268, 0.6565042125242759, 0.7442767400562476, 0.5538106180295065, 0.8078518543063401, 0.8223205809807315, 0.6457890815694514, 0.6697059745218147, 0.725876457223042, 0.7243083662083651, 0.7276858755240981, 0.7222326024716933, 0.7784122725487488, 0.733039667328495, 0.7219868768698925, 0.6775463968748573, 0.7337258306802233, 0.7182766637758554, 0.7262819755989245, 0.6921895244108988, 0.5995318518787703, 0.6179580583156414, 0.6244065273146945, 0.6244065273146945, 0.6224392267007922, 0.6169147320396873, 0.5943904333433211, 0.6219759589632216, 0.6227476829294939, 0.6187940043555664, 0.6189178882153319, 0.570812499088503, 0.4748483587848596, 0.6203322589152757, 0.6293025009090745, 0.6213032766408536, 0.6053230920841001, 0.624801824923566, 0.6393408244406653, 0.6168208405765784, 0.6370560652750128, 0.6272862618222502, 0.6232367308653574, 0.5044385682112366, 0.6339174488014835, 0.6167657372618879, 0.6917588438043881, 0.5469849568419765, 0.8261420713582802, 0.6911635676664852, 0.5598879735353841, 0.367350474381988, 0.5559604376762605, 0.8122437389722205, 0.5569847457248636, 0.7099646047541683, 0.836295039262131, 0.6360669010720189, 0.6347772857162624, 0.6080234642737855, 0.6211220878658107, 0.6328263861239433, 0.6046775698604437, 0.5985043730915555]
[0.6254336753922399, 0.7088025114262774, 0.7116039056369834, 0.4102887634751997, 0.8607866097993414, 0.8520141972428293, 0.8379931331971834, 0.8443083406511166, 0.729030067329731, 0.7992028612151825, 1, 0.860673613204772, 0.8338285795665467, 0.8017500840006436, 0.798995586296476, 0.7703524626069188, 0.7505754285236876, 0.7344953011952534, 0.6847431400599873, 0.6737925333605069, 0.7724992067017445, 0.760674423110227, 0.7034086483295762, 0.7433397554321662, 0.6935188130707378, 0.7481098354644065, 0.7707653681610657, 0.7481098354644065, 0.7328869014927656, 0.7614720822158194, 0.6934720595000692, 0.745977856389115, 0.7205403609368884, 0.7413622710194319, 0.7342137846485582, 0.7358862500300253, 0.7087991609014272, 0.7653992403895996, 0.7479290009769904, 0.6776286850235448, 0.7372394858053607, 0.7284229402072816, 0.7699708837080674, 0.7560679440585875, 0.49391899697891334, 0.7154303530937579, 0.48026450249633074, 0.7299332021778299, 0.4564092787402032, 0.48282547185087393, 0.7047141281993969, 0.6657556672774186, 0.7602009478263451, 0.7243616956356037, 0.6102170557841107, 0.6552272754241143, 0.6731970468737228, 0.6007413307656813, 0.6371392246201798, 0.6263292222561311, 0.6825647800686482, 0.7017004545034892, 0.76655017906566, 0.40541741227830924, 0.5938871842616312, 0.587025545594481, 0.3688217905790528, 0.7205998671978026, 0.6026298506522946, 0.6339644489048282, 0.6854455480655034, 0.6975228086921463, 0.6192580452786692, 0.6881192935443883, 0.7169886759020191, 0.7172908571342523, 0.7069000172672218, 0.647794851884565, 0.6810374882076168, 0.6671557759917274, 0.6817883960459955, 0.7700549856510732, 0.6517988056145271, 0.7318669634200946, 0.6176911533788912, 0.7696240634162298, 0.6492715337793772, 0.6492715337793772, 0.5725982342292454, 0.6778757349876979, 0.7664890924777689, 0.5550258408669058, 0.7782254976797427, 0.8118706993428445, 0.6648382105015077, 0.6423364759136474, 0.7419955264085708, 0.7501376838797583, 0.7151185452991443, 0.7533800310914712, 0.7457325901500211, 0.7020155509251623, 0.7023049397859104, 0.6540813232029191, 0.7592788149777752, 0.7498866503475741, 0.6991300778386802, 0.7269537730351461, 0.5813100495429072, 0.6663604482572655, 0.6480430777931909, 0.6480430777931909, 0.6396711991214731, 0.5923884709523891, 0.5644603074503792, 0.6397468987309646, 0.6438399144309536, 0.5849445829680094, 0.6205926165469987, 0.5579223785184959, 0.46894247234570025, 0.6778188927155457, 0.6476788926298465, 0.6402231330649509, 0.5869619664372759, 0.6390074731964064, 0.6635263951735187, 0.5886353873004847, 0.6497403123709696, 0.6657462130159849, 0.654001202957269, 0.4975136677917165, 0.6513654782920774, 0.6391498504275765, 0.6848175962242499, 0.5340909921208878, 0.7796466215625485, 0.6886961788441323, 0.5355061538449158, 0.3688217905790528, 0.5649716571571187, 0.7866511773021659, 0.5343737778056591, 0.733185779590198, 0.808226917903752, 0.6353481439143825, 0.6017010691343895, 0.6086420631790406, 0.6403547926873133, 0.6504595633875079, 0.6577695758885556, 0.6226638263700813]
[0.649992297105502, 0.7321943970226755, 0.7354930309541609, 0.4397470490238242, 0.9124012218784978, 0.9020444593951975, 0.8915640966294053, 0.8961881423185715, 0.7559832843066848, 0.8679288178338386, 0.860673613204772, 1, 0.9108418953139777, 0.8965611871090853, 0.8732673596605252, 0.7974546073882841, 0.7900143629750183, 0.7972751978387288, 0.7429479717437681, 0.7250301900763789, 0.8089299368839473, 0.7928462862272591, 0.7659625491756087, 0.8056531806184202, 0.7579741996839688, 0.7749093594915123, 0.8180980883451346, 0.7749093594915123, 0.758692772992536, 0.7664602915711957, 0.6878169340612902, 0.7551709834049393, 0.7307797169441548, 0.7775907293806821, 0.7456754634276743, 0.7420418930398273, 0.7069976334680846, 0.7748136493962101, 0.7551956286605183, 0.6988733000846518, 0.7356642326345848, 0.724483277377911, 0.8189735135727614, 0.8074768902320599, 0.5078848762672187, 0.7243438087251386, 0.4805780062224481, 0.7300874935588761, 0.4573948930696628, 0.5308429324447588, 0.7026860198519808, 0.689793161313336, 0.7669748772836757, 0.7280621197617534, 0.6029503208386926, 0.692196635184349, 0.6876392347125203, 0.5947990251839875, 0.6346250817130629, 0.668429534101608, 0.6873172005286832, 0.7126635643861339, 0.7832506150644694, 0.4059677434197755, 0.573466942282418, 0.60625541111861, 0.3754379291176173, 0.7836009138835981, 0.6085298051039794, 0.6687258397422559, 0.6887124921081279, 0.6938150548762283, 0.6526857319049283, 0.6778366598131328, 0.7149697246759024, 0.7094139248986461, 0.7588686298237873, 0.6711361599744522, 0.6864137962489146, 0.6838188191959559, 0.7244210233273382, 0.8375539129826358, 0.6972207900636098, 0.7435084530100394, 0.6136775284274157, 0.8418394064614071, 0.6813499130427401, 0.6813499130427401, 0.585964329045869, 0.6995046077080714, 0.7957485551541152, 0.5781118182585837, 0.8509298164437348, 0.8587392876573602, 0.6651941030314149, 0.6959631011825346, 0.7669895669301153, 0.7769450570474291, 0.7735530921261672, 0.7835724809484944, 0.8132419875595908, 0.7634132546139124, 0.7581613707784779, 0.702300192446752, 0.8052313046172985, 0.768805549977885, 0.7599534027535714, 0.7430974421672719, 0.6294382756506156, 0.6716640371284939, 0.6667875184159588, 0.6667875184159588, 0.6621781166321203, 0.6456598486253705, 0.6221943414362686, 0.6625999246685282, 0.6635550283099677, 0.6393474087752312, 0.6845072839149294, 0.6040264044632674, 0.5034030873483628, 0.6798380100947715, 0.6795928708681348, 0.6646263187145621, 0.6352326190167759, 0.6717406525205837, 0.6911509339917387, 0.6467219587358563, 0.6722692934192714, 0.6765694000685665, 0.6755150000840745, 0.5324218439380791, 0.6836931186836988, 0.6629830212878941, 0.7438728003798358, 0.5691595995943098, 0.871814737469473, 0.7316359147895405, 0.584055069668775, 0.3754379291176173, 0.5654788813944933, 0.8393768792104823, 0.5787225492398536, 0.7594840328695578, 0.8670463791301062, 0.6613767937097451, 0.6590449179887147, 0.6232813611753094, 0.6710107273875326, 0.682546770011142, 0.6662031414610989, 0.6401423746592597]
[0.5606857439937123, 0.6789076258215041, 0.6802515016022156, 0.43363189383023876, 0.8994120869988179, 0.880600699217514, 0.8654044514511959, 0.874588501110396, 0.7314940628570415, 0.8587686616538832, 0.8338285795665467, 0.9108418953139777, 1, 0.8768449859513243, 0.8644877465726147, 0.7449042709166288, 0.7305541968895567, 0.7765918622876873, 0.7226231422742629, 0.7007589073831876, 0.7704321546610758, 0.7684697505750667, 0.7196082227204214, 0.7827686051789721, 0.7413669663638477, 0.7288035228285447, 0.7737927665186494, 0.7288035228285447, 0.7211389498535166, 0.7296610976314342, 0.6521484828980926, 0.721638626102692, 0.6918732396299158, 0.7566623017116534, 0.705458952139652, 0.7033012834621953, 0.6695745642205319, 0.7358020621029243, 0.7183030825222193, 0.6773853144601206, 0.6995392646167765, 0.6896157221966672, 0.8148574997615312, 0.7885763346972509, 0.4915412015704976, 0.6810087190287325, 0.47149694450186735, 0.686638310030181, 0.4386368916238279, 0.5208265805689604, 0.6705807038696033, 0.6649136955964443, 0.7351789194068057, 0.6911139656796282, 0.5984915272774837, 0.6861202391281461, 0.6701094558193335, 0.5370926493463991, 0.5854796883379731, 0.6617089142113742, 0.6643036448347259, 0.6785824320702146, 0.7487793267741275, 0.40298789297725657, 0.5461568871005195, 0.5971087812916634, 0.3522821368256268, 0.7815974983762238, 0.6030947907899687, 0.6648033865689126, 0.643253110941172, 0.647766601650746, 0.6470123932669907, 0.6375140308549438, 0.6676853161869563, 0.6634795187968471, 0.7372684975741753, 0.6486878687066568, 0.6517402572647609, 0.6656143934423823, 0.7088737075558805, 0.819236596694461, 0.6793144718417486, 0.6985664829267826, 0.5804301242294093, 0.8318348509682288, 0.6539450474003917, 0.6539450474003917, 0.5581050277432161, 0.6549229052651205, 0.7508734988642489, 0.5600043647198281, 0.8548790005623504, 0.8203263401975406, 0.6422373153469337, 0.6954098224914959, 0.7271204440864268, 0.7341497801681068, 0.7607639130947055, 0.7548104697800992, 0.7857705299659656, 0.7299801775700848, 0.7438851092941524, 0.6845977281089158, 0.759585890570314, 0.7283719615536844, 0.7444113178347106, 0.7003321513755592, 0.608373887872832, 0.603936368716761, 0.620125571291558, 0.620125571291558, 0.6153017421659625, 0.6311746791639856, 0.6035868606840592, 0.6133044583789843, 0.61581830841775, 0.6155676189468794, 0.6281829313015411, 0.5702644188607208, 0.4695986744128315, 0.6158457060554676, 0.6356588979606731, 0.6068025194102896, 0.6138253409689091, 0.6204697014743059, 0.632614189790405, 0.6222769704547665, 0.6241341623048398, 0.6258024828724453, 0.6276020578642373, 0.5011682437621745, 0.6408672454569807, 0.6043907149533654, 0.6867574429361921, 0.5771658344878327, 0.8561837168246824, 0.7118969738952146, 0.547369441560642, 0.3522821368256268, 0.5515975845295239, 0.8347037571017334, 0.5613464763383699, 0.7085970225908235, 0.8568581179266596, 0.6322002735630473, 0.6358878940421829, 0.6072005782956968, 0.6255540330284642, 0.6397379542761894, 0.5953934521258634, 0.5893816935447638]
