[1.0000000000000002, 0.0007913077217309951, 0.08848223686529091, 0.0750372226115585, 0.3406547081479207, 0.012461614916323057, 0.001136922620568182, 0.011887070092078962, 0.0009911508767360777, 0.02925571506339841, 0.001036563681725709, 0.022965708499791803, 0.030130640068060176, 0.030930642328117416, 0.0, 0.0, 0.08365147656900047, 0.012548967454343335, 0.018774331644622895, 0.001457458020090139, 0.05293214355955618, 0.07878946890972072, 0.0024474346563491066, 0.0, 0.0010188162189732819, 0.0015107732951958291, 0.043238287271751476, 0.09416799620872816, 0.08869642402706275, 0.001461530499937248, 0.11071929807479283, 0.002369730713355922, 0.08183225825131835, 0.01559945791350842, 0.018932157761942913, 0.05745799103048703, 0.06252054900193556, 0.0018033986556792352, 0.1036723456303252, 0.08468687354792517, 0.01656929555135817, 0.21030314704485972, 0.0019410237414343393, 0.018611917954027238, 0.09145006732325187, 0.052982779005056525, 0.056268046039411546, 0.14842206185829873, 0.08092341788677618, 0.05460726286432134, 0.01598183249359127, 0.011083894776260985, 0.01852990244975024, 0.023643435959350367, 0.10038114433402474, 0.0012237767165452253, 0.0019668696504957584, 0.04220169380382636, 0.06691484029649687, 0.013322472415509217, 0.0010131744467820963, 0.0008750634599260839, 0.0013903518611402365, 0.0007144618019964802, 0.0020250086210011307, 0.0007803904411602874, 0.0013976209768077176, 0.0009323965368815194, 0.0022259869580422333, 0.001552114262078949, 0.056761898675381305, 0.0019222298192728613, 0.0006401584649962891, 0.0, 0.0009786576231044055, 0.07626822096931765, 0.06315423755809582, 0.0, 0.0, 0.011392936209148235, 0.0010061076717146694, 0.12402030764218556, 0.0017726792116600804, 0.0016660269209740862, 0.0014739435299604639, 0.0009739507444679545, 0.0009282944363955446, 0.06322510032831448, 0.03347110503701825, 0.0, 0.000948807218580457, 0.046992356587633, 0.01180139475446344, 0.08984929505522722, 0.025924791931144955, 0.0435959221429389, 0.01540567338055537, 0.01763902792964154, 0.0, 0.0, 0.01083523730703863, 0.0, 0.0, 0.000679554612939966, 0.03410001551460751, 0.11256771673397901, 0.0, 0.024245879718879558, 0.0, 0.02815918568226344, 0.021052360634317518, 0.03673855228868485, 0.024926944665769713, 0.001329103549028773, 0.0, 0.0, 0.0009144333289483764, 0.0017686005938664289, 0.001420506141964181, 0.0007902219472492263, 0.0011741213103481887, 0.22389941837375557, 0.03777739999718799, 0.0017411533489880271, 0.0395802413300941, 0.014652846254402278, 0.032683904085420344, 0.0, 0.014538363357928092, 0.037259732620952724, 0.06724809945456167]
[0.0007913077217309951, 1.0, 0.002010799243202127, 0.001290701296121917, 0.0, 0.0008329430747656207, 0.0013736320563031395, 0.0, 0.0011975103602365077, 0.0, 0.0012523781969492876, 0.0015350440517088136, 0.0020139530992947293, 0.0007973973654060231, 0.0, 0.0, 0.0, 0.0, 0.0, 0.0017609035310700444, 0.0012029071368602994, 0.0, 0.0029569951717455314, 0.0, 0.0012309356789504842, 0.001825319147094288, 0.0, 0.0021400107210066384, 0.0020156667442741234, 0.0017658239089088125, 0.0007419810380968651, 0.002863113121141905, 0.0018596754421092122, 0.0013452063064870257, 0.0, 0.0013057590876224745, 0.0014208080296282436, 0.002178869660009923, 0.002356001402313348, 0.0, 0.0, 0.0, 0.0023451485484097356, 0.0, 0.0, 0.0009673302691813739, 0.0011353943664844566, 0.0014666257590580354, 0.0, 0.0, 0.0, 0.0009558104670133048, 0.0, 0.0, 0.0, 0.0014785693390143172, 0.0023763756245262424, 0.0019754016052988214, 0.06218106764904953, 0.08276034889474639, 0.0012241192791392999, 0.0010572533241121496, 0.001679825743152611, 0.0008632140978389618, 0.002446619238437918, 0.0009428692041280684, 0.00168860830242374, 0.0011265232559155322, 0.0026894416446313915, 0.0018752673813205018, 0.001463331668933612, 0.002322441696177549, 0.0007734406658152857, 0.0, 0.001182415987615604, 0.0013571883497363166, 0.001123825813175962, 0.0, 0.0, 0.0009824603984910976, 0.0012155811881631084, 0.10273196188516585, 0.002141754369757863, 0.0020128968708269085, 0.001780821355214544, 0.0011767291279620189, 0.0011215670903649726, 0.0, 0.0, 0.0, 0.0011463506725221102, 0.000836226125073083, 0.0, 0.0017782114145827976, 0.0004613300943841694, 0.0008628088438110323, 0.5281538991529207, 0.0, 0.0, 0.0, 0.0, 0.0, 0.0, 0.000821039166127691, 0.0022792689360901295, 0.0011122194072961512, 0.04433940985113843, 0.0016206115932043126, 0.0, 0.0010189139854408274, 0.0, 0.0014096084515888797, 0.0016661344515807742, 0.0016058254168430505, 0.08432149001389107, 0.0, 0.0011048200741821325, 0.002136826576040496, 0.0017162582021653773, 0.0009547476483433457, 0.0014185755835141268, 0.0, 0.0, 0.00210366476296712, 0.0, 0.0017771771344155995, 0.0, 0.0, 0.0009717543960976081, 0.0009605624193802151, 0.0013309101422064396]
[0.08848223686529091, 0.002010799243202127, 1.0, 0.07612325651071616, 0.0, 0.00175185888947015, 0.002889044403632203, 0.0, 0.0025186225005871385, 0.0, 0.0026340213920639983, 0.003228528634410055, 0.004235777626181969, 0.0016770985981481342, 0.0, 0.0, 0.0, 0.0, 0.0, 0.0037035598204264693, 0.07094531384830832, 0.10378838920530996, 0.006219198447865569, 0.0, 0.0025889231531724664, 0.0038390397505339634, 0.05695725900974917, 0.12621400903550606, 0.1188804234376516, 0.0037139084359772063, 0.00156054611267888, 0.006021744252141654, 0.10968033512611207, 0.002829258922470449, 0.0, 0.07701133815154654, 0.08379671920749335, 0.004582632713477162, 0.1389527535354433, 0.1115569671175752, 0.0, 0.13014329874784247, 0.004932353069644832, 0.0, 0.0, 0.05705141106832693, 0.0023879791719738077, 0.0030846302122803514, 0.0, 0.0, 0.0, 0.0020102755086318955, 0.0, 0.0, 0.0, 0.003109750136261228, 0.004998030344051918, 0.004154695521647886, 0.0019261893219591423, 0.27114461396561645, 0.0025745867945842567, 0.002223631710713134, 0.0035330357500490328, 0.00181552537817865, 0.005145767810377938, 0.0019830572423261816, 0.003551507365934375, 0.0023693213136153405, 0.005656475689151368, 0.003944091657192952, 0.003077702030460951, 0.004884595663238596, 0.0016267124932486982, 0.0, 0.002486875780243319, 0.0028544597430501663, 0.0023636480098982986, 0.0, 0.0, 0.0020663260609175716, 0.002556629348236612, 0.08923889655195918, 0.00450457125509763, 0.004233556149965021, 0.003745451299380494, 0.0024749150881634846, 0.002358897428789987, 0.0, 0.0, 0.0, 0.002411022646023004, 0.0017587638521740225, 0.0, 0.0037399620314638353, 0.0009702766627292306, 0.0018146730415750693, 0.0, 0.0, 0.0, 0.0, 0.0, 0.0, 0.0, 0.0017268224028258905, 0.004793794039654187, 0.0023392372357033554, 0.0, 0.003408495624664673, 0.0, 0.002142995814572618, 0.0, 0.0029647105203234915, 0.003504240011690563, 0.3553233238016996, 0.0, 0.0, 0.0023236748426843706, 0.0044942070423551524, 0.0036096610670969366, 0.00200804017179884, 0.0029835703322988972, 0.0, 0.0, 0.004424460598950374, 0.0, 0.0037377867172556957, 0.0, 0.0, 0.002043809029403742, 0.002020269889098596, 0.002799191006379883]
[0.0750372226115585, 0.001290701296121917, 0.07612325651071616, 1.0000000000000002, 0.0, 0.020326128612881418, 0.0018544334393043253, 0.0, 0.0016166652821953897, 0.02708324938520891, 0.0016907380665888354, 0.03745934598261909, 0.049146059264727836, 0.0010765039531778142, 0.0, 0.0, 0.0, 0.0, 0.0, 0.002377258434251852, 0.04553871245344561, 0.20082630491543665, 0.0039920084138865015, 0.0, 0.0921892462471219, 0.13670478418054768, 0.03655999388102277, 0.23839896131136853, 0.07630752653862789, 0.0023839010523797224, 0.018106401824542352, 0.0038652655840355618, 0.07040213048863223, 0.08511054660976979, 0.0, 0.04943240072539289, 0.05378783310045438, 0.0029415218863502964, 0.08919164839265754, 0.07160671187681102, 0.0, 0.08353699403025737, 0.0031660020369729, 0.0, 0.0, 0.1518353565674836, 0.0015328073266381837, 0.07911278177052333, 0.029675422903938556, 0.0, 0.10914656376555557, 0.0012903651189073557, 0.0, 0.0, 0.0, 0.0019961010752599572, 0.0032081592754389272, 0.002666835544578435, 0.0012363914810658962, 0.0, 0.0016525879070137675, 0.0014273152035529874, 0.002267801640193362, 0.0011653579872179544, 0.003302989696684314, 0.0012728941298378387, 0.002279658288063743, 0.0015208311325712995, 0.0036308052771312376, 0.002531652143381509, 0.001975529886050239, 0.003135347287844493, 0.0010441618826702314, 0.0, 0.0015962875477030412, 0.24578024690524108, 0.0015171895256403066, 0.0, 0.0, 0.0013263431116025712, 0.0016410612967097794, 0.05728108354600434, 0.0028914154295032256, 0.0027174549763919384, 0.002404147934218203, 0.001588610162294156, 0.001514140200246656, 0.03613553561140508, 0.13237395089760237, 0.07094789884669914, 0.0015475985803762176, 0.0011289236313608458, 0.06785771722402298, 0.002400624457054213, 0.03455068725333535, 0.001164810885381362, 0.0, 0.0, 0.0, 0.0, 0.0, 0.0, 0.0, 0.0011084209032973553, 0.05562050389980093, 0.027141248187705577, 0.0, 0.03954743207903688, 0.0, 0.04593042183176202, 0.034338486041435176, 0.059924218801909096, 0.040658316486649394, 0.0021678995747179794, 0.0, 0.0, 0.001491531360655644, 0.002884762799776403, 0.0023169862598732397, 0.001288930290364701, 0.0019151081879445432, 0.1441922210721256, 0.0, 0.002839993623934123, 0.0, 0.023900244030300877, 0.0, 0.0, 0.13821110643842896, 0.060774315561864745, 0.0017967579171523263]
[0.3406547081479207, 0.0, 0.0, 0.0, 0.9999999999999999, 0.0, 0.029355654788676838, 0.017143140384032928, 0.0, 0.018245461492969555, 0.0, 0.0328051628240621, 0.0, 0.0, 0.0, 0.0, 0.12063940020927491, 0.018097706926774225, 0.15203743082272908, 0.0, 0.0, 0.0, 0.0, 0.13844223014386348, 0.02630611501276841, 0.0, 0.0, 0.0457338016258952, 0.0, 0.0, 0.10304515550345286, 0.0, 0.0, 0.020891321665027957, 0.06487496077567917, 0.0, 0.0, 0.04656424933829406, 0.0, 0.0, 0.023895691495143458, 0.035536728071580724, 0.0, 0.026841494147040016, 0.02914475465873302, 0.05478799174484939, 0.01763290047965308, 0.022776989928565073, 0.019991758676383104, 0.017403106693623323, 0.023048471651084316, 0.03527038813402638, 0.1500580055355898, 0.19146818790275819, 0.0750455577294994, 0.0, 0.01884253397836822, 0.0, 0.13563584379824897, 0.0192132302672018, 0.05376781684412047, 0.0, 0.07378411926603601, 0.037915535112315116, 0.0, 0.04141428007829833, 0.0, 0.0, 0.0, 0.0, 0.0, 0.0, 0.016529067650258213, 0.045632559516465485, 0.05193605503899666, 0.0, 0.04936255928427681, 0.0, 0.0, 0.015257805519533544, 0.0, 0.0, 0.0, 0.0, 0.0, 0.0, 0.05281038356621602, 0.059231238820467984, 0.026844653527942575, 0.0, 0.024498463365724008, 0.017870844918241313, 0.017019582238180734, 0.0, 0.020263312932191923, 0.0, 0.022217553983248227, 0.10256556808359332, 0.0, 0.0, 0.13512280015577835, 0.0, 0.0, 0.0, 0.04870986502636679, 0.0, 0.0, 0.0, 0.03835798491012714, 0.04130413722567878, 0.03183314596958593, 0.0, 0.0, 0.0, 0.0, 0.0, 0.0, 0.0, 0.0, 0.0, 0.0, 0.17020574272795333, 0.0651095805773746, 0.07855130959669245, 0.04098594009911315, 0.08488379272915625, 0.0, 0.03120642465553306, 0.045756266237601095, 0.02052801451226395, 0.028442652098924912]
[0.012461614916323057, 0.0008329430747656207, 0.00175185888947015, 0.020326128612881418, 0.0, 1.0000000000000002, 0.14201111186380194, 0.029224271862356332, 0.032746976965366714, 0.04365516773050476, 0.034247386351902664, 0.024174069488595844, 0.08503470737693918, 0.0006947126461028803, 0.0, 0.0, 0.0, 0.025965236494998815, 0.0, 0.0015341434580470156, 0.0010480029610315362, 0.0, 0.0025762085873343448, 0.0, 0.0010724221320579709, 0.0015902639633308064, 0.0, 0.0018644311797068108, 0.0017560995788633398, 0.0015384302150097202, 0.011684812011881308, 0.00249441618291224, 0.0016201960319023596, 0.0011719775776510544, 0.0, 0.03023197027845578, 0.0012378437008813835, 0.0018982860650010158, 0.0020526076952734804, 0.0, 0.0, 0.0, 0.002043152415910591, 0.0, 0.0, 0.0008427624671373509, 0.0009891841369567213, 0.0012777612594682356, 0.019150781108568674, 0.0, 0.0, 0.022129682193671, 0.0, 0.0, 0.028115791141976227, 0.03423301031211407, 0.002070358230251234, 0.0017210195767755616, 0.0007978946987559005, 0.0, 0.0010664835130517348, 0.024478367697639402, 0.0014635064494138003, 0.0007520538392519827, 0.0021315562339185292, 0.0008214513718579932, 0.001471158036007261, 0.000981455402244799, 0.002343109223253829, 0.0016337801216138109, 0.0012748913652773086, 0.002023369634974442, 0.0006738409667036154, 0.0, 0.0010301505562819635, 0.001182416635180666, 0.0009791053222663387, 0.0, 0.0, 0.0008559442164440907, 0.028144100010447076, 0.0013182354514014204, 0.001865950290366551, 0.0017536863954301278, 0.0015514963675452695, 0.0010251960210786195, 0.08625860888365464, 0.023319759754563116, 0.09647663597030705, 0.0, 0.0009987295464214938, 0.000728541238400098, 0.0, 0.0015492225216045714, 0.08764242562247208, 0.0007517007717472467, 0.0, 0.14870905329212705, 0.0, 0.0, 0.0, 0.0, 0.0, 0.2682620264532566, 0.09623708073521911, 0.04696100017001446, 0.0, 0.025521598044390602, 0.047518723808026325, 0.08080928879289391, 0.06159565752205097, 0.07007987038111302, 0.07034883562602481, 0.0013990355033920328, 0.0, 0.0, 0.025579670830805295, 0.0018616570725038385, 0.001495247324293549, 0.04005277677138315, 0.032843987290664435, 0.023161387951754417, 0.0, 0.08908258273692707, 0.03191365663488069, 0.015423818671339627, 0.019183712249386555, 0.0, 0.015303312156391576, 0.0008368661461212964, 0.00115952239965905]
[0.001136922620568182, 0.0013736320563031395, 0.002889044403632203, 0.0018544334393043253, 0.029355654788676838, 0.14201111186380194, 1.0, 0.04819464603093835, 0.0540040474186134, 0.07741941293740491, 0.24398426708433563, 0.04169227029648794, 0.0908231129221259, 0.0011456720027051266, 0.0, 0.0, 0.0, 0.0, 0.0, 0.002530003186032985, 0.0017282939326659322, 0.0, 0.004248504857647857, 0.038273456874621574, 0.03343259301729121, 0.0026225532382624685, 0.0, 0.05812335178151326, 0.0028960378550069565, 0.0025370726088542366, 0.0010660518064952757, 0.0041136184865619005, 0.002671915133627189, 0.0019327442879370662, 0.04522405094921291, 0.0018760679353450485, 0.0020413661386188215, 0.059178772560191356, 0.003385018514062966, 0.0, 0.0, 0.0, 0.0033694255219034216, 0.0, 0.0, 0.04925417837351288, 0.0016312939998842644, 0.09686190338568251, 0.0, 0.0, 0.0, 0.025960107332796148, 0.0, 0.0, 0.0, 0.002124355521170289, 0.02609458979254362, 0.002838186344066052, 0.0013158327009007737, 0.0, 0.0017587707796944826, 0.001519023746191411, 0.0024135135214214524, 0.0012402351288568635, 0.0035152149785832344, 0.001354680735410207, 0.002426131988330868, 0.0016185483056386566, 0.0038640935233019043, 0.0026943170739861955, 0.0021024625820218984, 0.0033368011290967905, 0.02100688723660382, 0.0, 0.0016988529826310066, 0.0019499596589446252, 0.0016146727164284363, 0.0, 0.0, 0.0014115639468468084, 0.001746503556083841, 0.002173942648253313, 0.003077196043723488, 0.002892058199947656, 0.0025586204030782628, 0.001690682306163938, 0.001611427464313634, 0.0, 0.08715534019389827, 0.0, 0.031135238132187958, 0.022712159691261533, 0.0, 0.0025548705337656258, 0.0006628225726230424, 0.001239652874370048, 0.0, 0.0, 0.11994995330639979, 0.0, 0.0, 0.0, 0.09906705558870813, 0.0011796396960477766, 0.16141891992702304, 0.05015768681922781, 0.03347826413918381, 0.002328436749534696, 0.24281384079617885, 0.20270860483228406, 0.1033512562765388, 0.0020252749856272674, 0.07513755781718912, 0.002307192500407371, 0.0, 0.0, 0.0015873659506920534, 0.0030701159660332152, 0.0024658583749304365, 0.0013717472590326024, 0.0020381586399218707, 0.03575395731374793, 0.01994170226090816, 0.17642539979908148, 0.1125337351194735, 0.0025533845170292785, 0.0, 0.0, 0.0013961819456824707, 0.02608917182595952, 0.036147930300396265]
[0.011887070092078962, 0.0, 0.0, 0.0, 0.017143140384032928, 0.029224271862356332, 0.04819464603093835, 1.0, 0.042015318196129414, 0.017648477729531063, 0.04394038681746929, 0.0, 0.07066066658683211, 0.0, 0.0, 0.0, 0.02078122234649492, 0.017505557630089368, 0.11851453740558276, 0.0, 0.0, 0.0, 0.0, 0.0, 0.0, 0.0, 0.0, 0.0, 0.0, 0.0, 0.05144215330026903, 0.0, 0.0, 0.020207766478682127, 0.026409979942128865, 0.0, 0.0, 0.0, 0.0, 0.0, 0.023113834601897282, 0.03437398139769488, 0.0, 0.02596325184013062, 0.02819115064453113, 0.06575721045675804, 0.01705595945282645, 0.02203173647621503, 0.019337636809584613, 0.016833684422036272, 0.02229433543188966, 0.014358239789794848, 0.025848841858440465, 0.03298211843050743, 0.0, 0.0, 0.0, 0.0, 0.0, 0.01858458151983281, 0.0, 0.055987882769822375, 0.0, 0.0, 0.0, 0.0, 0.0, 0.0, 0.0, 0.0, 0.0, 0.0, 0.040958306149989576, 0.0, 0.0, 0.0, 0.0, 0.0, 0.0, 0.014758576592692012, 0.0, 0.0, 0.0, 0.0, 0.0, 0.0, 0.0, 0.057293217802046936, 0.1976809813549381, 0.0, 0.0, 0.0, 0.016462708724150135, 0.0, 0.0, 0.0, 0.021490605037811684, 0.024606089790616476, 0.0, 0.0, 0.01511493848431409, 0.0, 0.0, 0.0, 0.07996942054469304, 0.03902283759134163, 0.0, 0.0, 0.06297422144086254, 0.12176865261395889, 0.05226206715876621, 0.0, 0.058457255540464985, 0.0, 0.0, 0.14473556743106922, 0.0, 0.0, 0.0, 0.06619343671520875, 0.0, 0.0, 0.011645572337470057, 0.0, 0.07817908736508894, 0.04939136489399996, 0.04559338994425488, 0.0, 0.0, 0.0, 0.0]
[0.0009911508767360777, 0.0011975103602365077, 0.0025186225005871385, 0.0016166652821953897, 0.0, 0.032746976965366714, 0.0540040474186134, 0.042015318196129414, 1.0, 0.0, 0.21270156460568568, 0.001922716303527886, 0.07917813083504072, 0.0009987784475302957, 0.0, 0.0, 0.0, 0.0, 0.0, 0.0022056161348328806, 0.0015066988866519369, 0.0, 0.003703778285606402, 0.0, 0.0015418059800157554, 0.0022862997836139904, 0.0, 0.0026804660741973577, 0.0025247192791506908, 0.002211779144083061, 0.0009293668395179105, 0.003586186514149889, 0.002329332691028258, 0.0016849354220238133, 0.0, 0.001635525888300482, 0.0017796302065132914, 0.002729138759177466, 0.0029510047625797573, 0.0, 0.0, 0.0, 0.002937411042505697, 0.0, 0.0, 0.0012116275603821273, 0.001422135903489685, 0.0018370191102826804, 0.0, 0.0, 0.0, 0.0011971984556164983, 0.0, 0.0, 0.0, 0.0018519790170546508, 0.002976524453155949, 0.0024742852612569064, 0.0011471218107033782, 0.0, 0.0015332681123019665, 0.001324260499864201, 0.002104062316550409, 0.0010812170618181864, 0.0030645079488324086, 0.001180988903121907, 0.0021150628932950976, 0.0014110244119971231, 0.0033686546596257117, 0.002348862342761568, 0.0018328931044000036, 0.0029089696209451733, 0.0009687715322039542, 0.0, 0.0014810327393599808, 0.0016999435059151793, 0.0014076457355823126, 0.0, 0.0, 0.0012305787730629016, 0.001522573743822669, 0.0018952082778627432, 0.002682650077892805, 0.0025212498798003976, 0.002230564164937162, 0.0014739096748722542, 0.0014048165769213574, 0.0, 0.04781132122534998, 0.0, 0.0014358592023237394, 0.0010474133314442224, 0.0, 0.0022272950891094605, 0.0005778380710267457, 0.0010807094617100962, 0.0, 0.0, 0.0, 0.0, 0.0, 0.0, 0.0, 0.0010283909369189267, 0.08960896561751458, 0.04372666562046813, 0.0, 0.0020298937535190107, 0.06831699042739603, 0.07484043535263117, 0.05669601084555239, 0.001765602197828494, 0.06550371587214678, 0.0020113733584039718, 0.0, 0.0, 0.0013838401358776315, 0.002676477779898974, 0.0021496957189556876, 0.0011958672242540177, 0.0017768339606755374, 0.0, 0.0, 0.002634941018410113, 0.024913846968559868, 0.0022259996035905445, 0.0, 0.0, 0.0012171689915490382, 0.0012031505038846084, 0.0016670287905433704]
[0.02925571506339841, 0.0, 0.0, 0.02708324938520891, 0.018245461492969555, 0.04365516773050476, 0.07741941293740491, 0.017648477729531063, 0.0, 1.0, 0.0, 0.032210381282350806, 0.04225950202591368, 0.0, 0.0, 0.0, 0.022117475771998157, 0.05525425633776928, 0.027873847075045623, 0.0, 0.0, 0.0, 0.0, 0.0, 0.0, 0.0, 0.0, 0.0, 0.0, 0.0, 0.015569254911459727, 0.0, 0.0, 0.0215071461171211, 0.028108168122627966, 0.04103659513674874, 0.0, 0.0, 0.0, 0.0, 0.02460007733335575, 0.03658426285395395, 0.0, 0.027632714955924155, 0.030003869886428183, 0.015465667490905832, 0.01815267474050671, 0.02344839921362578, 0.047592584894209956, 0.017916107202454692, 0.023727883545348223, 0.04532011368440097, 0.02751094829774038, 0.03510290170293858, 0.03965635723446057, 0.04646756964733713, 0.0, 0.0, 0.0, 0.019779588738530383, 0.0, 0.033226708532865294, 0.0, 0.0, 0.0, 0.0, 0.0, 0.0, 0.0, 0.0, 0.0, 0.0, 0.0, 0.07665967390155659, 0.0, 0.0, 0.0, 0.0, 0.0, 0.015707567859842512, 0.03820253946332855, 0.0, 0.0, 0.0, 0.0, 0.0, 0.0, 0.03289171977337963, 0.18185968116192325, 0.0, 0.0, 0.0, 0.017521277395372594, 0.0, 0.014498399043970323, 0.0, 0.022872472481367354, 0.02618828602636856, 0.0, 0.0, 0.016086844178270634, 0.0, 0.08472989522734325, 0.0, 0.0478267196272017, 0.02333809973645954, 0.028633230250457664, 0.034005875772489536, 0.10116117983337725, 0.09798237554358931, 0.03125598780277984, 0.09711307535718057, 0.03496109827814726, 0.0, 0.0, 0.0, 0.034721607157807644, 0.0, 0.12664073706894668, 0.05531983970442462, 0.04458212272337422, 0.06324792285190967, 0.012394394310904878, 0.0, 0.10284150358554084, 0.01957091204020888, 0.09058779823769164, 0.04890359132212633, 0.020390671900432204, 0.0, 0.0]
[0.001036563681725709, 0.0012523781969492876, 0.0026340213920639983, 0.0016907380665888354, 0.0, 0.034247386351902664, 0.24398426708433563, 0.04394038681746929, 0.21270156460568568, 0.0, 1.0, 0.0020108118120845987, 0.08280593473397493, 0.0010445407345141952, 0.0, 0.0, 0.0, 0.0, 0.0, 0.002306673620392489, 0.0015757332025402922, 0.0, 0.003873478948701171, 0.0, 0.0016124488417088973, 0.002391054053279783, 0.0, 0.002803280356024665, 0.002640397514390917, 0.0023131190079806172, 0.0009719488076495848, 0.003750499327310927, 0.002436058653479085, 0.0017621362251875727, 0.0, 0.0017104628327800871, 0.0018611697595914101, 0.0028541831385642904, 0.003086214655394282, 0.0, 0.0, 0.0, 0.0030719980947686, 0.0, 0.0, 0.001267142222590662, 0.0014872956909345657, 0.0019211881228675398, 0.0, 0.0, 0.0, 0.0012520520014034297, 0.0, 0.0, 0.0, 0.0019368334664835308, 0.0031129036136962407, 0.002587652697734591, 0.0011996809319346222, 0.0, 0.0016035197837831895, 0.0013849358069716762, 0.0022004667832267563, 0.001130756542367812, 0.003204918359735529, 0.0012350997554767041, 0.0022119713872171503, 0.0014756750902759435, 0.003523000542503572, 0.002456483119802683, 0.0019168730705894715, 0.003042253536862973, 0.001013158954648014, 0.0, 0.0015488910771312174, 0.0017778319533145682, 0.001472141608798906, 0.0, 0.0, 0.0012869617467929102, 0.0015923354179869984, 0.0019820434166467993, 0.0028055644269613825, 0.00263676915321168, 0.0023327647257364685, 0.0015414416462485232, 0.0014691828230210609, 0.0, 0.05000195259950917, 0.0, 0.00150164776739309, 0.0010954039840086979, 0.0, 0.002329345866554341, 0.000604313603915882, 0.11890681913434224, 0.0, 0.0, 0.0, 0.0, 0.0, 0.0, 0.0, 0.0010755100165339255, 0.0937146921788546, 0.04573014519686555, 0.0, 0.002122899945958445, 0.07144715581046511, 0.07826949360781864, 0.05929372320665912, 0.0018464990120080778, 0.06850498192035319, 0.002103530978631615, 0.0, 0.0, 0.0014472452780234827, 0.0027991093250355663, 0.0022481910285633033, 0.001250659775341071, 0.001858245394644938, 0.0, 0.0, 0.002755669421559275, 0.026055355996580425, 0.0023279910241477716, 0.0, 0.0, 0.0012729375524715353, 0.0012582767621451228, 0.0017434091430749104]
[0.022965708499791803, 0.0015350440517088136, 0.003228528634410055, 0.03745934598261909, 0.0328051628240621, 0.024174069488595844, 0.04169227029648794, 0.0, 0.001922716303527886, 0.032210381282350806, 0.0020108118120845987, 1.0, 0.058449903293599274, 0.0012802969943020315, 0.0, 0.0, 0.0, 0.0, 0.0, 0.0028272974001323217, 0.0019313813395439529, 0.0, 0.004747735815033365, 0.04277087306177143, 0.037361171653574776, 0.0029307227726753566, 0.0, 0.06495327843302814, 0.0032363438683982748, 0.0028351975327777276, 0.021534126061641432, 0.004596999290909622, 0.0029858850583201857, 0.002159856134004813, 0.0505382136979231, 0.0020965198879411666, 0.002281241860997365, 0.06613271901242164, 0.0037827833961017075, 0.0, 0.0, 0.0, 0.0037653581112497593, 0.0, 0.0, 0.055041911105036465, 0.0018229831923476895, 0.0023548065651456374, 0.03529327935712518, 0.0, 0.0, 0.02901061325707502, 0.0, 0.0, 0.0, 0.0023739831139814203, 0.029160898407270264, 0.0031716943741288985, 0.0014704528416421311, 0.0, 0.0019654394430450636, 0.0016975203478222982, 0.002697119332485343, 0.0013859719919435975, 0.003928278914714773, 0.001513865809489413, 0.002711220563220387, 0.001808739784117049, 0.004318153286371862, 0.0030109193934880593, 0.0023495175914567024, 0.0037289001093498823, 0.023475352915286206, 0.0, 0.0018984808586470544, 0.002179094439300508, 0.001804408784314943, 0.0, 0.0, 0.001577433221852262, 0.0019517307293119433, 0.002429397097748647, 0.0034387894932885886, 0.0032318965742348933, 0.002859277353279338, 0.0018893500668519308, 0.0018007821909107893, 0.042976356467809604, 0.10103919788726182, 0.0, 0.0347938604621536, 0.02538100758172589, 0.0, 0.0028550868463989567, 0.0007407091606333305, 0.14574447707921803, 0.0, 0.0, 0.0, 0.0, 0.0, 0.0, 0.0, 0.0013182561445538345, 0.13167046585620837, 0.03227935984233695, 0.0, 0.04703415930214549, 0.051595956193656776, 0.11018438742059367, 0.08365839536575308, 0.07126847699119315, 0.04835534531719428, 0.0025783047997796093, 0.0, 0.0, 0.0017738932702639296, 0.0034308774537477097, 0.0027556150960690693, 0.0015329377767237921, 0.002277657457318793, 0.04268449055136831, 0.02228500077301618, 0.036362621265209706, 0.0, 0.028424800953819582, 0.0, 0.0, 0.028202717579136127, 0.029154843789267502, 0.04039558128728075]
[0.030130640068060176, 0.0020139530992947293, 0.004235777626181969, 0.049146059264727836, 0.0, 0.08503470737693918, 0.0908231129221259, 0.07066066658683211, 0.07917813083504072, 0.04225950202591368, 0.08280593473397493, 0.058449903293599274, 1.0, 0.09318442011026416, 0.0, 0.0, 0.1587487198544038, 0.0, 0.0, 0.003709368702015945, 0.0025339412444642983, 0.0, 0.006228953005403926, 0.0, 0.0025929837728924684, 0.003845061126833908, 0.11492016769564635, 0.004507963468990762, 0.004246031087439168, 0.0037197335489454805, 0.028252426941212563, 0.006031189110877261, 0.003917433158121813, 0.002833696498981554, 0.0, 0.002750600363130874, 0.0029929526198822247, 0.0045898203848234774, 0.004962950956396931, 0.0, 0.0, 0.0, 0.004940089263017767, 0.0, 0.0, 0.002037695172792131, 0.002391724619305757, 0.0030894683281794465, 0.04630421470083004, 0.0, 0.0, 0.11169668720764349, 0.0, 0.0, 0.0, 0.0031146276517302, 0.0050058695495344575, 0.1267896575253389, 0.0019292104708625466, 0.0, 0.002578624928314157, 0.002227119385796683, 0.0035385771716321883, 0.0018183729552277265, 0.005153838736013474, 0.001986167586228902, 0.0035570777594889974, 0.002373037496862147, 0.005665347639136029, 0.003950277803097309, 0.003082529279791186, 0.004892256951079479, 0.0016292639250363762, 0.0, 0.002490776342846762, 0.002858936846014145, 0.0023673552948010484, 0.0, 0.0, 0.002069567008545018, 0.002560639316448864, 0.0031873299069052484, 0.004511636490250009, 0.004240196309047077, 0.003751325886035541, 0.00247879689091225, 0.0023625972626012256, 0.05638428826090691, 0.16559542101292954, 0.0, 0.0024148042360983275, 0.0017615224010989732, 0.0, 0.0037458280084274277, 0.0009717985018559378, 0.0018175192817691613, 0.0, 0.0, 0.0, 0.0, 0.0, 0.0, 0.0, 0.001729530852898371, 0.232689331222676, 0.1135458769076071, 0.0, 0.06170806029561847, 0.1148943835263097, 0.19538684280681026, 0.14893066420479878, 0.09350309520997083, 0.17009476377563365, 0.003382694416269179, 0.0, 0.0, 0.002327319431314788, 0.004501256021665177, 0.003615322672345287, 0.002011189700401174, 0.002988249939923596, 0.05600136487421903, 0.0, 0.004431400183826215, 0.0418996953878346, 0.14432265471941363, 0.0, 0.0, 0.03700151172457004, 0.0020234385995106245, 0.002803581422598545]
[0.030930642328117416, 0.0007973973654060231, 0.0016770985981481342, 0.0010765039531778142, 0.0, 0.0006947126461028803, 0.0011456720027051266, 0.0, 0.0009987784475302957, 0.0, 0.0010445407345141952, 0.0012802969943020315, 0.09318442011026416, 0.9999999999999998, 0.10556868795857746, 0.0, 0.06285439865397552, 0.0, 0.0, 0.001468674137120118, 0.0010032796062316818, 0.0, 0.002466269307605231, 0.0, 0.0010266566931320768, 0.0015223997090280685, 0.04550107894002961, 0.0017848668843274678, 0.0016811583168156873, 0.0014727779574311983, 0.029002560537910733, 0.0023879673806521044, 0.001551054431473327, 0.0011219636263820896, 0.0, 0.0010890628404472246, 0.0011850189235861053, 0.0018172770179339193, 0.0019650129978975588, 0.0, 0.0, 0.0, 0.001955961221033614, 0.0, 0.0, 0.0008067977168157625, 0.0009469708658453891, 0.0012232330068949232, 0.0, 0.08157154038126613, 0.0, 0.044224785639321, 0.0, 0.0, 0.0, 0.0012331944992066332, 0.001982006031700968, 0.09107953095898336, 0.0007638446731049622, 0.05621049022950758, 0.0010209715037197565, 0.14080732441026875, 0.0014010515512667722, 0.3400377939028607, 0.002040592420580113, 0.043626001051001874, 0.0014083766076549513, 0.000939571953622074, 0.002243117420727577, 0.0015640588223801099, 0.057198719557774565, 0.001937022667035397, 0.0006450849137599292, 0.06551610398050907, 0.0009861890499322887, 0.06279630314870463, 0.0009373221629219772, 0.0, 0.0, 0.0008194169371287408, 0.0010138503450782656, 0.0591433764079383, 0.001786321167188488, 0.0016788481155904401, 0.2120286671958813, 0.0009814459487076706, 0.0009354382847214449, 0.0, 0.0, 0.0, 0.000956108926523873, 0.000697450860316412, 0.0, 0.0014831097041088572, 0.000384770412655991, 0.000719622064369277, 0.0, 0.0, 0.0, 0.0, 0.0, 0.0, 0.0, 0.0006847842414863343, 0.001901014609211835, 0.000927641889221669, 0.0, 0.0013516642401244228, 0.0, 0.0008498208970355018, 0.0, 0.001175677962924236, 0.001389632387479243, 0.0013393318923123384, 0.0, 0.0, 0.0009214705067553668, 0.0017822111616952504, 0.001431437889507132, 0.0007963032351613525, 0.09064222721710417, 0.04058732438751087, 0.0, 0.0017545526918577327, 0.0, 0.043859231508220166, 0.03293542864953508, 0.0, 0.0008104876411452696, 0.0008011530203338175, 0.0011100399710719327]
[0.0, 0.0, 0.0, 0.0, 0.0, 0.0, 0.0, 0.0, 0.0, 0.0, 0.0, 0.0, 0.0, 0.10556868795857746, 1.0, 0.0, 0.0, 0.0, 0.0, 0.0, 0.0, 0.0, 0.0, 0.0, 0.0, 0.0, 0.0, 0.0, 0.0, 0.0, 0.0, 0.0, 0.0, 0.0, 0.0, 0.0, 0.0, 0.0, 0.0, 0.0, 0.0, 0.0, 0.0, 0.0, 0.0, 0.0, 0.0, 0.0, 0.0, 0.0, 0.0, 0.0, 0.0, 0.0, 0.0, 0.0, 0.0, 0.0, 0.0, 0.0, 0.0, 0.0, 0.0, 0.0, 0.0, 0.0, 0.0, 0.0, 0.0, 0.0, 0.0, 0.0, 0.0, 0.137542366185074, 0.0, 0.0, 0.0, 0.0, 0.0, 0.0, 0.0, 0.0, 0.0, 0.0, 0.0, 0.0, 0.0, 0.0, 0.0, 0.0, 0.0, 0.0, 0.0, 0.0, 0.0, 0.0, 0.0, 0.0, 0.0, 0.0, 0.0, 0.0, 0.0, 0.0, 0.0, 0.0, 0.0, 0.0, 0.0, 0.0, 0.0, 0.0, 0.0, 0.0, 0.0, 0.0, 0.0, 0.0, 0.0, 0.0, 0.1878074465989809, 0.0, 0.0, 0.0, 0.0, 0.0, 0.0, 0.0, 0.0, 0.0, 0.0]
[0.0, 0.0, 0.0, 0.0, 0.0, 0.0, 0.0, 0.0, 0.0, 0.0, 0.0, 0.0, 0.0, 0.0, 0.0, 1.0, 0.0, 0.0, 0.0, 0.0, 0.0, 0.0, 0.0, 0.0, 0.0, 0.0, 0.0, 0.0, 0.0, 0.0, 0.0, 0.0, 0.0, 0.0, 0.0, 0.0, 0.0, 0.0, 0.0, 0.0, 0.0, 0.0, 0.0, 0.0, 0.0, 0.0, 0.0, 0.0, 0.0, 0.0, 0.0, 0.0, 0.0, 0.0, 0.0, 0.0, 0.0, 0.0, 0.0, 0.0, 0.0, 0.0, 0.0, 0.0, 0.0, 0.0, 0.0, 0.0, 0.0, 0.0, 0.0, 0.0, 0.19674811648118082, 0.0, 0.15654190727137057, 0.0, 0.0, 0.0, 0.0, 0.0, 0.0, 0.0, 0.0, 0.0, 0.0, 0.0, 0.0, 0.0, 0.0, 0.0, 0.0, 0.0, 0.0, 0.0, 0.0, 0.0, 0.0, 0.0, 0.0, 0.0, 0.0, 0.0, 0.0, 0.0, 0.0, 0.0, 0.0, 0.0, 0.0, 0.0, 0.0, 0.0, 0.0, 0.0, 0.0, 0.0, 0.0, 0.0, 0.0, 0.0, 0.0, 0.0, 0.0, 0.0, 0.0, 0.0, 0.0, 0.0, 0.0, 0.0, 0.0]
[0.08365147656900047, 0.0, 0.0, 0.0, 0.12063940020927491, 0.0, 0.0, 0.02078122234649492, 0.0, 0.022117475771998157, 0.0, 0.0, 0.1587487198544038, 0.06285439865397552, 0.0, 0.0, 0.9999999999999998, 0.021938365035923516, 0.07633099244471968, 0.0, 0.0, 0.0, 0.07379549599653938, 0.06666631881101232, 0.0, 0.0, 0.10393078562869126, 0.05340663187534857, 0.0, 0.0, 0.12491318628183765, 0.0, 0.0, 0.22815823297237095, 0.11049374427638338, 0.03258684371344707, 0.03545803329817036, 0.0543764050779047, 0.0, 0.0, 0.0673659546174727, 0.10018398551094963, 0.0, 0.10862472882194417, 0.08216394240261338, 0.08530179575182774, 0.07418358426872124, 0.06421214762344069, 0.08325418673288322, 0.04906227116147433, 0.06497750004701132, 0.15944858995123684, 0.10814606176929065, 0.09612735972400238, 0.0, 0.0, 0.0, 0.08423324655088692, 0.13809111718887976, 0.02329062244330739, 0.0, 0.0, 0.0, 0.0, 0.0, 0.0, 0.0, 0.0, 0.0, 0.0, 0.0, 0.0, 0.0, 0.0, 0.0, 0.0, 0.0, 0.0, 0.0, 0.01849578559808841, 0.0, 0.0, 0.0, 0.0, 0.0, 0.0, 0.0, 0.09242437367544715, 0.03134842234449917, 0.053322704820542174, 0.0, 0.0, 0.020631442945279344, 0.0, 0.0, 0.0, 0.026932517553853133, 0.030836914272607447, 0.0, 0.0, 0.01894238646785216, 0.0, 0.0, 0.0, 0.0, 0.0, 0.0, 0.0, 0.0, 0.0, 0.0, 0.0, 0.0, 0.0, 0.0, 0.0, 0.0, 0.0, 0.0, 0.0, 0.0, 0.0, 0.014594497495614308, 0.0, 0.012322653155769435, 0.07351854810927877, 0.0, 0.0, 0.0, 0.0, 0.0]
[0.012548967454343335, 0.0, 0.0, 0.0, 0.018097706926774225, 0.025965236494998815, 0.0, 0.017505557630089368, 0.0, 0.05525425633776928, 0.0, 0.0, 0.0, 0.0, 0.0, 0.0, 0.021938365035923516, 1.0000000000000002, 0.027648120354767523, 0.0, 0.0, 0.0, 0.0, 0.0, 0.0, 0.0, 0.0, 0.0, 0.0, 0.0, 0.0, 0.0, 0.0, 0.02133297792489098, 0.027880543834302635, 0.04070427444894919, 0.0, 0.0, 0.0, 0.0, 0.024400862106261488, 0.03628799784089058, 0.0, 0.027408940960802958, 0.029760893912323144, 0.015340424126032844, 0.018005671575768892, 0.023258510453885762, 0.020414397583900193, 0.01777101979819102, 0.023535731478308036, 0.16635548816819665, 0.02728816038783078, 0.03481863298135466, 0.03933521392644819, 0.04609126808883507, 0.0, 0.0, 0.0, 0.01961941057286931, 0.0, 0.032957633513454904, 0.0, 0.0, 0.0, 0.0, 0.0, 0.14308548959924472, 0.0, 0.0, 0.0, 0.0, 0.0, 0.0, 0.0, 0.0, 0.0, 0.0, 0.0, 0.015580365548406926, 0.037893169396249725, 0.0, 0.0, 0.0, 0.0, 0.0, 0.0, 0.0, 0.039157360494091485, 0.12189132620593583, 0.0, 0.0, 0.017379387383890072, 0.2258597410488106, 0.01438098876842897, 0.0, 0.022687247665289047, 0.025976209239891208, 0.0, 0.0, 0.015956570428608114, 0.0, 0.0, 0.0, 0.0, 0.0, 0.0, 0.0, 0.0, 0.0, 0.15845970441973317, 0.043941558456624834, 0.0, 0.0, 0.0, 0.0, 0.034440426218362324, 0.0, 0.0, 0.05487185109527532, 0.04422108980537446, 0.0, 0.012294022590772322, 0.0, 0.030784662917652344, 0.0, 0.026838847301950932, 0.0, 0.0, 0.0, 0.0]
[0.018774331644622895, 0.0, 0.0, 0.0, 0.15203743082272908, 0.0, 0.0, 0.11851453740558276, 0.0, 0.027873847075045623, 0.0, 0.0, 0.0, 0.0, 0.0, 0.0, 0.07633099244471968, 0.027648120354767523, 1.0, 0.0, 0.02505729542704759, 0.0, 0.5842008854982639, 0.24088188678027936, 0.025641147195835264, 0.038022520372409996, 0.03846743661984466, 0.08220183407180236, 0.04198757788201367, 0.03678319797250544, 0.1335450544194411, 0.05964040707644484, 0.038738183126074195, 0.2740321916589299, 0.13285789263286168, 0.0732371995255251, 0.07862073620202635, 0.08369447895661479, 0.049076958108662416, 0.0, 0.09560859398340618, 0.14218532267145328, 0.04885088648754029, 0.13061058482189705, 0.1166105201633992, 0.1712708328181417, 0.08779182944965626, 0.07632235633728246, 0.0989350751343518, 0.06963123717339163, 0.09221879887738059, 0.0891631235968462, 0.31845532298639245, 0.3768449599389298, 0.0, 0.0, 0.0, 0.0, 0.0, 0.029352320986343966, 0.0, 0.0884267587436323, 0.0, 0.0, 0.0, 0.0, 0.0, 0.0, 0.0, 0.0, 0.0, 0.0, 0.06468918053863477, 0.0, 0.0, 0.0, 0.0, 0.0, 0.0, 0.023309563198285872, 0.0, 0.0, 0.0, 0.0, 0.0, 0.0, 0.0, 0.014528707873165044, 0.12714534334880237, 0.037564969453952324, 0.0, 0.0, 0.026001054167416465, 0.0, 0.0, 0.0, 0.033942068406943825, 0.038862637018876135, 0.0, 0.0, 0.13404990933511185, 0.0, 0.0, 0.0, 0.0, 0.0, 0.0, 0.0, 0.0, 0.0852201256938602, 0.0, 0.0, 0.0, 0.0, 0.0, 0.0, 0.0, 0.0, 0.0, 0.0, 0.0, 0.0, 0.14177398594932125, 0.0, 0.015529789798961066, 0.07800827770995027, 0.07200979021621554, 0.0, 0.0, 0.0, 0.0]
[0.001457458020090139, 0.0017609035310700444, 0.0037035598204264693, 0.002377258434251852, 0.0, 0.0015341434580470156, 0.002530003186032985, 0.0, 0.0022056161348328806, 0.0, 0.002306673620392489, 0.0028272974001323217, 0.003709368702015945, 0.001468674137120118, 0.0, 0.0, 0.0, 0.0, 0.0, 1.0000000000000002, 0.0022155561052855564, 0.0, 0.005446296314410823, 0.0, 0.002267180046691578, 0.0033619361432960216, 0.0, 0.34794723048657555, 0.0037125249528021016, 0.003252355749134176, 0.12063969808427782, 0.005273381095922308, 0.0034252147596104793, 0.002477647653654325, 0.0, 0.0024049923971396713, 0.0026168935306991846, 0.00401311774611001, 0.004339365135517425, 0.0, 0.0, 0.0, 0.004319375972606079, 0.0, 0.0, 0.1572795336133499, 0.0020912087421288673, 0.0027012822146282307, 0.0, 0.18013555063485195, 0.0, 0.001760444884560612, 0.0, 0.0, 0.0, 0.0027232803146313386, 0.0043768910849702174, 0.003638363222645818, 0.0016868086607919608, 0.0, 0.0022546253649917466, 0.001947285858810362, 0.00309396134332674, 0.0015898976787414182, 0.00450626821051088, 0.0017366092175195738, 0.0031101373657452035, 0.0020748696228574132, 0.0049535069441227495, 0.003453932534286735, 0.002695215045132856, 0.004277553704242, 0.001424549856521628, 0.0, 0.00217781479556825, 0.002499716596685166, 0.0020699013792189963, 0.0, 0.0, 0.001809529653103242, 0.002238899612761896, 0.0027868476627981504, 0.003944757516631259, 0.003707423303773014, 0.003279978566148199, 0.0021673405401254828, 0.0020657411851685253, 0.0, 0.0, 0.0, 0.0021113884467704566, 0.0015401902940244318, 0.0, 0.0032751714869282762, 0.0008496937758907912, 0.0015891512678105509, 0.0, 0.0, 0.0, 0.0, 0.0, 0.0, 0.0, 0.001512218426054634, 0.004198036616627597, 0.002048524298129798, 0.0, 0.002984898667233828, 0.0, 0.0018766711344788002, 0.0, 0.0025962657592433604, 0.0030687442474248883, 0.0029576649745345486, 0.0, 0.0, 0.002034895949645148, 0.00393568133516924, 0.003161063910534864, 0.0017584873482547046, 0.0026127817339808095, 0.0, 0.0, 0.003874602757142989, 0.0, 0.0032732665138270334, 0.0, 0.0, 0.0017898109663989567, 0.001769197195321702, 0.0024513164822085472]
[0.05293214355955618, 0.0012029071368602994, 0.07094531384830832, 0.04553871245344561, 0.0, 0.0010480029610315362, 0.0017282939326659322, 0.0, 0.0015066988866519369, 0.0, 0.0015757332025402922, 0.0019313813395439529, 0.0025339412444642983, 0.0010032796062316818, 0.0, 0.0, 0.0, 0.0, 0.02505729542704759, 0.0022155561052855564, 1.0, 0.062088641877289574, 0.046219770931003046, 0.02138444832249138, 0.019240330743693933, 0.02853093358447055, 0.12412753358328325, 0.10626139508899675, 0.10008714357295971, 0.027600984051007197, 0.01159764951382754, 0.04475233300114298, 0.09234145649434751, 0.02102645548253251, 0.025267939178455066, 0.0807617945491527, 0.08713983459015555, 0.03405715962489153, 0.11698632786460349, 0.21492649245586104, 0.022114328302459598, 0.3284278809087459, 0.03665620753877922, 0.02484052883829831, 0.20550265538361642, 0.048032406055739905, 0.12575993542954994, 0.09568364662411834, 0.01850142377352562, 0.13915981530356136, 0.021330266548913342, 0.014939943514595542, 0.024731066261458434, 0.031555880175026196, 0.0, 0.0018603252639004977, 0.002989938648241296, 0.0024854360331432613, 0.0011522915030736582, 0.0, 0.0015401780362418664, 0.0013302284967574107, 0.0021135446180836647, 0.06630350739045156, 0.003078318655955156, 0.0011863112230925392, 0.0021245947707296525, 0.08652829374671009, 0.0033838360537283103, 0.002359447875717973, 0.0018411533374536712, 0.0029220793691118086, 0.0009731374598254578, 0.0, 0.001487707256034116, 0.0017076045798224463, 0.0014139895217010984, 0.08185076398721072, 0.0, 0.001236124577906618, 0.001529435471838983, 0.05338479508125571, 0.002694739879961261, 0.0025326123054343246, 0.002240616567774682, 0.0014805520902893203, 0.0014111476129731433, 0.0, 0.0, 0.0, 0.0014423301370525435, 0.0010521336712177084, 0.0, 0.0022373327593211974, 0.0005804421929597185, 0.0010855798559494545, 0.0, 0.0, 0.0, 0.0, 0.0, 0.0, 0.0, 0.001033025549155089, 0.0028677597141699013, 0.001399386425646307, 0.0, 0.0020390418022720996, 0.0, 0.0012819902177335502, 0.0, 0.0017735591733875817, 0.002096318333908521, 0.0020204379419623206, 0.0, 0.0, 0.0013900766381613316, 0.002688539765495328, 0.0021593836748928985, 0.0012012565958163131, 0.0017848415540139692, 0.0, 0.0, 0.002646815811785944, 0.0, 0.0022360314354845532, 0.0, 0.0, 0.0012226543630154683, 0.0012085726987397622, 0.0016745415288934712]
