[0.99999994, 0.96129256, 0.8878673, 0.9238445, 0.88570696, 0.83057153, 0.86823136, 0.8649461, 0.88625616, 0.8620451, 0.875728, 0.88797164, 0.8698301, 0.8619803, 0.8495064, 0.86828643, 0.8585137, 0.8566026, 0.8993803, 0.9014134, 0.8036062, 0.8862975, 0.90822315, 0.88794094, 0.89383, 0.89798695, 0.8771596, 0.89700043, 0.8798701, 0.90081936, 0.8628757, 0.88092804, 0.8330651, 0.89464575, 0.88877684, 0.8942807, 0.887629, 0.87513167, 0.84385157, 0.9017233, 0.8734076, 0.85566574, 0.8920439, 0.8243089, 0.8617645, 0.8081267, 0.85817075, 0.8439865, 0.84872043, 0.83874667, 0.8729079]
[0.96129256, 1.0000001, 0.9099325, 0.93700767, 0.9046137, 0.86725837, 0.8960833, 0.8836958, 0.9155436, 0.8814052, 0.91085774, 0.9113734, 0.90011454, 0.8991796, 0.87018365, 0.89203936, 0.8843911, 0.86651385, 0.92783, 0.91204345, 0.81433576, 0.9003402, 0.9115431, 0.9112415, 0.9100563, 0.9097019, 0.89778, 0.91779274, 0.9200812, 0.9184812, 0.8706975, 0.89264876, 0.84582597, 0.9115912, 0.8995064, 0.91532576, 0.9044596, 0.918565, 0.8753563, 0.91299045, 0.89204705, 0.8705748, 0.8984431, 0.8326478, 0.8877966, 0.83566123, 0.88453066, 0.8612189, 0.8701348, 0.84735054, 0.9036934]
[0.8878673, 0.9099325, 1.0000001, 0.9414499, 0.9459273, 0.82382345, 0.86225855, 0.8951772, 0.8868277, 0.8570071, 0.89085644, 0.9475722, 0.89309865, 0.9254367, 0.85994744, 0.87883025, 0.8837501, 0.8762769, 0.912, 0.90901357, 0.81245756, 0.8884689, 0.9019017, 0.8958798, 0.88210565, 0.89121497, 0.9094941, 0.89574534, 0.9061248, 0.90222234, 0.84049606, 0.9025242, 0.81459826, 0.9545232, 0.95989954, 0.91411954, 0.88280666, 0.89569294, 0.87376124, 0.90752196, 0.887824, 0.8205796, 0.8818098, 0.840369, 0.9096034, 0.8787413, 0.90227515, 0.84030235, 0.8669373, 0.8277037, 0.8988547]
[0.9238445, 0.93700767, 0.9414499, 1.0, 0.95452213, 0.83482295, 0.8762074, 0.89165217, 0.9004919, 0.8834243, 0.9329749, 0.9494582, 0.88578165, 0.90754056, 0.9036953, 0.92515844, 0.9098518, 0.9121764, 0.91764617, 0.9321794, 0.82328534, 0.9075168, 0.92468184, 0.90428877, 0.90559155, 0.902159, 0.8991112, 0.9044985, 0.8817723, 0.9105153, 0.8532258, 0.9145706, 0.829881, 0.939924, 0.9403378, 0.9195416, 0.88666534, 0.90666956, 0.8760308, 0.9178479, 0.9325629, 0.8527853, 0.9159194, 0.8416255, 0.89588547, 0.85797197, 0.89143723, 0.8435106, 0.87874144, 0.8362929, 0.93605614]
[0.88570696, 0.9046137, 0.9459273, 0.95452213, 1.0000001, 0.8342717, 0.8733017, 0.8803387, 0.8994149, 0.8726901, 0.90804946, 0.95786935, 0.8820652, 0.91355705, 0.8933884, 0.9163177, 0.90872437, 0.92016375, 0.90476936, 0.9248368, 0.8094672, 0.89796084, 0.9031054, 0.91084355, 0.89000845, 0.8913482, 0.8955981, 0.89545786, 0.890127, 0.9010693, 0.83902407, 0.90800005, 0.8270861, 0.9476826, 0.9515304, 0.9216255, 0.8745479, 0.8931926, 0.87931925, 0.913299, 0.9057663, 0.83778703, 0.89772767, 0.8455594, 0.9218242, 0.8645635, 0.9069153, 0.84259444, 0.8754556, 0.8339895, 0.9013878]
[0.83057153, 0.86725837, 0.82382345, 0.83482295, 0.8342717, 1.0, 0.9244986, 0.8323375, 0.9219285, 0.8490585, 0.83942634, 0.8564205, 0.85238844, 0.823622, 0.82372737, 0.8284798, 0.8226489, 0.82027787, 0.8663833, 0.83671075, 0.7910962, 0.86068666, 0.8307079, 0.8653305, 0.8725857, 0.83559173, 0.84629947, 0.85548055, 0.84551847, 0.8486354, 0.8082364, 0.840043, 0.8176078, 0.83734965, 0.8197815, 0.84036595, 0.8830669, 0.8306485, 0.8782532, 0.8363345, 0.79195267, 0.81789213, 0.8203064, 0.8420898, 0.82494444, 0.79155314, 0.8269931, 0.85883003, 0.8332243, 0.8419425, 0.8443084]
[0.86823136, 0.8960833, 0.86225855, 0.8762074, 0.8733017, 0.9244986, 1.0000001, 0.87342185, 0.9505904, 0.87555104, 0.8825746, 0.87614745, 0.88239133, 0.873777, 0.85649514, 0.87540954, 0.8529103, 0.8562154, 0.9106899, 0.88602376, 0.83244956, 0.8817703, 0.88909197, 0.8892339, 0.90673065, 0.89727956, 0.8934247, 0.89960676, 0.88822544, 0.87676, 0.8380582, 0.85661423, 0.8492599, 0.87784815, 0.8606138, 0.9001537, 0.8980156, 0.8743282, 0.9051745, 0.8839809, 0.8470732, 0.82994896, 0.86027896, 0.87278837, 0.8383032, 0.84202754, 0.8790034, 0.8833823, 0.8863633, 0.8628073, 0.8765508]
[0.8649461, 0.8836958, 0.8951772, 0.89165217, 0.8803387, 0.8323375, 0.87342185, 0.99999994, 0.88953936, 0.85687804, 0.8888237, 0.8785215, 0.8684321, 0.86656845, 0.8656832, 0.8770031, 0.8787005, 0.85370076, 0.9184821, 0.91345006, 0.8242833, 0.90824944, 0.9149337, 0.8806196, 0.88760996, 0.89766425, 0.9021884, 0.8973278, 0.8774581, 0.89280784, 0.8515509, 0.88984966, 0.8263138, 0.89851964, 0.8868998, 0.896589, 0.9005109, 0.89111215, 0.8794741, 0.8944118, 0.8640054, 0.8208114, 0.87898076, 0.86760575, 0.8561689, 0.8706956, 0.87051946, 0.8319534, 0.8857592, 0.8599032, 0.8930797]
[0.88625616, 0.9155436, 0.8868277, 0.9004919, 0.8994149, 0.9219285, 0.9505904, 0.88953936, 1.0000001, 0.88739944, 0.88865817, 0.88984925, 0.87294096, 0.8827529, 0.85227156, 0.8759906, 0.8635051, 0.85668266, 0.9331031, 0.90099066, 0.8343844, 0.89245474, 0.91013545, 0.8788888, 0.89585924, 0.90355057, 0.88370526, 0.90646875, 0.8753413, 0.8913523, 0.84520906, 0.8702439, 0.83980745, 0.89744455, 0.8763138, 0.9012264, 0.9065608, 0.89795405, 0.87364244, 0.8988268, 0.87466294, 0.82910985, 0.87539417, 0.8709448, 0.8539593, 0.83654827, 0.88524336, 0.8349661, 0.8865712, 0.8749381, 0.88143384]
[0.8620451, 0.8814052, 0.8570071, 0.8834243, 0.8726901, 0.8490585, 0.87555104, 0.85687804, 0.88739944, 1.0, 0.88324714, 0.87798953, 0.86278564, 0.8570641, 0.8457805, 0.8624805, 0.8610638, 0.84409904, 0.8930577, 0.8748387, 0.8301216, 0.87060255, 0.8636914, 0.8539715, 0.86496174, 0.85461354, 0.8523197, 0.86702454, 0.83996576, 0.89195013, 0.8384107, 0.8789418, 0.8135193, 0.87707293, 0.85947144, 0.8632128, 0.8715813, 0.88343513, 0.8448227, 0.8999806, 0.8689533, 0.8305934, 0.8749298, 0.84399074, 0.83787286, 0.81492454, 0.8601401, 0.8434942, 0.85037524, 0.8181838, 0.87365854]
[0.875728, 0.91085774, 0.89085644, 0.9329749, 0.90804946, 0.83942634, 0.8825746, 0.8888237, 0.88865817, 0.88324714, 0.99999994, 0.90469366, 0.876164, 0.8981844, 0.92049277, 0.93366134, 0.9136148, 0.9160856, 0.92351747, 0.9285788, 0.82336277, 0.8896048, 0.90137035, 0.90399885, 0.9052064, 0.90773445, 0.8915234, 0.9142007, 0.8813743, 0.90913594, 0.8512192, 0.90350485, 0.8419574, 0.9027451, 0.8917356, 0.91657716, 0.8819003, 0.9127693, 0.8830877, 0.9012883, 0.8975102, 0.86534345, 0.88888246, 0.8449447, 0.8627946, 0.85670376, 0.8780435, 0.84421647, 0.8999953, 0.8249567, 0.91928893]
[0.88797164, 0.9113734, 0.9475722, 0.9494582, 0.95786935, 0.8564205, 0.87614745, 0.8785215, 0.88984925, 0.87798953, 0.90469366, 1.0, 0.9050499, 0.91847646, 0.88629204, 0.9009344, 0.89435875, 0.90128106, 0.90323037, 0.9076428, 0.83654606, 0.8977707, 0.89579576, 0.9144649, 0.8890056, 0.8807805, 0.89740807, 0.89496076, 0.8922383, 0.91182363, 0.8451495, 0.92294115, 0.8227181, 0.93939096, 0.95112485, 0.90146744, 0.8802239, 0.8890106, 0.90252393, 0.90989727, 0.8787139, 0.86134857, 0.8949722, 0.8474439, 0.9172434, 0.870382, 0.91128546, 0.86993337, 0.8726078, 0.84228563, 0.9040608]
[0.8698301, 0.90011454, 0.89309865, 0.88578165, 0.8820652, 0.85238844, 0.88239133, 0.8684321, 0.87294096, 0.86278564, 0.876164, 0.9050499, 1.0, 0.9351542, 0.85672665, 0.8662226, 0.86511374, 0.8718763, 0.8993712, 0.897611, 0.85794836, 0.8981932, 0.8969818, 0.9133825, 0.9101622, 0.87993145, 0.89761144, 0.887871, 0.9179715, 0.89519846, 0.84942627, 0.88952476, 0.8368587, 0.90780514, 0.8972587, 0.8762077, 0.8876668, 0.8641634, 0.8747046, 0.89629984, 0.85035926, 0.8477688, 0.884647, 0.8325577, 0.8971327, 0.86588424, 0.9109039, 0.89955926, 0.867086, 0.83653784, 0.87408364]
[0.8619803, 0.8991796, 0.9254367, 0.90754056, 0.91355705, 0.823622, 0.873777, 0.86656845, 0.8827529, 0.8570641, 0.8981844, 0.91847646, 0.9351542, 1.0000001, 0.850159, 0.87380576, 0.864134, 0.8788886, 0.91405916, 0.907398, 0.85516405, 0.8779717, 0.8904988, 0.91397756, 0.903578, 0.8808119, 0.9033727, 0.88461405, 0.90872884, 0.8989227, 0.8270166, 0.9001281, 0.8333798, 0.9244924, 0.92516917, 0.9014834, 0.874585, 0.8876945, 0.8790594, 0.89298195, 0.8675296, 0.8462861, 0.8709469, 0.83943003, 0.8903525, 0.86914784, 0.9362885, 0.86497104, 0.87782186, 0.8236927, 0.88324624]
[0.8495064, 0.87018365, 0.85994744, 0.9036953, 0.8933884, 0.82372737, 0.85649514, 0.8656832, 0.85227156, 0.8457805, 0.92049277, 0.88629204, 0.85672665, 0.850159, 1.0000001, 0.96565443, 0.9380808, 0.9323136, 0.8791542, 0.8967775, 0.80308527, 0.8874421, 0.895068, 0.8844477, 0.87382156, 0.8740076, 0.85793036, 0.882512, 0.8568549, 0.8779725, 0.83270526, 0.8775687, 0.8102817, 0.86574847, 0.8544947, 0.8755057, 0.85578394, 0.8486524, 0.87391907, 0.8808328, 0.8792162, 0.8388083, 0.9031651, 0.8318182, 0.8444722, 0.8401775, 0.8764266, 0.8476815, 0.86137205, 0.8279876, 0.8966267]
[0.86828643, 0.89203936, 0.87883025, 0.92515844, 0.9163177, 0.8284798, 0.87540954, 0.8770031, 0.8759906, 0.8624805, 0.93366134, 0.9009344, 0.8662226, 0.87380576, 0.96565443, 1.0000001, 0.9273522, 0.9501417, 0.8966316, 0.91136384, 0.80939066, 0.8924671, 0.9058643, 0.89881504, 0.89283305, 0.88875484, 0.86521626, 0.89162856, 0.8703656, 0.88721955, 0.839335, 0.88199806, 0.8305048, 0.8846255, 0.87637097, 0.9001655, 0.8636621, 0.8734087, 0.8798181, 0.88632786, 0.90102595, 0.8495042, 0.9105105, 0.83929133, 0.8561611, 0.84351647, 0.879013, 0.8497287, 0.88281035, 0.8198721, 0.9137576]
[0.8585137, 0.8843911, 0.8837501, 0.9098518, 0.90872437, 0.8226489, 0.8529103, 0.8787005, 0.8635051, 0.8610638, 0.9136148, 0.89435875, 0.86511374, 0.864134, 0.9380808, 0.9273522, 1.0, 0.91601115, 0.8899735, 0.9038381, 0.8076253, 0.8881517, 0.89294237, 0.8849662, 0.87190366, 0.8841808, 0.89086145, 0.89890826, 0.8868284, 0.8944289, 0.85327613, 0.89310205, 0.808422, 0.8925982, 0.88323706, 0.90526444, 0.87312907, 0.88403684, 0.85692364, 0.9060085, 0.90340203, 0.84014946, 0.90794814, 0.8350851, 0.87432146, 0.8715379, 0.8815863, 0.8456969, 0.8709282, 0.83402586, 0.9010772]
[0.8566026, 0.86651385, 0.8762769, 0.9121764, 0.92016375, 0.82027787, 0.8562154, 0.85370076, 0.85668266, 0.84409904, 0.9160856, 0.90128106, 0.8718763, 0.8788886, 0.9323136, 0.9501417, 0.91601115, 1.0, 0.8767067, 0.9159262, 0.8141154, 0.89285654, 0.89449453, 0.919129, 0.90271044, 0.87930566, 0.8762088, 0.88577145, 0.86855656, 0.8758012, 0.8195022, 0.8960822, 0.8303515, 0.8879308, 0.88706213, 0.89127564, 0.85217595, 0.8480474, 0.86893386, 0.87563866, 0.87474054, 0.8500225, 0.8887279, 0.829516, 0.8761337, 0.854974, 0.87279594, 0.85554045, 0.8795334, 0.8141273, 0.8846237]
[0.8993803, 0.92783, 0.912, 0.91764617, 0.90476936, 0.8663833, 0.9106899, 0.9184821, 0.9331031, 0.8930577, 0.92351747, 0.90323037, 0.8993712, 0.91405916, 0.8791542, 0.8966316, 0.8899735, 0.8767067, 0.99999994, 0.9333248, 0.88351774, 0.92441183, 0.94852275, 0.90388674, 0.9241932, 0.925804, 0.9149468, 0.92788994, 0.8973936, 0.91778976, 0.85855806, 0.9021609, 0.8417183, 0.9179359, 0.9024074, 0.919355, 0.9171704, 0.9307036, 0.8829592, 0.9212038, 0.8891575, 0.8507295, 0.8920984, 0.8841886, 0.874334, 0.861786, 0.9012675, 0.860736, 0.9335772, 0.8688371, 0.9032105]
[0.9014134, 0.91204345, 0.90901357, 0.9321794, 0.9248368, 0.83671075, 0.88602376, 0.91345006, 0.90099066, 0.8748387, 0.9285788, 0.9076428, 0.897611, 0.907398, 0.8967775, 0.91136384, 0.9038381, 0.9159262, 0.9333248, 0.99999994, 0.83592045, 0.9372207, 0.9473359, 0.9459006, 0.94098365, 0.9135418, 0.91840255, 0.9155893, 0.91074616, 0.9139064, 0.8711468, 0.9133873, 0.8523713, 0.91712415, 0.9101351, 0.94351125, 0.8872141, 0.90460217, 0.8760475, 0.91888386, 0.9046962, 0.8483688, 0.9076846, 0.8692566, 0.8912039, 0.8712626, 0.9065765, 0.85495675, 0.9191393, 0.8613746, 0.90356094]
[0.8036062, 0.81433576, 0.81245756, 0.82328534, 0.8094672, 0.7910962, 0.83244956, 0.8242833, 0.8343844, 0.8301216, 0.82336277, 0.83654606, 0.85794836, 0.85516405, 0.80308527, 0.80939066, 0.8076253, 0.8141154, 0.88351774, 0.83592045, 0.99999994, 0.85201925, 0.87567765, 0.81500715, 0.8486501, 0.8399275, 0.83119166, 0.84358084, 0.8126157, 0.8351254, 0.7934507, 0.8436866, 0.77679265, 0.85060775, 0.8298397, 0.8024032, 0.8439626, 0.8041169, 0.8172623, 0.8307681, 0.7883347, 0.81406033, 0.8333278, 0.8190804, 0.78979963, 0.812737, 0.8673359, 0.827058, 0.8768354, 0.8191073, 0.815237]
[0.8862975, 0.9003402, 0.8884689, 0.9075168, 0.89796084, 0.86068666, 0.8817703, 0.90824944, 0.89245474, 0.87060255, 0.8896048, 0.8977707, 0.8981932, 0.8779717, 0.8874421, 0.8924671, 0.8881517, 0.89285654, 0.92441183, 0.9372207, 0.85201925, 1.0000001, 0.94470197, 0.9358856, 0.9517465, 0.88910466, 0.9133988, 0.89809215, 0.90097463, 0.89780754, 0.8548524, 0.90819836, 0.8408695, 0.9012975, 0.8851041, 0.9043938, 0.8953601, 0.8746881, 0.87565476, 0.8934127, 0.8731371, 0.84333295, 0.90265584, 0.86024094, 0.88542175, 0.86121494, 0.88369775, 0.8774867, 0.88369316, 0.8580132, 0.88571674]
[0.90822315, 0.9115431, 0.9019017, 0.92468184, 0.9031054, 0.8307079, 0.88909197, 0.9149337, 0.91013545, 0.8636914, 0.90137035, 0.89579576, 0.8969818, 0.8904988, 0.895068, 0.9058643, 0.89294237, 0.89449453, 0.94852275, 0.9473359, 0.87567765, 0.94470197, 0.99999994, 0.9085903, 0.9327857, 0.92299634, 0.9065854, 0.91348356, 0.89747196, 0.8928697, 0.85936683, 0.8873649, 0.8204139, 0.9146912, 0.89477116, 0.91859955, 0.890402, 0.89727706, 0.86100066, 0.9184527, 0.9034491, 0.82680416, 0.9158306, 0.85965866, 0.86338174, 0.86701435, 0.9063179, 0.8493639, 0.9238593, 0.87590015, 0.8973916]
[0.88794094, 0.9112415, 0.8958798, 0.90428877, 0.91084355, 0.8653305, 0.8892339, 0.8806196, 0.8788888, 0.8539715, 0.90399885, 0.9144649, 0.9133825, 0.91397756, 0.8844477, 0.89881504, 0.8849662, 0.919129, 0.90388674, 0.9459006, 0.81500715, 0.9358856, 0.9085903, 1.0, 0.9595133, 0.896236, 0.92786336, 0.90386003, 0.9298952, 0.9025994, 0.84366995, 0.9060758, 0.86519134, 0.902329, 0.89744097, 0.9269072, 0.8846597, 0.8741353, 0.9008225, 0.88898236, 0.86688375, 0.8606103, 0.88183606, 0.857037, 0.89618254, 0.8622994, 0.8944361, 0.9030931, 0.8912606, 0.835531, 0.88319236]
[0.89383, 0.9100563, 0.88210565, 0.90559155, 0.89000845, 0.8725857, 0.90673065, 0.88760996, 0.89585924, 0.86496174, 0.9052064, 0.8890056, 0.9101622, 0.903578, 0.87382156, 0.89283305, 0.87190366, 0.90271044, 0.9241932, 0.94098365, 0.8486501, 0.9517465, 0.9327857, 0.9595133, 1.0, 0.8982423, 0.91542643, 0.89911884, 0.9142727, 0.8916266, 0.8456967, 0.89019066, 0.86400056, 0.8989482, 0.8873436, 0.92586523, 0.8856884, 0.87521935, 0.8796884, 0.88153887, 0.86912453, 0.8492689, 0.88233167, 0.8440555, 0.85567296, 0.8456303, 0.8809461, 0.89419705, 0.9151592, 0.8421373, 0.88192743]
[0.89798695, 0.9097019, 0.89121497, 0.902159, 0.8913482, 0.83559173, 0.89727956, 0.89766425, 0.90355057, 0.85461354, 0.90773445, 0.8807805, 0.87993145, 0.8808119, 0.8740076, 0.88875484, 0.8841808, 0.87930566, 0.925804, 0.9135418, 0.8399275, 0.88910466, 0.92299634, 0.896236, 0.8982423, 0.99999994, 0.94177645, 0.97149235, 0.88937956, 0.8927531, 0.85387003, 0.87741894, 0.8318119, 0.9068608, 0.8790083, 0.90717983, 0.9023426, 0.89675736, 0.86278445, 0.9042646, 0.87884045, 0.8314593, 0.8797248, 0.8795827, 0.8549535, 0.87520546, 0.8782847, 0.8478253, 0.90820235, 0.856387, 0.891354]
[0.8771596, 0.89778, 0.9094941, 0.8991112, 0.8955981, 0.84629947, 0.8934247, 0.9021884, 0.88370526, 0.8523197, 0.8915234, 0.89740807, 0.89761144, 0.9033727, 0.85793036, 0.86521626, 0.89086145, 0.8762088, 0.9149468, 0.91840255, 0.83119166, 0.9133988, 0.9065854, 0.92786336, 0.91542643, 0.94177645, 1.0, 0.9357167, 0.93362796, 0.9048341, 0.8526983, 0.90568304, 0.8317103, 0.9152388, 0.90086794, 0.9309054, 0.90302193, 0.88387656, 0.8807196, 0.904796, 0.8669996, 0.84190094, 0.87648684, 0.8851739, 0.8785637, 0.9101259, 0.8959236, 0.87542015, 0.8927873, 0.8493227, 0.89127684]
[0.89700043, 0.91779274, 0.89574534, 0.9044985, 0.89545786, 0.85548055, 0.89960676, 0.8973278, 0.90646875, 0.86702454, 0.9142007, 0.89496076, 0.887871, 0.88461405, 0.882512, 0.89162856, 0.89890826, 0.88577145, 0.92788994, 0.9155893, 0.84358084, 0.89809215, 0.91348356, 0.90386003, 0.89911884, 0.97149235, 0.9357167, 1.0000001, 0.8966994, 0.90551525, 0.8607985, 0.8924545, 0.8309084, 0.913204, 0.88528764, 0.9139194, 0.9090206, 0.9023996, 0.86921984, 0.90789664, 0.87597126, 0.84433097, 0.8912203, 0.8761244, 0.869739, 0.8882457, 0.8873362, 0.86280775, 0.90298074, 0.8676175, 0.8869646]
[0.8798701, 0.9200812, 0.9061248, 0.8817723, 0.890127, 0.84551847, 0.88822544, 0.8774581, 0.8753413, 0.83996576, 0.8813743, 0.8922383, 0.9179715, 0.90872884, 0.8568549, 0.8703656, 0.8868284, 0.86855656, 0.8973936, 0.91074616, 0.8126157, 0.90097463, 0.89747196, 0.9298952, 0.9142727, 0.88937956, 0.93362796, 0.8966994, 1.0, 0.8917117, 0.8465448, 0.8876143, 0.832319, 0.9066615, 0.8979071, 0.92297643, 0.8840995, 0.8725457, 0.8761124, 0.89812565, 0.8636508, 0.83825743, 0.8750333, 0.8299973, 0.89896333, 0.8714283, 0.91070133, 0.87100405, 0.8745679, 0.8329492, 0.87904495]
[0.90081936, 0.9184812, 0.90222234, 0.9105153, 0.9010693, 0.8486354, 0.87676, 0.89280784, 0.8913523, 0.89195013, 0.90913594, 0.91182363, 0.89519846, 0.8989227, 0.8779725, 0.88721955, 0.8944289, 0.8758012, 0.91778976, 0.9139064, 0.8351254, 0.89780754, 0.8928697, 0.9025994, 0.8916266, 0.8927531, 0.9048341, 0.90551525, 0.8917117, 1.0, 0.940144, 0.93990904, 0.8399772, 0.90679777, 0.9014909, 0.9033098, 0.8987473, 0.90647095, 0.88070536, 0.9248798, 0.87684625, 0.8887794, 0.94012725, 0.8676316, 0.8792465, 0.8564314, 0.89891726, 0.85928535, 0.8642456, 0.84860736, 0.9083488]
[0.8628757, 0.8706975, 0.84049606, 0.8532258, 0.83902407, 0.8082364, 0.8380582, 0.8515509, 0.84520906, 0.8384107, 0.8512192, 0.8451495, 0.84942627, 0.8270166, 0.83270526, 0.839335, 0.85327613, 0.8195022, 0.85855806, 0.8711468, 0.7934507, 0.8548524, 0.85936683, 0.84366995, 0.8456967, 0.85387003, 0.8526983, 0.8607985, 0.8465448, 0.940144, 1.0000001, 0.87024957, 0.8325979, 0.8510755, 0.8353328, 0.8584322, 0.86035055, 0.8493506, 0.82941103, 0.8733461, 0.8219916, 0.83387583, 0.8969878, 0.83676594, 0.82074946, 0.80677056, 0.8396014, 0.8160234, 0.81954634, 0.8222212, 0.85771954]
[0.88092804, 0.89264876, 0.9025242, 0.9145706, 0.90800005, 0.840043, 0.85661423, 0.88984966, 0.8702439, 0.8789418, 0.90350485, 0.92294115, 0.88952476, 0.9001281, 0.8775687, 0.88199806, 0.89310205, 0.8960822, 0.9021609, 0.9133873, 0.8436866, 0.90819836, 0.8873649, 0.9060758, 0.89019066, 0.87741894, 0.90568304, 0.8924545, 0.8876143, 0.93990904, 0.87024957, 1.0000001, 0.8403706, 0.91171145, 0.9100301, 0.89802396, 0.8935028, 0.88798916, 0.89072186, 0.90697837, 0.871621, 0.9079634, 0.92825806, 0.8513846, 0.9077883, 0.8771789, 0.9064621, 0.8639427, 0.8554585, 0.8424196, 0.9021108]
[0.8330651, 0.84582597, 0.81459826, 0.829881, 0.8270861, 0.8176078, 0.8492599, 0.8263138, 0.83980745, 0.8135193, 0.8419574, 0.8227181, 0.8368587, 0.8333798, 0.8102817, 0.8305048, 0.808422, 0.8303515, 0.8417183, 0.8523713, 0.77679265, 0.8408695, 0.8204139, 0.86519134, 0.86400056, 0.8318119, 0.8317103, 0.8309084, 0.832319, 0.8399772, 0.8325979, 0.8403706, 1.0000001, 0.83770806, 0.82640344, 0.8300077, 0.8435246, 0.8030525, 0.863066, 0.81523836, 0.7859586, 0.82839, 0.8196521, 0.8044335, 0.8080979, 0.7849414, 0.81548244, 0.85270286, 0.81984395, 0.77537215, 0.8254625]
[0.89464575, 0.9115912, 0.9545232, 0.939924, 0.9476826, 0.83734965, 0.87784815, 0.89851964, 0.89744455, 0.87707293, 0.9027451, 0.93939096, 0.90780514, 0.9244924, 0.86574847, 0.8846255, 0.8925982, 0.8879308, 0.9179359, 0.91712415, 0.85060775, 0.9012975, 0.9146912, 0.902329, 0.8989482, 0.9068608, 0.9152388, 0.913204, 0.9066615, 0.90679777, 0.8510755, 0.91171145, 0.83770806, 1.0, 0.97244304, 0.918402, 0.8960856, 0.89988697, 0.88572264, 0.9174848, 0.90261346, 0.83991575, 0.8983605, 0.8525329, 0.91360724, 0.88972807, 0.9166243, 0.8563191, 0.8829562, 0.8480853, 0.9042851]
[0.88877684, 0.8995064, 0.95989954, 0.9403378, 0.9515304, 0.8197815, 0.8606138, 0.8868998, 0.8763138, 0.85947144, 0.8917356, 0.95112485, 0.8972587, 0.92516917, 0.8544947, 0.87637097, 0.88323706, 0.88706213, 0.9024074, 0.9101351, 0.8298397, 0.8851041, 0.89477116, 0.89744097, 0.8873436, 0.8790083, 0.90086794, 0.88528764, 0.8979071, 0.9014909, 0.8353328, 0.9100301, 0.82640344, 0.97244304, 1.0, 0.9066404, 0.8779582, 0.8852019, 0.8817848, 0.90915793, 0.88091195, 0.8371284, 0.8852195, 0.83879405, 0.91003764, 0.8698175, 0.90770805, 0.8543986, 0.86737233, 0.83331496, 0.89036816]
[0.8942807, 0.91532576, 0.91411954, 0.9195416, 0.9216255, 0.84036595, 0.9001537, 0.896589, 0.9012264, 0.8632128, 0.91657716, 0.90146744, 0.8762077, 0.9014834, 0.8755057, 0.9001655, 0.90526444, 0.89127564, 0.919355, 0.94351125, 0.8024032, 0.9043938, 0.91859955, 0.9269072, 0.92586523, 0.90717983, 0.9309054, 0.9139194, 0.92297643, 0.9033098, 0.8584322, 0.89802396, 0.8300077, 0.918402, 0.9066404, 1.0, 0.88455826, 0.9080823, 0.87751514, 0.91325754, 0.8966691, 0.8338366, 0.8904385, 0.8491559, 0.8768852, 0.8741806, 0.8977024, 0.85088676, 0.9030444, 0.8414716, 0.89450574]
[0.887629, 0.9044596, 0.88280666, 0.88666534, 0.8745479, 0.8830669, 0.8980156, 0.9005109, 0.9065608, 0.8715813, 0.8819003, 0.8802239, 0.8876668, 0.874585, 0.85578394, 0.8636621, 0.87312907, 0.85217595, 0.9171704, 0.8872141, 0.8439626, 0.8953601, 0.890402, 0.8846597, 0.8856884, 0.9023426, 0.90302193, 0.9090206, 0.8840995, 0.8987473, 0.86035055, 0.8935028, 0.8435246, 0.8960856, 0.8779582, 0.88455826, 1.0000001, 0.87407386, 0.8891011, 0.8981277, 0.8428887, 0.86161566, 0.88234276, 0.8790989, 0.8692924, 0.8466079, 0.87714946, 0.86718524, 0.86472416, 0.90071803, 0.8749091]
[0.87513167, 0.918565, 0.89569294, 0.90666956, 0.8931926, 0.8306485, 0.8743282, 0.89111215, 0.89795405, 0.88343513, 0.9127693, 0.8890106, 0.8641634, 0.8876945, 0.8486524, 0.8734087, 0.88403684, 0.8480474, 0.9307036, 0.90460217, 0.8041169, 0.8746881, 0.89727706, 0.8741353, 0.87521935, 0.89675736, 0.88387656, 0.9023996, 0.8725457, 0.90647095, 0.8493506, 0.88798916, 0.8030525, 0.89988697, 0.8852019, 0.9080823, 0.87407386, 1.0000001, 0.8612006, 0.90483767, 0.9073339, 0.82176316, 0.8805222, 0.83998144, 0.8716927, 0.8495806, 0.86904985, 0.81459457, 0.8713208, 0.8321645, 0.89020526]
[0.84385157, 0.8753563, 0.87376124, 0.8760308, 0.87931925, 0.8782532, 0.9051745, 0.8794741, 0.87364244, 0.8448227, 0.8830877, 0.90252393, 0.8747046, 0.8790594, 0.87391907, 0.8798181, 0.85692364, 0.86893386, 0.8829592, 0.8760475, 0.8172623, 0.87565476, 0.86100066, 0.9008225, 0.8796884, 0.86278445, 0.8807196, 0.86921984, 0.8761124, 0.88070536, 0.82941103, 0.89072186, 0.863066, 0.88572264, 0.8817848, 0.87751514, 0.8891011, 0.8612006, 1.0, 0.87265116, 0.8236608, 0.8561223, 0.8535447, 0.87994796, 0.8610326, 0.84157115, 0.87724537, 0.9023884, 0.8625086, 0.8483928, 0.8855501]
[0.9017233, 0.91299045, 0.90752196, 0.9178479, 0.913299, 0.8363345, 0.8839809, 0.8944118, 0.8988268, 0.8999806, 0.9012883, 0.90989727, 0.89629984, 0.89298195, 0.8808328, 0.88632786, 0.9060085, 0.87563866, 0.9212038, 0.91888386, 0.8307681, 0.8934127, 0.9184527, 0.88898236, 0.88153887, 0.9042646, 0.904796, 0.90789664, 0.89812565, 0.9248798, 0.8733461, 0.90697837, 0.81523836, 0.9174848, 0.90915793, 0.91325754, 0.8981277, 0.90483767, 0.87265116, 1.0000001, 0.9048671, 0.8432753, 0.9157526, 0.8666055, 0.88933057, 0.8653635, 0.91110003, 0.8502936, 0.882992, 0.8607719, 0.905619]
[0.8734076, 0.89204705, 0.887824, 0.9325629, 0.9057663, 0.79195267, 0.8470732, 0.8640054, 0.87466294, 0.8689533, 0.8975102, 0.8787139, 0.85035926, 0.8675296, 0.8792162, 0.90102595, 0.90340203, 0.87474054, 0.8891575, 0.9046962, 0.7883347, 0.8731371, 0.9034491, 0.86688375, 0.86912453, 0.87884045, 0.8669996, 0.87597126, 0.8636508, 0.87684625, 0.8219916, 0.871621, 0.7859586, 0.90261346, 0.88091195, 0.8966691, 0.8428887, 0.9073339, 0.8236608, 0.9048671, 1.0, 0.7925757, 0.900869, 0.8103437, 0.8649178, 0.84127194, 0.87630713, 0.794827, 0.8649182, 0.810748, 0.925662]
[0.85566574, 0.8705748, 0.8205796, 0.8527853, 0.83778703, 0.81789213, 0.82994896, 0.8208114, 0.82910985, 0.8305934, 0.86534345, 0.86134857, 0.8477688, 0.8462861, 0.8388083, 0.8495042, 0.84014946, 0.8500225, 0.8507295, 0.8483688, 0.81406033, 0.84333295, 0.82680416, 0.8606103, 0.8492689, 0.8314593, 0.84190094, 0.84433097, 0.83825743, 0.8887794, 0.83387583, 0.9079634, 0.82839, 0.83991575, 0.8371284, 0.8338366, 0.86161566, 0.82176316, 0.8561223, 0.8432753, 0.7925757, 1.0, 0.86318547, 0.81548196, 0.82694536, 0.8001797, 0.8402347, 0.85107654, 0.8081344, 0.79577845, 0.8503961]
[0.8920439, 0.8984431, 0.8818098, 0.9159194, 0.89772767, 0.8203064, 0.86027896, 0.87898076, 0.87539417, 0.8749298, 0.88888246, 0.8949722, 0.884647, 0.8709469, 0.9031651, 0.9105105, 0.90794814, 0.8887279, 0.8920984, 0.9076846, 0.8333278, 0.90265584, 0.9158306, 0.88183606, 0.88233167, 0.8797248, 0.87648684, 0.8912203, 0.8750333, 0.94012725, 0.8969878, 0.92825806, 0.8196521, 0.8983605, 0.8852195, 0.8904385, 0.88234276, 0.8805222, 0.8535447, 0.9157526, 0.900869, 0.86318547, 0.99999994, 0.8363421, 0.8677931, 0.8453108, 0.8979961, 0.848066, 0.845358, 0.85396093, 0.90950984]
[0.8243089, 0.8326478, 0.840369, 0.8416255, 0.8455594, 0.8420898, 0.87278837, 0.86760575, 0.8709448, 0.84399074, 0.8449447, 0.8474439, 0.8325577, 0.83943003, 0.8318182, 0.83929133, 0.8350851, 0.829516, 0.8841886, 0.8692566, 0.8190804, 0.86024094, 0.85965866, 0.857037, 0.8440555, 0.8795827, 0.8851739, 0.8761244, 0.8299973, 0.8676316, 0.83676594, 0.8513846, 0.8044335, 0.8525329, 0.83879405, 0.8491559, 0.8790989, 0.83998144, 0.87994796, 0.8666055, 0.8103437, 0.81548196, 0.8363421, 1.0, 0.81242496, 0.82926637, 0.84324056, 0.8300843, 0.8612526, 0.8313311, 0.8521336]
[0.8617645, 0.8877966, 0.9096034, 0.89588547, 0.9218242, 0.82494444, 0.8383032, 0.8561689, 0.8539593, 0.83787286, 0.8627946, 0.9172434, 0.8971327, 0.8903525, 0.8444722, 0.8561611, 0.87432146, 0.8761337, 0.874334, 0.8912039, 0.78979963, 0.88542175, 0.86338174, 0.89618254, 0.85567296, 0.8549535, 0.8785637, 0.869739, 0.89896333, 0.8792465, 0.82074946, 0.9077883, 0.8080979, 0.91360724, 0.91003764, 0.8768852, 0.8692924, 0.8716927, 0.8610326, 0.88933057, 0.8649178, 0.82694536, 0.8677931, 0.81242496, 1.0000001, 0.8674242, 0.8889913, 0.8374803, 0.82714427, 0.80391496, 0.8717205]
[0.8081267, 0.83566123, 0.8787413, 0.85797197, 0.8645635, 0.79155314, 0.84202754, 0.8706956, 0.83654827, 0.81492454, 0.85670376, 0.870382, 0.86588424, 0.86914784, 0.8401775, 0.84351647, 0.8715379, 0.854974, 0.861786, 0.8712626, 0.812737, 0.86121494, 0.86701435, 0.8622994, 0.8456303, 0.87520546, 0.9101259, 0.8882457, 0.8714283, 0.8564314, 0.80677056, 0.8771789, 0.7849414, 0.88972807, 0.8698175, 0.8741806, 0.8466079, 0.8495806, 0.84157115, 0.8653635, 0.84127194, 0.8001797, 0.8453108, 0.82926637, 0.8674242, 1.0000001, 0.8809885, 0.81899905, 0.8506376, 0.819169, 0.86231375]
[0.85817075, 0.88453066, 0.90227515, 0.89143723, 0.9069153, 0.8269931, 0.8790034, 0.87051946, 0.88524336, 0.8601401, 0.8780435, 0.91128546, 0.9109039, 0.9362885, 0.8764266, 0.879013, 0.8815863, 0.87279594, 0.9012675, 0.9065765, 0.8673359, 0.88369775, 0.9063179, 0.8944361, 0.8809461, 0.8782847, 0.8959236, 0.8873362, 0.91070133, 0.89891726, 0.8396014, 0.9064621, 0.81548244, 0.9166243, 0.90770805, 0.8977024, 0.87714946, 0.86904985, 0.87724537, 0.91110003, 0.87630713, 0.8402347, 0.8979961, 0.84324056, 0.8889913, 0.8809885, 1.0, 0.85626745, 0.8669218, 0.85204536, 0.88379544]
[0.8439865, 0.8612189, 0.84030235, 0.8435106, 0.84259444, 0.85883003, 0.8833823, 0.8319534, 0.8349661, 0.8434942, 0.84421647, 0.86993337, 0.89955926, 0.86497104, 0.8476815, 0.8497287, 0.8456969, 0.85554045, 0.860736, 0.85495675, 0.827058, 0.8774867, 0.8493639, 0.9030931, 0.89419705, 0.8478253, 0.87542015, 0.86280775, 0.87100405, 0.85928535, 0.8160234, 0.8639427, 0.85270286, 0.8563191, 0.8543986, 0.85088676, 0.86718524, 0.81459457, 0.9023884, 0.8502936, 0.794827, 0.85107654, 0.848066, 0.8300843, 0.8374803, 0.81899905, 0.85626745, 1.0, 0.8386238, 0.8254187, 0.8353732]
[0.84872043, 0.8701348, 0.8669373, 0.87874144, 0.8754556, 0.8332243, 0.8863633, 0.8857592, 0.8865712, 0.85037524, 0.8999953, 0.8726078, 0.867086, 0.87782186, 0.86137205, 0.88281035, 0.8709282, 0.8795334, 0.9335772, 0.9191393, 0.8768354, 0.88369316, 0.9238593, 0.8912606, 0.9151592, 0.90820235, 0.8927873, 0.90298074, 0.8745679, 0.8642456, 0.81954634, 0.8554585, 0.81984395, 0.8829562, 0.86737233, 0.9030444, 0.86472416, 0.8713208, 0.8625086, 0.882992, 0.8649182, 0.8081344, 0.845358, 0.8612526, 0.82714427, 0.8506376, 0.8669218, 0.8386238, 0.99999994, 0.8356315, 0.87504566]
[0.83874667, 0.84735054, 0.8277037, 0.8362929, 0.8339895, 0.8419425, 0.8628073, 0.8599032, 0.8749381, 0.8181838, 0.8249567, 0.84228563, 0.83653784, 0.8236927, 0.8279876, 0.8198721, 0.83402586, 0.8141273, 0.8688371, 0.8613746, 0.8191073, 0.8580132, 0.87590015, 0.835531, 0.8421373, 0.856387, 0.8493227, 0.8676175, 0.8329492, 0.84860736, 0.8222212, 0.8424196, 0.77537215, 0.8480853, 0.83331496, 0.8414716, 0.90071803, 0.8321645, 0.8483928, 0.8607719, 0.810748, 0.79577845, 0.85396093, 0.8313311, 0.80391496, 0.819169, 0.85204536, 0.8254187, 0.8356315, 1.0, 0.81892896]
[0.8729079, 0.9036934, 0.8988547, 0.93605614, 0.9013878, 0.8443084, 0.8765508, 0.8930797, 0.88143384, 0.87365854, 0.91928893, 0.9040608, 0.87408364, 0.88324624, 0.8966267, 0.9137576, 0.9010772, 0.8846237, 0.9032105, 0.90356094, 0.815237, 0.88571674, 0.8973916, 0.88319236, 0.88192743, 0.891354, 0.89127684, 0.8869646, 0.87904495, 0.9083488, 0.85771954, 0.9021108, 0.8254625, 0.9042851, 0.89036816, 0.89450574, 0.8749091, 0.89020526, 0.8855501, 0.905619, 0.925662, 0.8503961, 0.90950984, 0.8521336, 0.8717205, 0.86231375, 0.88379544, 0.8353732, 0.87504566, 0.81892896, 1.0000001]
