[1, 0.9448789782740161, 0.9441509879652084, 0.8954789278664722, 0.6953313220427216, 0.6396569534783326, 0.6411292210262326, 0.6405603010949333, 0.7357938737906388, 0.6842531355341547, 0.7098557610768689, 0.6522508835519539, 0.6443514327071046, 0.7040005866392575, 0.7630462172939859, 0.8487606080421563, 0.8608698903384105, 0.8072047462175446, 0.8720438630905313, 0.8230213647352722, 0.8430451489441366, 0.8560245253451169, 0.8409221277194032, 0.7612394059718405, 0.8563943423026761, 0.8721136853503949, 0.8078355798120435, 0.8721136853503949, 0.8693521573469084, 0.7651694221651922, 0.8460452020886877, 0.8120133280997331, 0.7684125361191056, 0.7345108447839331, 0.8206187334198678, 0.8371381107693342, 0.8049311581390172, 0.7403386485583002, 0.8090742344780671, 0.7814478651251937, 0.8251577992277299, 0.8041473107269559, 0.6492390819370406, 0.7038841978099933, 0.7594159235899315, 0.8164987455655559, 0.848940213284313, 0.8707332537157377, 0.8704963879819659, 0.7395721624764711, 0.8354715115656464, 0.8276263457632288, 0.7703253109500172, 0.7993311463971294, 0.8965973015109194, 0.8880369324354769, 0.8895994515159676, 0.9146587915913733, 0.8826838048218609, 0.8273058732897552, 0.8825672606638186, 0.8988247832505365, 0.8221326826766845, 0.8415312104072404, 0.9113250032510533, 0.8391804822700726, 0.7964877569772294, 0.8460229606149354, 0.8704476261312952, 0.8866198542810152, 0.9172197893212167, 0.902738125108279, 0.8998373683160347, 0.9100646472496385, 0.8941242380083244, 0.9163938872455719, 0.8674224897145391, 0.8983716475414436, 0.8933623704987254, 0.9189685270904968, 0.9094744513233187, 0.8858971809717487, 0.8598587959918412, 0.8955610537562735, 0.9209436481820479, 0.7476124175513207, 0.9066948379143814, 0.9066948379143814, 0.8950132215011624, 0.8716745011843622, 0.8681698716294051, 0.9039382004056362, 0.7907794111276784, 0.7636226671647784, 0.8794511162590436, 0.8741534830498595, 0.9181796518085737, 0.9253675840405347, 0.8884652241279257, 0.9087198721791331, 0.8377373548113264, 0.9007683235711271, 0.889205657739015, 0.8602481790870024, 0.8833811447627408, 0.9002474549594474, 0.9167047077000229, 0.9172477465081879, 0.9197384914632019, 0.8949960993136067, 0.9168332185224394, 0.9168332185224394, 0.9250049088654595, 0.9154155591085055, 0.9273818779735767, 0.9256119479622732, 0.9175105451028536, 0.9213895548663089, 0.9176258318686561, 0.9156131158283656, 0.8920174773743539, 0.8857530269730018, 0.9076422717932195, 0.9213734436663945, 0.8897760764713458, 0.9136329595838952, 0.9046877222049236, 0.867420072576915, 0.9002806227103622, 0.9049954941909009, 0.913507376484075, 0.8868030310880339, 0.8896402056429352, 0.9152038259137688, 0.8641696198413236, 0.8742212945794178, 0.6552545652780051, 0.7591049190483486, 0.8385534745765999, 0.7964877569772294, 0.8489937126111249, 0.7380049435954199, 0.9060413164063045, 0.9302581681690271, 0.7276561284271407, 0.910081436861325, 0.8929306627814664, 0.8703218514468258, 0.8986916046806075, 0.8899621335931177, 0.8835122508953047, 0.9106135278791849]
[0.9448789782740161, 1, 0.9997600935466812, 0.8297677131027347, 0.7008619371813867, 0.676230044410629, 0.6796589201814855, 0.6777164931465199, 0.8028559198115152, 0.7250571730137491, 0.7802355749500199, 0.6908452376594947, 0.6826428151941372, 0.7194667050416181, 0.7286254480349346, 0.807281003698372, 0.8357181501020836, 0.7773680631250902, 0.7833583411080356, 0.7499634158385114, 0.8155845750478845, 0.8282183056237676, 0.761587482324506, 0.7371964876939888, 0.8351038601147027, 0.8420925605856591, 0.780123420341507, 0.8420925605856591, 0.8509418763819996, 0.7013650768718306, 0.7619365972380862, 0.7187603849749695, 0.6573857411479783, 0.643592523195153, 0.7615127324630238, 0.7694333736089467, 0.7223366969901711, 0.6765108597419887, 0.7428000524714058, 0.7221503245036495, 0.7549723931744937, 0.7248437885728344, 0.6414682084505495, 0.6881763062423533, 0.7157321416590674, 0.7439746021838957, 0.8036676692483893, 0.7921159327128674, 0.8074240253839527, 0.6374663199337242, 0.758315051546244, 0.7515535302502129, 0.7232837756742685, 0.7427998416607241, 0.8644694730802399, 0.8649560489131518, 0.8726625442533331, 0.9089650539164719, 0.8550458027457198, 0.7686354290161614, 0.8623773176774715, 0.8942459871168725, 0.8275437285823591, 0.8342796584869577, 0.8892291531791423, 0.8353731082675219, 0.7675438595519342, 0.7984680582834035, 0.8474287303395746, 0.8490574332280288, 0.8696538776005934, 0.8926064592213049, 0.8684828913081464, 0.9194345058013579, 0.8703470954196599, 0.9215209310082564, 0.810436983272103, 0.8701332308552733, 0.8802130275399913, 0.8984343603614481, 0.850717892215733, 0.8456143043743053, 0.8315831531313846, 0.861389871191626, 0.8862306826567041, 0.747901639917317, 0.8862810661002554, 0.8862810661002554, 0.8548589491117069, 0.86093699985422, 0.8511368711763738, 0.8345198563156471, 0.7554633173343567, 0.727994394308651, 0.843608796285986, 0.8187516075902503, 0.9080767241835231, 0.9052968832092922, 0.872798169002075, 0.8957268392967674, 0.8730970184493211, 0.884410206059123, 0.8691537451258828, 0.7831394823835987, 0.8702734468087012, 0.883590174754509, 0.9080176958706113, 0.8638378425758159, 0.8714308788056929, 0.8312839637895252, 0.867713911666716, 0.867713911666716, 0.8784733420382745, 0.8797290787527161, 0.8880300540184688, 0.8787535330627401, 0.8702712559594978, 0.8810225982736773, 0.8826627496280112, 0.8551674719916901, 0.807493990972249, 0.8354033708858312, 0.8680312379036919, 0.8658760008531687, 0.8329354172431739, 0.8600046039747468, 0.8553954287818019, 0.803478436542045, 0.8520598815584343, 0.8557076779254782, 0.8679375065730827, 0.8018079662195016, 0.8455565780479893, 0.8588727704845474, 0.8103323302268953, 0.7952657175376846, 0.6504556322445613, 0.6884268291059101, 0.7728688790624346, 0.7675438595519342, 0.7949396271718627, 0.6728231322208459, 0.844930238508661, 0.9805906666160856, 0.7358091910452418, 0.877891823792093, 0.849203896242088, 0.843595423919544, 0.8498988397579045, 0.8457549721785449, 0.8115586722655171, 0.8597984909574841]
[0.9441509879652084, 0.9997600935466812, 1, 0.8297898890869587, 0.69964659445204, 0.674668453384967, 0.6788122988849581, 0.6762549102688978, 0.8043323094100924, 0.7243467991382639, 0.7811838372009065, 0.6893964078321018, 0.6812413614807906, 0.7202310158920134, 0.7292049288627196, 0.809882607031402, 0.8355049450281007, 0.779971754883264, 0.7830081697658121, 0.7522297341697561, 0.8152184436861247, 0.8307082756007912, 0.7631654576291086, 0.7379253469323267, 0.8358338786048787, 0.8445110847884927, 0.7829122362859822, 0.8445110847884927, 0.8537700413771837, 0.705201106161101, 0.7623242902957359, 0.7210543239296129, 0.6604196662554718, 0.6477792310911213, 0.7639316718336334, 0.7712299294544942, 0.7256347944211259, 0.6812916876324909, 0.7463839956562164, 0.7263446497395926, 0.757054493661329, 0.7285880090035419, 0.6405308339622243, 0.6941288223461, 0.7190730177878643, 0.7471888797912258, 0.8066536772001013, 0.7936244034654055, 0.8103387560491495, 0.6394486776579252, 0.7589775402898205, 0.7550736093805873, 0.7260844428375315, 0.7464550034052071, 0.865322796961865, 0.8666423751904843, 0.8726394821991579, 0.9087496617565886, 0.8568255392220363, 0.7676792015493038, 0.8626130185494116, 0.8947607260856597, 0.8282940167046902, 0.8365978090947693, 0.8888501520972778, 0.8367646935417022, 0.768560660042059, 0.7986547668779431, 0.8479914618060254, 0.8483233972711149, 0.8683297972826091, 0.8929223104205571, 0.8677335360160882, 0.9198017793014045, 0.8709613776522953, 0.9210196948735417, 0.8114899126585355, 0.8696803832710336, 0.8800642938205584, 0.8977651248701946, 0.8506994727393254, 0.8453779249798228, 0.8309924033538872, 0.8611272677903141, 0.8849432982527383, 0.7481439620678132, 0.8873910683363541, 0.8873910683363541, 0.8555300491103272, 0.8605768296429767, 0.851040027495355, 0.8338692203253901, 0.7530483558188171, 0.725887043936368, 0.8435544550410011, 0.8190025919952221, 0.9081897480687321, 0.9050444817007893, 0.873022081741814, 0.8959484510326424, 0.8710443297990264, 0.8835976010422891, 0.8692160513864586, 0.7841565376164034, 0.8705892450630198, 0.8849388265184206, 0.907910531306738, 0.865886336168681, 0.8701376231879169, 0.8313801610455624, 0.8679580785636953, 0.8679580785636953, 0.8781813263987207, 0.8786183445785651, 0.8866085772215456, 0.8788747935423169, 0.8704973908744985, 0.8794558117747799, 0.8808239445974891, 0.8555233452510116, 0.8086923203946719, 0.8359748740587485, 0.866087534426304, 0.8657681673351278, 0.8325377872162367, 0.8603018703406743, 0.8556278154170042, 0.8040686355235073, 0.8530143999148193, 0.8555831018505642, 0.8681751427503044, 0.8033566726803263, 0.8442304880861689, 0.8589947883186188, 0.8097160182084336, 0.7958681566762383, 0.6493408933423337, 0.6857449321386264, 0.7729815724636304, 0.768560660042059, 0.7974383945920883, 0.6752984295379776, 0.8449450391506459, 0.9802654047266062, 0.7378851454293086, 0.8786263146168829, 0.8479546753756014, 0.8446282583437892, 0.8480797559787513, 0.8444194401278042, 0.8114378196253528, 0.8599108625901819]
[0.8954789278664722, 0.8297677131027347, 0.8297898890869587, 1, 0.7602432243998926, 0.6772326608528182, 0.663635209051012, 0.6766874193732488, 0.6467789785865221, 0.7094653390317542, 0.6583949008880281, 0.6676702305771508, 0.6633902808701961, 0.6655939462698562, 0.7982848058879086, 0.8702115500967544, 0.8709567351508793, 0.8337584834867384, 0.8607306488153941, 0.8282745616610561, 0.8507829548273204, 0.8812890644888857, 0.8581045892553448, 0.7559682303265579, 0.8707108590218432, 0.8983146982668103, 0.8234559239951773, 0.8983146982668103, 0.8822388466446205, 0.7826735180079287, 0.838569319138767, 0.8338522926448925, 0.8259715012719067, 0.7573863097396178, 0.8300407875178769, 0.8614100011002657, 0.8214048689692158, 0.7714698912255261, 0.8341099945149071, 0.7977613819248303, 0.8589186636914011, 0.8400509568605018, 0.6911749604543485, 0.6649774403299367, 0.8248287033600787, 0.8348287547818201, 0.8940451434878337, 0.8713580682758807, 0.8998720920552663, 0.7786293959685959, 0.8439084067391477, 0.7981881279484471, 0.7974854463575243, 0.8370507623136825, 0.8954453313897767, 0.854016453481024, 0.8824333145142718, 0.9128457988780866, 0.8661860000781838, 0.8500474615175267, 0.8806752364545232, 0.8750834660736182, 0.7969700937815254, 0.8606316860747489, 0.8944354237916468, 0.8688765570968175, 0.8101885131532944, 0.8193228410151561, 0.8731513425828707, 0.883451975162498, 0.9064205956855362, 0.8818444759033652, 0.9287949425296598, 0.8878179765508705, 0.8389866695336031, 0.8656171422044108, 0.8341962298173622, 0.8971261875369004, 0.8865937417423921, 0.8913488667371311, 0.8674727274793956, 0.8625198030191465, 0.8713042655437668, 0.8891223638042226, 0.9173607210187814, 0.5920119897869609, 0.8534948010313222, 0.8534948010313222, 0.8860974102684457, 0.8724586784160864, 0.8634767887068427, 0.8969846516360204, 0.7652530729661398, 0.7679500511380212, 0.8471642334417547, 0.8610396528975559, 0.8927494086418518, 0.9156509800074386, 0.8607238938621902, 0.8835087687586004, 0.7449381708366393, 0.8579597547839513, 0.8677216022794705, 0.8530303759007031, 0.8510913777058191, 0.9061869117063956, 0.859927487942912, 0.926817116600838, 0.9287666859168074, 0.9254872444337878, 0.9466719970206937, 0.9466719970206937, 0.9382442085106063, 0.9018283979181263, 0.9143848449534089, 0.9393915286982766, 0.9382714267826779, 0.9158731567881839, 0.9028929622926857, 0.937240984166632, 0.8905770047678061, 0.9442086401298229, 0.9009074648243341, 0.9417994193717425, 0.921925641051233, 0.9368136702090266, 0.9386375521568767, 0.8942606542033864, 0.929061681165001, 0.9152873584163486, 0.9338838854996195, 0.8816996611015449, 0.8970622861151436, 0.9424140525666727, 0.9317199902270654, 0.9192206890992087, 0.6992321221218861, 0.7516627644305731, 0.9380426791722221, 0.8101885131532944, 0.8811327034850864, 0.6943291130620404, 0.9174811792384774, 0.7840452476014101, 0.6336971503771537, 0.8752647731004404, 0.8990628500657234, 0.923888469624325, 0.8983822919329019, 0.897766032765389, 0.9391881065603487, 0.9355081448655462]
[0.6953313220427216, 0.7008619371813867, 0.69964659445204, 0.7602432243998926, 1, 0.9318196421315544, 0.9204411307491831, 0.9297943435923866, 0.680300205739511, 0.9120678475017723, 0.6665371445334113, 0.9210580056441549, 0.9210157675719569, 0.8518572081931688, 0.8740253742156232, 0.73319275061652, 0.7519063509598953, 0.7149490443977076, 0.5797821941762425, 0.6901388892629372, 0.7569397348624299, 0.7585074504949384, 0.6658892894688233, 0.6252879628997852, 0.7461973601422393, 0.784029009991616, 0.7179923064367024, 0.784029009991616, 0.7538676870067973, 0.6809858233227358, 0.5536805807330295, 0.6202876143185183, 0.5834817577071255, 0.5799800307142068, 0.6569319481979212, 0.6830310299242527, 0.6201830150447756, 0.6475993739236523, 0.6512429077078279, 0.6530907391416239, 0.6739006436112581, 0.6833484132739114, 0.5565451650173651, 0.5047973299679829, 0.7073913767109062, 0.6586534201976245, 0.6919991118165024, 0.6291814339218562, 0.6956042496794089, 0.5722656079267808, 0.5451872930383331, 0.5983228828335543, 0.6880802651507643, 0.6673949370637683, 0.7819532337985106, 0.7076887674413258, 0.7558493981504445, 0.796263870108387, 0.7127861139560887, 0.688768081682531, 0.8034393277244218, 0.763313175002704, 0.8221014712752619, 0.7676740278380499, 0.6938977847699854, 0.8295701606982171, 0.7917843419351686, 0.627469362951992, 0.7133636070786589, 0.719578005968114, 0.6788000923351238, 0.7507494651379211, 0.7907324343090815, 0.7818140858949898, 0.6551739826173109, 0.6709939413337045, 0.7180843586935134, 0.7631134537525672, 0.777786519573814, 0.7722144268825519, 0.7589988946682177, 0.6305394786882403, 0.7005767242464583, 0.7807927469168975, 0.7017002628037865, 0.5294059366419077, 0.697198728960476, 0.697198728960476, 0.7505671408156926, 0.726711622701815, 0.7858248964110691, 0.6916103136238816, 0.7395183964468414, 0.7954583193173742, 0.725995027801566, 0.659472982503563, 0.6963594514420928, 0.7244274945463482, 0.6518512547892018, 0.6782667005422, 0.5287811563849698, 0.6521312739955742, 0.6387189241407758, 0.6297487046309849, 0.6498430182181341, 0.7437518886840622, 0.6257500038678124, 0.7138423192701723, 0.7270109205433175, 0.6708623545253226, 0.7436855416363263, 0.7436855416363263, 0.722342257154345, 0.6919707017558301, 0.7049933458897353, 0.731567303272451, 0.7451684943389489, 0.6838610124058951, 0.6941165042934427, 0.7452340860055606, 0.6302676089865414, 0.7058387014508359, 0.7046669395952797, 0.735892874789314, 0.7625148329186423, 0.7493107159740386, 0.7589043511266612, 0.7338919356527344, 0.7696157362289949, 0.7393186994970528, 0.7662235681734885, 0.624651768574994, 0.7304524344490781, 0.7474721320035331, 0.7573263404946715, 0.6511613596454128, 0.8720644147906108, 0.5852747809049386, 0.7841782093301006, 0.7917843419351686, 0.7288066195993734, 0.5965182664096735, 0.7431519038615886, 0.6262642307018641, 0.6430864533220086, 0.7408832786434618, 0.7271767513545488, 0.7653182526111673, 0.6991837527689999, 0.7303378285396948, 0.6948277719280552, 0.7389233999174492]
[0.6396569534783326, 0.676230044410629, 0.674668453384967, 0.6772326608528182, 0.9318196421315544, 1, 0.9858960894784355, 0.9982304903747805, 0.7061402117845491, 0.9691325561579184, 0.6808585580030336, 0.9657768275003934, 0.9709593845055695, 0.8510446895586977, 0.8375693947855074, 0.6386624857282102, 0.72687635617326, 0.6445902373024867, 0.5144142876335468, 0.6196859449873701, 0.7306149562708306, 0.6790387379207744, 0.5908712169312438, 0.5813552946618927, 0.7119402454424074, 0.713136533182799, 0.6493736047369558, 0.713136533182799, 0.6958257672689543, 0.5601878947539325, 0.4623290655507706, 0.5282014131757038, 0.4597991351782856, 0.4806601150070993, 0.5744380318602159, 0.5923729917974023, 0.5301963563246679, 0.5129940951057611, 0.5428477900787304, 0.5417859459354719, 0.575887427617464, 0.5792927241334161, 0.47068139421631866, 0.4230830605763119, 0.583630677716402, 0.5656023351603935, 0.6012508418516914, 0.5364458125691511, 0.6094968444776213, 0.4758254710002213, 0.44583348617625507, 0.5058666372846904, 0.600592144684288, 0.5632232849842829, 0.733093988168723, 0.6365357885536336, 0.6932589136535183, 0.7386442983385926, 0.6501634364061714, 0.6093757033697557, 0.7649027882966953, 0.7261494972794322, 0.8011027830633863, 0.7192526431317229, 0.6664420507581541, 0.7813859156227797, 0.7321027191497883, 0.5447155961984842, 0.6689413935167956, 0.6445395912307552, 0.6295927222985501, 0.7195901891497501, 0.7410531311250385, 0.748245517318972, 0.6055245332492669, 0.6278729557949267, 0.681321344105549, 0.7122297625463592, 0.7212232006061287, 0.7384057501498194, 0.6805024423731313, 0.5650084504943241, 0.6059439759632633, 0.7164192322145979, 0.667267459269, 0.4909949489020811, 0.6294917393615861, 0.6294917393615861, 0.6597094150602484, 0.6822512387910572, 0.7428565922478294, 0.5991087970495901, 0.793368109584158, 0.8504677399766978, 0.6940120144599047, 0.5653595187523001, 0.6426580759064426, 0.6606993670167168, 0.5905126771819832, 0.6083182307914073, 0.48932700444023247, 0.577997492254504, 0.569404603688517, 0.5251182179368344, 0.5884676427117135, 0.6712194974034241, 0.5808498487647201, 0.6438772776502791, 0.6810673583187175, 0.6147071892949889, 0.7007934257472095, 0.7007934257472095, 0.682618608085447, 0.691174759321917, 0.69278813802183, 0.69020246171666, 0.7021099917413267, 0.679352362283159, 0.6972045859586599, 0.6808432587929899, 0.5542762246109295, 0.6420827206151238, 0.7087000148026767, 0.6902381354916111, 0.7142772726263212, 0.7113140062344865, 0.7258345490112379, 0.6756993197342922, 0.7213840002889322, 0.7150350518987537, 0.7300136557519877, 0.553108135830704, 0.7348481172126259, 0.7018493387197032, 0.7003710865187791, 0.5950435894217507, 0.9361086827090049, 0.6197928299515285, 0.724722113450537, 0.7321027191497883, 0.6454040125132059, 0.4963264343473239, 0.6963489546658406, 0.6071210143673714, 0.599905569811588, 0.6830926866870898, 0.7310660159065615, 0.7015837029404193, 0.7023588342718464, 0.7347411623560554, 0.628760947240145, 0.7067767702108471]
[0.6411292210262326, 0.6796589201814855, 0.6788122988849581, 0.663635209051012, 0.9204411307491831, 0.9858960894784355, 1, 0.9853110647503902, 0.7106692972911379, 0.9587852245450907, 0.6828495483484174, 0.9591671006563731, 0.9633293713189957, 0.8561664114398229, 0.8250001547051126, 0.6422625111347217, 0.725692219929714, 0.6443514951995053, 0.5052556280369261, 0.619086494854721, 0.7346438904397489, 0.680711463842895, 0.5874279669011687, 0.5762058443347133, 0.7145496736915655, 0.7113375590081839, 0.6473369421828542, 0.7113375590081839, 0.702625395171972, 0.5571913217625144, 0.4549894157956159, 0.5218255614358344, 0.45886108109274487, 0.4791613312733269, 0.5670351056992022, 0.5862788228328403, 0.5272082008823283, 0.5074054314682586, 0.5423880539602715, 0.5380354769203769, 0.5703375504035789, 0.5794176471894433, 0.4820499440803848, 0.423241501761943, 0.5800063347517492, 0.5617795736153989, 0.5983337190718643, 0.5290992012627401, 0.6054933463096482, 0.4668715890748548, 0.43778323410943265, 0.5006959587887773, 0.5932259517152947, 0.5601118602551575, 0.7369965680790014, 0.6370811475769408, 0.6909219587270516, 0.7277202071850815, 0.643447908103758, 0.604423066657849, 0.7628199614667504, 0.716749427739293, 0.7964398226505792, 0.7177349002836098, 0.659935710732784, 0.7766835473865434, 0.7315852973193526, 0.5325861507288939, 0.6658757792689356, 0.6396314683619053, 0.6125832434606038, 0.720452163595943, 0.7370338678479846, 0.7414529898533597, 0.6003576180946331, 0.6199241423320061, 0.687854630775749, 0.6969626295151929, 0.7125862257894858, 0.7364741375292422, 0.6843367486143054, 0.560342467201017, 0.5980414220182186, 0.7132620153148216, 0.6577746596067365, 0.49446466970049857, 0.6211884397077331, 0.6211884397077331, 0.6603756002474869, 0.6676005198504851, 0.7308773787426472, 0.5844467903862794, 0.7772210427663274, 0.8448641716437714, 0.6972160058203252, 0.554758081983799, 0.6398589585208018, 0.6557493215280749, 0.5835075663252801, 0.603551929796195, 0.4766986061939985, 0.5684988938285853, 0.5641133464312827, 0.5152097890995925, 0.5801797315721999, 0.6684936668523133, 0.5718942008030898, 0.6444776399426292, 0.6680289721835969, 0.602828902015151, 0.6963705728168441, 0.6963705728168441, 0.6786961652604022, 0.6804739707063101, 0.6820132149209547, 0.6863825968140158, 0.6991463501905274, 0.6728370269829541, 0.687007058086123, 0.6738393026442691, 0.5447244447932592, 0.6297418245699724, 0.7019974021319942, 0.687304873717543, 0.7019732761188897, 0.7110912309884583, 0.7209085956014153, 0.6696819475285697, 0.7187130696730902, 0.7068521770427153, 0.724600364069287, 0.5435844280642186, 0.7290466390735264, 0.6987040622545753, 0.6939873785722689, 0.583506154102262, 0.9349517618637745, 0.6088619181054246, 0.7173302445470205, 0.7315852973193526, 0.6382149393758632, 0.4911610762833689, 0.6987987358628887, 0.6137058447008042, 0.6056402768602663, 0.6837840962557552, 0.7259587538130645, 0.7035045331271486, 0.6954257049705092, 0.7291907066844637, 0.6156693368264756, 0.7049884894327626]
[0.6405603010949333, 0.6777164931465199, 0.6762549102688978, 0.6766874193732488, 0.9297943435923866, 0.9982304903747805, 0.9853110647503902, 1, 0.7066177593226871, 0.9684929004913637, 0.6810975417231372, 0.9656617564568126, 0.9709639501488355, 0.8514215253578028, 0.8374516593239897, 0.6383327623764486, 0.7256262004745951, 0.6453050850984222, 0.516188854618661, 0.6224953371174584, 0.7288326973880433, 0.6781092349156121, 0.5931772748330759, 0.5788463558784361, 0.7115432624532277, 0.7110384336285195, 0.6499825890616351, 0.7110384336285195, 0.6947092302752814, 0.5606312797137075, 0.46548753176651775, 0.5283678448629964, 0.4613862759012356, 0.4830055156993034, 0.5745718967510983, 0.5912437671071451, 0.5293681197507911, 0.5141519800368137, 0.5440880140545507, 0.5422343427384942, 0.5766457353425264, 0.5799161135410519, 0.47058548351169205, 0.4229543290327575, 0.5840048051520434, 0.5668101795374902, 0.6001560435714852, 0.536707317007146, 0.6070578771806613, 0.47887692624597045, 0.44705915983868044, 0.5031421692895347, 0.6006045758297148, 0.5647754545726972, 0.7316205287555638, 0.6371027163597123, 0.6925056548492795, 0.7373670545149673, 0.649432516960725, 0.6072447808201268, 0.7628162032911147, 0.7254440115883128, 0.8007330587861377, 0.7188586353810758, 0.6665503230481836, 0.7794404309546439, 0.7307012946387332, 0.5428940315024717, 0.6668450754633576, 0.6431405912242693, 0.626141249452872, 0.7170911974717985, 0.7387241536894864, 0.7454210669287945, 0.6061400360668582, 0.6277371079306694, 0.6826277327158686, 0.7089007214679541, 0.7188230262787633, 0.7391468797131899, 0.6795298373404516, 0.5672303550517854, 0.6026153295908911, 0.7141606652833941, 0.6647553221609619, 0.4921850887834791, 0.6287952660970614, 0.6287952660970614, 0.6578530491249938, 0.6808200650646974, 0.7400759193062799, 0.5987450828666382, 0.7945766214839901, 0.8528769655914148, 0.6928452053943267, 0.5658898718724554, 0.6426939240886212, 0.661326123696295, 0.5916463503117119, 0.6081813574231157, 0.4898016702284339, 0.5788048283820113, 0.5694915055508017, 0.5252448414967335, 0.5896482587863211, 0.6696409391839281, 0.5812609357816184, 0.6425852223888641, 0.6810485450101305, 0.6137822057306253, 0.7013450053806521, 0.7013450053806521, 0.6828924309363518, 0.6909984314544667, 0.6926023699347491, 0.6900512516969649, 0.7027580642261219, 0.6792621249678834, 0.6972584389298662, 0.679874679898933, 0.556310965143877, 0.6398088084479389, 0.7094377245995139, 0.6918097355056084, 0.7141171572498249, 0.7125007943739885, 0.7256198009522906, 0.6764250173990117, 0.7211705828929427, 0.715649702324555, 0.730112083480842, 0.5554240700465206, 0.7353768418536832, 0.7029451340472374, 0.7017035853740843, 0.593472610562306, 0.9394881351877866, 0.6246765132783482, 0.7261420286780459, 0.7307012946387332, 0.6438907804604074, 0.4971519638806471, 0.6947159674594778, 0.6085602805702373, 0.5997069110887416, 0.6796357709413388, 0.7316830382781688, 0.7016142723618145, 0.7031391554376126, 0.7353507726344084, 0.6272117993089632, 0.7071852123013802]
[0.7357938737906388, 0.8028559198115152, 0.8043323094100924, 0.6467789785865221, 0.680300205739511, 0.7061402117845491, 0.7106692972911379, 0.7066177593226871, 1, 0.7857833795099157, 0.9243910716666734, 0.7271767643471322, 0.7109833312536165, 0.7404478569034039, 0.7081002612053918, 0.6734000478338508, 0.7657497299784228, 0.7416452113641803, 0.5565356353072427, 0.7242366230384831, 0.7430836499692035, 0.7208709865852106, 0.6281636349977044, 0.7347799242024057, 0.7649333938157746, 0.7346053342998573, 0.7409854360365039, 0.7346053342998573, 0.7495541065652263, 0.6833120737611803, 0.532813110620239, 0.6197816923796858, 0.5182588464953235, 0.6285596105538367, 0.6905160875325551, 0.6790796987924773, 0.6411882589227093, 0.6334406861175366, 0.6521526350778988, 0.71645649926474, 0.6669964518632014, 0.6448314730164386, 0.6662015420473612, 0.7260389399633679, 0.6875632510713533, 0.6737476291645598, 0.6995702446610325, 0.6446465450708531, 0.7078155109416714, 0.5107812648930301, 0.5286854514869657, 0.6667745266684707, 0.7046502154340194, 0.6648135407974405, 0.8090488556489907, 0.8190863983705076, 0.7846389271249179, 0.7622536974891198, 0.81237892990602, 0.7097187655610595, 0.8435060301480385, 0.859666084063989, 0.8768886433243519, 0.8380545434252898, 0.7672535425999316, 0.8423053278456611, 0.7018301522204041, 0.6796360583224789, 0.8142701988592339, 0.7342026359925633, 0.7341555015159056, 0.8448164642714154, 0.753122411977725, 0.8538960060627047, 0.8002942209496396, 0.7773595550608522, 0.6405445035978489, 0.7612262989779291, 0.812092589125961, 0.8295034251534893, 0.7320876767988, 0.7115273685803064, 0.7189859140232422, 0.8075358344969725, 0.76466766456649, 0.6316228241298304, 0.7931348071876022, 0.7931348071876022, 0.7492364936178436, 0.7734482269489883, 0.8044791228974499, 0.6565721190753502, 0.571563841162284, 0.6108870849417357, 0.8030857779766034, 0.6587190394883086, 0.6815221216358484, 0.6964213469452246, 0.6623467632826174, 0.6423218360290365, 0.6576296488094192, 0.6697405913483517, 0.6439650917002581, 0.6264835874041218, 0.665050084564028, 0.7034723387956755, 0.7039703497687527, 0.675080893780192, 0.7197650403289106, 0.5874923550211434, 0.7315638050798212, 0.7315638050798212, 0.7210421708642809, 0.7294396560247405, 0.7309016388037168, 0.7339211503395777, 0.749701455067043, 0.7053510666143109, 0.7218666321939582, 0.7238423978246121, 0.6147728544646687, 0.6793214506306219, 0.7495004999043451, 0.7255803865104927, 0.7561753537301515, 0.7587577439622256, 0.7465477744773785, 0.7177911793020921, 0.7640051504881221, 0.7779486949454918, 0.7635648957159197, 0.614322094570003, 0.777873614379477, 0.7310783775929562, 0.620407230681755, 0.6235838199689822, 0.6536761190398453, 0.466172909233298, 0.6250954991231078, 0.7018301522204041, 0.7235383767424843, 0.6951698693860083, 0.7522918498887811, 0.8177672368413986, 0.8159710171633177, 0.783995235199597, 0.7771498225491814, 0.7574842689468475, 0.7426344039004734, 0.7779424653092706, 0.5884535905132228, 0.7482707749599998]
[0.6842531355341547, 0.7250571730137491, 0.7243467991382639, 0.7094653390317542, 0.9120678475017723, 0.9691325561579184, 0.9587852245450907, 0.9684929004913637, 0.7857833795099157, 1, 0.7494847292695469, 0.9506011275385513, 0.9557448530969875, 0.8486106905180032, 0.8458371704436591, 0.6808250660054989, 0.7664665143123557, 0.6992096282139543, 0.5477116210893131, 0.6588590229518126, 0.7694412285855224, 0.7237448887979412, 0.6293724851045228, 0.6366199853289923, 0.7590761186672997, 0.7574493771558906, 0.7121872540544879, 0.7574493771558906, 0.7373044750813966, 0.6127310669116796, 0.4952526187570401, 0.5699509369469213, 0.5011730738717031, 0.5301639985122506, 0.616771053653315, 0.6383395256447059, 0.5705693107936481, 0.5558690771660363, 0.5878039835432262, 0.588451375139715, 0.618256960678552, 0.6218834881793746, 0.5676538338411637, 0.4919442715145713, 0.6336959981304399, 0.6105296641176051, 0.6467189394556204, 0.5825250812549856, 0.6700720198912162, 0.49121080755950614, 0.4840308831137318, 0.5592208387306027, 0.660676758620512, 0.6073759038294138, 0.7768973978093315, 0.6986333911759355, 0.7382931721150428, 0.78041620404073, 0.714123839013947, 0.6617492568641522, 0.8232574040707487, 0.784087603909795, 0.8515630304517491, 0.7831899385237996, 0.7108758618268548, 0.827693466747009, 0.7792049433138452, 0.6062343038795146, 0.7250138463831111, 0.7082280723929315, 0.681814879420031, 0.7803848312945854, 0.7970740067256007, 0.802755640669894, 0.6797430083471608, 0.682572244286365, 0.6888033736032201, 0.766811224536048, 0.7652079318355088, 0.7850683015729492, 0.7204894772325496, 0.6409511261988252, 0.6578839977731541, 0.7690401181565403, 0.7283799140686901, 0.5033056787447165, 0.6936573605453868, 0.6936573605453868, 0.7000556769330306, 0.7337918092380181, 0.7996414319765419, 0.6452334594359438, 0.7761166471771128, 0.8369520678312856, 0.727686609492774, 0.6164488581120756, 0.6809275580775448, 0.694384542279991, 0.6355377181738311, 0.6468498334880431, 0.5420839615579076, 0.6223718835831357, 0.6116505545740871, 0.575404104823702, 0.6429213084888638, 0.7112813129923105, 0.6298013283110157, 0.6870890559153463, 0.7204004168230188, 0.6506217015447463, 0.744841469636949, 0.744841469636949, 0.7267777254672753, 0.7328270803900641, 0.7341324702522433, 0.7358618138763072, 0.7489610352954595, 0.7160324794990985, 0.7393962595319462, 0.718375169039631, 0.5818654602156581, 0.6888983866942479, 0.7518094836397342, 0.7339655628715838, 0.7560301329359219, 0.756208038140163, 0.7666171497958759, 0.7147365650383475, 0.7778174003950077, 0.7622352578441723, 0.7728319905871859, 0.5800587685076916, 0.7801587708554772, 0.7450666222343035, 0.7244031936683902, 0.6354478866574599, 0.9143423355424757, 0.6096813377097227, 0.75010107543719, 0.7792049433138452, 0.6943662447483024, 0.5446843018475424, 0.734428505914632, 0.6675461785620522, 0.6299241164057165, 0.7395272455041664, 0.776829237230643, 0.7440514470364639, 0.7455325730872963, 0.7797343721177817, 0.663828603210941, 0.7526398276179234]
[0.7098557610768689, 0.7802355749500199, 0.7811838372009065, 0.6583949008880281, 0.6665371445334113, 0.6808585580030336, 0.6828495483484174, 0.6810975417231372, 0.9243910716666734, 0.7494847292695469, 1, 0.6996884854884414, 0.6976944344303411, 0.6867022816207108, 0.6770951234601659, 0.6500081855453212, 0.7406412960361953, 0.6732312667474668, 0.5273870859001826, 0.6773709241668839, 0.722669418277688, 0.6887014013537572, 0.5844899245988977, 0.6579039739613876, 0.7288805018136436, 0.7029608952048602, 0.6818532226282238, 0.7029608952048602, 0.7159964878658618, 0.6546667547145454, 0.5571621770300571, 0.6351018636780648, 0.5325054167960008, 0.5998412013292568, 0.6904022251074736, 0.6823047351955221, 0.6478969407823462, 0.6191508347489907, 0.6648775107224106, 0.6824337836116218, 0.6709862472713396, 0.6411818606551325, 0.6502703194601933, 0.6950268386936161, 0.6607266314677632, 0.6739897116066347, 0.7008683888244069, 0.6339183894877188, 0.7091410155960328, 0.526450615087923, 0.5473326523565536, 0.6273211599627193, 0.6814309652551127, 0.6644934323670216, 0.7933274386074954, 0.7834040516762257, 0.7432415401702238, 0.742534134279725, 0.7676927491707493, 0.642464989812809, 0.8133705838486492, 0.8142466476085966, 0.8229196756847291, 0.8123228865972552, 0.7768075046678483, 0.8165585822192756, 0.6829182200120076, 0.6328443153979502, 0.7689287299366276, 0.6950516735089349, 0.7120386283612181, 0.8068356454701965, 0.7384617666950947, 0.8505667749672087, 0.7512340214467109, 0.7613594370713166, 0.6191241200367006, 0.7222081687582991, 0.7850178505319161, 0.7976142549164127, 0.6634659947159098, 0.6747171190471958, 0.6609298030001116, 0.7745310678163353, 0.7537501632157744, 0.5513868778594649, 0.7560759320858771, 0.7560759320858771, 0.7125614626524128, 0.7134865171213108, 0.7643247561279172, 0.6119655451386724, 0.5490252171790466, 0.6083666260080738, 0.7473437775353758, 0.6282738602933378, 0.6537517801997523, 0.6769371188122231, 0.616250689565884, 0.6220715647968169, 0.603486467475166, 0.6237927860472251, 0.6081645614307809, 0.5980732410999817, 0.621629739414109, 0.6777189244977665, 0.667485835769748, 0.657421424473196, 0.711974156152151, 0.6012821094867862, 0.7277543271026868, 0.7277543271026868, 0.7174350582648251, 0.7138601085376616, 0.7188565268906786, 0.7296121198814516, 0.7455266045928424, 0.7089150888771882, 0.7191207817594139, 0.7126554174831541, 0.6243969147045316, 0.6773021819422236, 0.7428609115455461, 0.7192646673538021, 0.7417053324385757, 0.7504305825948074, 0.7397346112774351, 0.7013373908953011, 0.7574063827143847, 0.7648737098616492, 0.755695891290397, 0.626606849928739, 0.7672038869994632, 0.7239752778553736, 0.6198446083187666, 0.6085796806772444, 0.6383323210631942, 0.47172949621354526, 0.6379056279900921, 0.6829182200120076, 0.700889792709127, 0.6475318520135449, 0.7295801259447922, 0.7898878987598581, 0.8085905440356386, 0.7533655699215602, 0.7664584186618159, 0.7767191295532103, 0.7365340782460239, 0.7670521820478655, 0.6017455183099385, 0.744667643378844]
[0.6522508835519539, 0.6908452376594947, 0.6893964078321018, 0.6676702305771508, 0.9210580056441549, 0.9657768275003934, 0.9591671006563731, 0.9656617564568126, 0.7271767643471322, 0.9506011275385513, 0.6996884854884414, 1, 0.9920920070386815, 0.906201131548613, 0.8376131093677418, 0.6385288376157527, 0.7244994611064732, 0.653290043198935, 0.5263723956143707, 0.6462268501173712, 0.7248984485895218, 0.679901512139528, 0.6022550226955175, 0.5971548259338862, 0.7066975983483634, 0.7135276990121154, 0.6663680114588645, 0.7135276990121154, 0.6991450559730944, 0.5820358572965365, 0.46828079209085843, 0.5385293649315992, 0.45301229400291176, 0.49624337926885187, 0.5997834311497972, 0.6055844003050634, 0.5481570518381467, 0.5318486672079336, 0.5554660897481668, 0.5737435382302465, 0.5782707498756164, 0.5843796705311468, 0.4563316166891481, 0.4689357992158527, 0.6028082747044666, 0.5819682593072782, 0.6149961895139984, 0.554320247669032, 0.6379817125471344, 0.48332949671531455, 0.4513297182778088, 0.5527292510769026, 0.6150943524733482, 0.5719339421953202, 0.7550576521492945, 0.6746576724881476, 0.7187752645064625, 0.7584565840323731, 0.6980199024620899, 0.6429071597717791, 0.7815094747697734, 0.7477323950020051, 0.805285902268548, 0.7412204731005158, 0.6803515302542958, 0.7950718607791547, 0.7431555975711547, 0.569211557408945, 0.7001302895423003, 0.6808268656674717, 0.6490480616946752, 0.7451492087954924, 0.7311329292614639, 0.7646782844083427, 0.6475479409836755, 0.6399140878356824, 0.7073802268089472, 0.7455618630887113, 0.7439098856239703, 0.7613258019726452, 0.7263192442824704, 0.5648649916916847, 0.6329971209476097, 0.7354966226248354, 0.6752142122290912, 0.5801838289519078, 0.6589583512367604, 0.6589583512367604, 0.6956502124686539, 0.703756177531107, 0.7642052788941275, 0.6227268210413223, 0.7962192317561868, 0.8343881363764769, 0.7255112075826246, 0.59238443297137, 0.6481653719678683, 0.6552124703607125, 0.6023978712815223, 0.6126642074144999, 0.5250850836101163, 0.5803978946532913, 0.5610240819119865, 0.5455801539793484, 0.6073379949437686, 0.6651474457928948, 0.5910326361060854, 0.6406386037920044, 0.6960909349762057, 0.6057553140541715, 0.7059083802944384, 0.7059083802944384, 0.6902905207288328, 0.7131074420362857, 0.7079637184234027, 0.6983273576782765, 0.7077127025016254, 0.681929841857289, 0.7136746686951113, 0.6990918307929704, 0.5753583738117123, 0.642579407093011, 0.7269920083484638, 0.6927339983541786, 0.7293208169346902, 0.709024680764459, 0.7326730320876099, 0.6906996031423371, 0.7398984505539732, 0.7317437064036753, 0.7364351648548293, 0.5746832097829818, 0.7535347589341025, 0.7039211157054034, 0.6857897651414355, 0.5955359132913576, 0.9111260115222476, 0.6128316903174312, 0.716827948550908, 0.7431555975711547, 0.6831418575530485, 0.5474570626707066, 0.7079568081934405, 0.6330164945461632, 0.6634473224249913, 0.7266835886177737, 0.7495535232395473, 0.7030530432703102, 0.7207958050256569, 0.7529477681470045, 0.6170085478754104, 0.710926367334918]
[0.6443514327071046, 0.6826428151941372, 0.6812413614807906, 0.6633902808701961, 0.9210157675719569, 0.9709593845055695, 0.9633293713189957, 0.9709639501488355, 0.7109833312536165, 0.9557448530969875, 0.6976944344303411, 0.9920920070386815, 1, 0.8883137003865018, 0.833123170975666, 0.6361473299358887, 0.7186419934314459, 0.6412366490059331, 0.5216464216608494, 0.6290762417223532, 0.7251517299616778, 0.6756438815455168, 0.5863536860110897, 0.5757643816240745, 0.7032061731167086, 0.711166673076067, 0.6603596617728188, 0.711166673076067, 0.6936672142067603, 0.5694702315912896, 0.463860453708828, 0.5305352642301998, 0.44956613250192173, 0.4839892497830749, 0.5879474416627699, 0.5967254739754435, 0.5369730466277342, 0.5165603579615357, 0.5490553447841813, 0.5544468850525301, 0.570448329328467, 0.5781343405687104, 0.46119102421534586, 0.4453550764953216, 0.5853649725964262, 0.5733513784631412, 0.6025541313462054, 0.541648114360067, 0.6239497102751592, 0.47156281652005716, 0.44485636061150446, 0.5328020641713826, 0.6059469185710701, 0.5609445917325805, 0.7452745065807977, 0.6567223839775992, 0.7048934126491869, 0.7487833818595068, 0.6773650784348888, 0.6219018333252007, 0.7720922196992809, 0.7281811447265498, 0.7953303106557776, 0.7309411535904096, 0.6768893877619301, 0.7857844376669941, 0.7371794773096213, 0.5530003397882891, 0.681063640927934, 0.6651099453450665, 0.6319621171539193, 0.7240316954766877, 0.7273568078203981, 0.7564042516836629, 0.6356896406901583, 0.6291852947586138, 0.6912507049961998, 0.7267770400038218, 0.7298241530306013, 0.7471305435307681, 0.705987559321232, 0.5635816720495433, 0.609945556456716, 0.7245842458642173, 0.6651425406941275, 0.54782180105918, 0.6454230915810509, 0.6454230915810509, 0.6758255498465777, 0.6867637136800867, 0.7478948442421804, 0.6067938367690906, 0.8011238543761244, 0.8433667452310194, 0.7011456074586271, 0.5776911636989376, 0.6411773337499674, 0.6486074547982069, 0.5940320680743569, 0.6080935790257138, 0.5033783148387718, 0.5693562720155456, 0.5568239627961432, 0.5308704319813929, 0.6012952189401923, 0.6633497312998372, 0.5774571903901262, 0.6412938463494597, 0.6866683369249947, 0.6074026473308044, 0.7013980489567465, 0.7013980489567465, 0.6863092358912458, 0.709166814025037, 0.700804588116105, 0.6943331687059262, 0.7042285588239566, 0.6779278679241878, 0.7092516091655491, 0.6872779813998163, 0.5661302002978004, 0.6362720941968215, 0.719295568153597, 0.6900168554267504, 0.719533719788605, 0.7055981359292914, 0.7265643479040531, 0.6753620320552064, 0.7315696253023146, 0.72780985934536, 0.7304364376564361, 0.5652907905268522, 0.7459924864359461, 0.7004664767674899, 0.6862245141763218, 0.5899392715040598, 0.9233710177462366, 0.6191545412671519, 0.7143877520655522, 0.7371794773096213, 0.6660927734998371, 0.5224367697768054, 0.6960748119066626, 0.6218068899282397, 0.6401032927945715, 0.7071441594904365, 0.7414320745658871, 0.700471206490651, 0.7136530652423472, 0.7450182298044363, 0.6189263393249835, 0.7068587585676501]
