[0.0, 0.2878088092961416, 0.4141304954130717, 0.5156811963679355, 0.5999135686140286, 0.26744990078450126, 0.35231054936152917, 0.47858657174309965, 0.37449089864343726, 0.2432047065075617, 0.2646717337394002, 0.36455826445909506, 0.47823595371618405, 0.4954477099750152, 0.27037979386384736, 0.5407450233428455, 0.5639702781102293, 0.719157810592154, 0.5705753915936812, 0.3943917912388579, 0.2839099848288494, 0.8830975439245137, 0.9287895517062332, 0.9302363739323486, 0.4769939667472208, 0.7121395171038544, 0.37168319249738996, 0.4655961209655018, 0.5222511105228475, 0.31935989340293053, 0.5768096807852636, 0.2650667875420084, 0.23991813814332974, 0.5439585136313779, 0.34956647557758236, 0.24380550496683454, 0.3895024339747733, 0.3575911174801925, 0.530039137425304, 0.2696506714154821, 0.467803556025314, 0.21907237158091228, 0.3145744799385313, 0.32720001101875595, 0.2827115903274481, 0.27934184831197817, 0.46799096251858263, 0.3386573064626795, 0.7561201203405508, 0.3145744799385313, 0.23942542512525886, 0.27159324738219326, 0.34609336631388854, 0.278756376630795, 0.34807279159944327, 0.44673354289808725, 0.6141682677344519, 0.6626952061674961, 1.0455291534031308, 0.29735482773012445, 0.2558704083278395, 0.26976677994757076, 0.4377431195271, 0.4421461590019253, 0.4285796578262027, 0.5208796462198019, 0.46756643650232643, 0.5826357937062355, 0.928373249806802, 1.158298079648723, 0.8289627887985919, 0.4797149750225946, 1.0900590627805464, 0.8693240888178818, 1.1611765628727748, 1.0821099065616449, 0.43270417248058374, 1.4094407494397252, 1.4702270593033897, 0.8506115736548852, 1.268873504340903, 1.1614589461925615, 1.1840952754148735, 2.4519527250038258, 0.44741095108586243, 1.1967804438418421, 0.5304926058561601, 0.5304926058561601, 0.5748853258817799, 0.8607548056889875, 0.35477161370396637, 0.35750334861909555, 1.1177168757667002, 0.24531612916343257, 0.2506428251459281, 0.5751313565825829, 0.5481938972700271, 0.6730634480880173, 0.9103243716607186, 0.8716009618149596, 0.5931705432797214, 0.5992724385649474, 0.8625301886469262, 0.5931705432797214, 0.5591381744523688, 0.5333918379231651, 0.852970681648728, 0.6411240221595543, 0.5904386595120583, 0.9324494656357013, 0.5904386595120583, 0.5904386595120583, 0.5898964411557476, 0.8168685816183237, 0.5473479361963344, 0.4167618898396209, 0.5904386595120583, 0.3440960244273014, 0.3793492812567296, 0.5762843798068551, 0.835470940738251, 0.40237072254236894, 0.46365554575827933, 0.5473479361963344, 0.7512994478387702, 0.3691991225371228, 0.3279106428259867, 0.2954222757013471, 1.0694511689074042, 1.165267574268143, 0.5420308608334097, 0.4761677289761293, 0.3607420694252565, 0.47671631801083847, 0.25750402245428383, 0.6079752139959873, 0.8015538068245205, 0.4614201711729086, 0.26028038544158527, 0.2891555344705824, 0.24345665770759203, 0.6239002288356791, 0.8445145556676397, 0.4743869047780166, 0.4623579564223978, 0.5005642794479956, 0.36354564598886785, 0.4225020603849794, 0.7363300588154461, 0.7332847411189589, 0.6030216005552699, 0.3440802839693695]
[0.2878088092961416, 0.0, 0.17349490271235407, 0.5101734519552666, 0.5020588157729535, 0.41732319297638765, 0.4009327438817171, 0.4842718378021677, 0.42400189028184754, 0.3752090746816444, 0.41047468228700124, 0.45311199897076265, 0.4759576448507313, 0.5089524363189264, 0.4137313694727863, 0.58096619124492, 0.6229808214826075, 0.7002121435424753, 0.6223953695537661, 0.47498470190906444, 0.4184548053658788, 0.8685389134364128, 0.9061205588011346, 0.9106106327840318, 0.5457060688725307, 0.7307389052656299, 0.4487007647386102, 0.5091191659498874, 0.5548808901063564, 0.35078146459328696, 0.5293668809241902, 0.36553994622618247, 0.34923679799236756, 0.5114039517102911, 0.3946709677855144, 0.3302510406566594, 0.4088884480291592, 0.39513850588466265, 0.5099938521861945, 0.35196734322018575, 0.43115616434471166, 0.3456394335645252, 0.37560130620745413, 0.3646261256153333, 0.3953360372485319, 0.371280090254469, 0.41533794703873483, 0.3836923157343792, 0.714383304696436, 0.37560130620745413, 0.3484307127428612, 0.390269207825644, 0.3842504419314178, 0.3584879710775397, 0.4335105588618761, 0.4420010084903185, 0.6050583555599707, 0.643323925059735, 1.012667307332669, 0.3476188511661914, 0.41210303500806683, 0.4136657565762027, 0.49110324050211607, 0.5265973432411375, 0.4832168314712799, 0.6206727977290748, 0.557315584916405, 0.5790746351421288, 0.8809312370206979, 1.1220819309340837, 0.8001116846176524, 0.462441920837897, 1.0274151076892233, 0.8793319565345571, 1.1012117925835998, 1.0858967259140324, 0.4142784185797845, 1.3567740080529982, 1.4184257868873262, 0.7872640256247492, 1.2284804238423206, 1.1099930152236057, 1.164543675460531, 2.386875052552239, 0.45665207537746483, 1.1460581777054613, 0.5069922841740497, 0.5069922841740497, 0.6139331301458181, 0.8411666690968347, 0.4272769806144163, 0.45741235161978544, 1.050494773758004, 0.43914021245072077, 0.38947021046079905, 0.6021711230456782, 0.573795699966358, 0.6626047171430305, 0.8555517582005094, 0.8098794066120121, 0.5482105987811379, 0.6085276027495099, 0.8266179459137328, 0.5482105987811379, 0.5776466155083203, 0.5698328568276935, 0.8310860568372522, 0.6675557032782958, 0.5938530565886811, 0.9535664860678515, 0.5938530565886811, 0.5938530565886811, 0.5935719062586589, 0.7669874685943076, 0.5964968466400304, 0.530701563822153, 0.5938530565886811, 0.49092678574212933, 0.5117890747977177, 0.615215411433264, 0.8254034469841998, 0.5184030416607279, 0.5278149905188817, 0.5964968466400304, 0.7145541352080983, 0.48340228680974257, 0.37898977719679144, 0.3625159772472161, 0.997864280100968, 1.0943247836790522, 0.5954043146696637, 0.5679850101225143, 0.4329805772037229, 0.4678100993847341, 0.41033496855342755, 0.6178772447695037, 0.7481942489880139, 0.49639828361842175, 0.3705701133005163, 0.35438968614801475, 0.41834851860468886, 0.6040864740076577, 0.8224011409677717, 0.3811180461508567, 0.5366365648334853, 0.4880248189075683, 0.48541406072786775, 0.4427933770367722, 0.718679298723265, 0.7281671608245243, 0.6233321530095158, 0.44855629028467103]
[0.4141304954130717, 0.17349490271235407, 0.0, 0.5809403533682088, 0.5123578510701364, 0.5466664450822036, 0.4937793124625166, 0.5668721572212931, 0.517630642322521, 0.5032085321078805, 0.5423888249447437, 0.5404775288271214, 0.546474746452504, 0.5754651090447657, 0.5439442395105432, 0.6487802666612005, 0.6932001076112776, 0.7328170772897853, 0.6833511110334756, 0.5684878083070615, 0.5339663220292232, 0.8926582438120801, 0.9242540116104521, 0.92964325179156, 0.630811951909866, 0.7808149172950629, 0.5636858732417487, 0.5865233531017776, 0.6246350498465079, 0.4686854844862317, 0.5862592390327942, 0.5172279397805462, 0.4927973847154922, 0.577536668175333, 0.5199938563378009, 0.4636639202421616, 0.5265083588392868, 0.5151534280911226, 0.5951452370979399, 0.49038117521368935, 0.5199915077274875, 0.49057933714397034, 0.5124586049932213, 0.4982831604222033, 0.5190296418214677, 0.5033940771057056, 0.4944929937412472, 0.5100737883015913, 0.7581886148455715, 0.5124586049932213, 0.4918094579835518, 0.5439252840298, 0.5140466200333408, 0.494611013648918, 0.5242958818509877, 0.49672244124263953, 0.6379259533333076, 0.633340029420453, 0.9741356181257661, 0.47344892077837003, 0.5474831371282335, 0.5488866285301882, 0.5564187898012788, 0.6220341826650736, 0.5865874468226067, 0.7125360839437767, 0.6607214500147423, 0.5742691667853832, 0.8223241610700823, 1.0647445683955163, 0.7624661440863102, 0.4645271831222117, 0.9665945885528083, 0.8476429228784019, 1.042262942295195, 1.0439547492513903, 0.43718430368284056, 1.2821564195224637, 1.3481682914990798, 0.7384928962833059, 1.1620262051050234, 1.0507154752238606, 1.0921319273851462, 2.2875326875681976, 0.48592149886470626, 1.0776802683228475, 0.518456890625498, 0.518456890625498, 0.6177701659612526, 0.7937852481975105, 0.4728194008048874, 0.5606526871046724, 1.0124309104584435, 0.5783183063368572, 0.5309780926764435, 0.6233952387619696, 0.5992383243703978, 0.660488976616464, 0.8248532927866089, 0.781465698105432, 0.55222509797933, 0.6243892576793628, 0.808932863996379, 0.55222509797933, 0.5997257212713888, 0.5946137348353918, 0.8124166182613982, 0.681298881195711, 0.6674125963155373, 0.995438196389336, 0.6674125963155373, 0.6674125963155373, 0.6674139255644713, 0.7906529781988084, 0.6812726250957893, 0.6470661707463182, 0.6674125963155373, 0.6235647871498181, 0.6337217401027722, 0.6908931001001088, 0.8606794187530243, 0.6377517162220299, 0.627717483118286, 0.6812726250957893, 0.7428108777010507, 0.6010193633211381, 0.48309910503917886, 0.48718608521776435, 0.9932858490379081, 1.0873782292611895, 0.6808331341476564, 0.6821933496993761, 0.5509787998638894, 0.5437995327345664, 0.5528650325061845, 0.6867167498701172, 0.7752714192006488, 0.6003154910906441, 0.5044446060131991, 0.477439811819774, 0.5492490590005892, 0.597005217939076, 0.8597204777285538, 0.4071531865777383, 0.6142343480404231, 0.4873022129745595, 0.6087172364613517, 0.5328223995811273, 0.7457161247560768, 0.7530323673931018, 0.7014612070907188, 0.582196314574395]
[0.5156811963679355, 0.5101734519552666, 0.5809403533682088, 0.0, 0.36121965989321575, 0.4901981427954533, 0.47754695948236375, 0.19886392237460165, 0.2969642711295834, 0.4727780163536575, 0.5071088448716803, 0.43341125548128967, 0.16237791253779454, 0.19867886693202685, 0.5040380900029274, 0.538841168621091, 0.5542202096639222, 0.5196723515356895, 0.5332794726710935, 0.47758382686139045, 0.46145734872302363, 0.6609871463617232, 0.6926857851249985, 0.6931595211155173, 0.4899550204571725, 0.5656870148526979, 0.3559854740629548, 0.5045940490052323, 0.43419359617346104, 0.4214381124889139, 0.3217323060771739, 0.4480391779495724, 0.48179965361071214, 0.3415774086748032, 0.4636908416972148, 0.4396457895070046, 0.327014452883037, 0.3606396245996046, 0.342369057154446, 0.4643462384691668, 0.3782636076379112, 0.49045649329717017, 0.37603317026500066, 0.3501206438654832, 0.415076359136591, 0.454950866937954, 0.3174624660608808, 0.38493172687924393, 0.4604699915453138, 0.37603317026500066, 0.4850088170489945, 0.4963533036887593, 0.3671741833669187, 0.4433981767306256, 0.44721629620177766, 0.4512987747687848, 0.47593041806992237, 0.7156211196253001, 0.9470050737910489, 0.3803217743596213, 0.5449575814060224, 0.41384656124628644, 0.45311360756942837, 0.40578107765497756, 0.37146637008966493, 0.5858033944640778, 0.5732905064402566, 0.5414393212070283, 0.8400126433054773, 1.1380846401875397, 0.7338637049554168, 0.5632535009169021, 1.0055967737965508, 0.9178552884772889, 1.0258430626325952, 1.102066488523727, 0.517556436082713, 1.319721957286798, 1.3738737178323246, 0.7591706717666479, 1.1794725000707982, 1.0589272249325308, 1.2142527555160987, 2.3605700902311506, 0.4251061529751922, 1.117362363385093, 0.5166165790901878, 0.5166165790901878, 0.6805202767827981, 0.8670410110796447, 0.5561761359332911, 0.39106192917140875, 1.030884340667551, 0.5128125836711867, 0.49085824070004475, 0.5451637730285025, 0.5893699899949608, 0.7107657157016989, 0.7729217397926188, 0.7078337426120117, 0.5261719714796158, 0.5696174107714629, 0.7064852936383413, 0.5261719714796158, 0.5314680562983732, 0.6408557763417602, 0.7668315686428981, 0.7151567752151297, 0.4841676516660841, 0.9023377180870701, 0.4841676516660841, 0.4841676516660841, 0.48721144627036367, 0.6986356279822732, 0.4999003825721668, 0.5641688336358651, 0.4841676516660841, 0.5487292636627993, 0.5616306280928434, 0.6371023093559695, 0.8242946876945251, 0.5463910906225751, 0.5592464862932398, 0.4999003825721668, 0.6265595515230102, 0.5441273668801004, 0.4838035194641373, 0.46441651299540015, 0.8647435981286121, 0.9642441823930331, 0.6591555031168677, 0.6130339972780349, 0.4587035985633609, 0.5061868225989734, 0.4481536837639517, 0.4164687900025958, 0.48026544663217746, 0.32683178637788235, 0.501799539499551, 0.4204678995929698, 0.4456031003223216, 0.6312298759538387, 0.6188199363464645, 0.5043032250211535, 0.40247678387394265, 0.5829796866166967, 0.5009959278715418, 0.3478859554406179, 0.6232792273646952, 0.687690563429917, 0.4986557196096058, 0.4334130262885]
[0.5999135686140286, 0.5020588157729535, 0.5123578510701364, 0.36121965989321575, 0.0, 0.5983656169742217, 0.5286339462001459, 0.36466298905209155, 0.45645958491342337, 0.5641488978767135, 0.6120477232928896, 0.5102479893579331, 0.3612748525695607, 0.3973142853041173, 0.6103281884194773, 0.4553108756133104, 0.4951327749257533, 0.49295946644709177, 0.4681944731348844, 0.4555566023225268, 0.48664584230145286, 0.6117016964331954, 0.6303637107605368, 0.6432420044210251, 0.47956537639093566, 0.5521218360142162, 0.47060128666037626, 0.436537697693743, 0.4600701008387767, 0.43254780443728563, 0.3768233468992549, 0.5904036896109066, 0.5708103505585431, 0.4304543491140054, 0.558631471583881, 0.5263089034736587, 0.4770818566680383, 0.508611906154946, 0.44331887127607505, 0.5519566564186893, 0.4358896561076768, 0.5828515771550329, 0.5422046848249393, 0.4940475176386946, 0.5515588168138204, 0.5941486804584877, 0.3951978570375373, 0.5391223815033528, 0.5407129756261034, 0.5422046848249393, 0.5764190636664127, 0.6405463714516106, 0.5000263873678755, 0.5752387329650377, 0.5425672943290213, 0.4826164523640388, 0.5166886096261317, 0.6688255378576522, 0.8868494672342231, 0.47224245505888635, 0.6350491907396766, 0.5315851691213378, 0.5456943916560945, 0.5457582486522076, 0.5267509606751639, 0.7256594606207902, 0.6970447179119399, 0.566571174367826, 0.7716998390468162, 1.0880557817835204, 0.6990193841382776, 0.5507936719552653, 0.9403336763447017, 0.9153145458563192, 0.960676429178971, 1.083776019606647, 0.4863053897109507, 1.2357174798068404, 1.3043553788371895, 0.6566962028952373, 1.1100387994946581, 0.9989436388117976, 1.1547156753039087, 2.2581307669435704, 0.4732842690221031, 1.0454460819024234, 0.5259946242939383, 0.5259946242939383, 0.7095546940060372, 0.7903010941831412, 0.5969019546910811, 0.48672387952754365, 0.9191063202758267, 0.6236609148390052, 0.5959545345806961, 0.5962902245110134, 0.6596330624721658, 0.7476045102572906, 0.7816706689957936, 0.6979273182080411, 0.5484617861513067, 0.6272291631295879, 0.7383841187308017, 0.5484617861513067, 0.5912935487686504, 0.6663631357158831, 0.7814376294010352, 0.7894355620950876, 0.5395182682962191, 0.8922598881104645, 0.5395182682962191, 0.5395182682962191, 0.5416275436785588, 0.6611895390768125, 0.5578721114887516, 0.6465729158751928, 0.5395182682962191, 0.6599300713654466, 0.6528745098149431, 0.6455736696064225, 0.7822091932835298, 0.6322108840764067, 0.6271339796568238, 0.5578721114887516, 0.574292873003105, 0.6469775478947236, 0.5393157283008021, 0.5402988511542913, 0.7521405224848062, 0.8528629026802174, 0.6701335777940931, 0.7086682232478602, 0.5725187193768102, 0.5546553553363097, 0.5670451106799898, 0.4499134594634238, 0.4879964111214842, 0.5172988021182205, 0.5867590998147935, 0.5124446180279204, 0.5974026557118532, 0.5531927840383027, 0.6026802813682534, 0.4672619906858614, 0.46998870691576783, 0.540531137821306, 0.5819395068814589, 0.44377814226509, 0.5342328776407766, 0.6040418169321606, 0.58026838595851, 0.5813661539597482]
[0.26744990078450126, 0.41732319297638765, 0.5466664450822036, 0.4901981427954533, 0.5983656169742217, 0.0, 0.24038271847412837, 0.4376065846913115, 0.3107010527305801, 0.0765800793617697, 0.07133892594423423, 0.2160406048042705, 0.4581790472467922, 0.46632522891315326, 0.07288266387667407, 0.5559021214265252, 0.5700518607567407, 0.7574030677402668, 0.5807391154804358, 0.40357321189581363, 0.28416237786161164, 0.9236038810990309, 0.9682486293542353, 0.9720573326687523, 0.46817998134439076, 0.7585701576569648, 0.4017139057767444, 0.4892116390696182, 0.5790881937612066, 0.31508219244188, 0.5995200922378481, 0.29084358999615817, 0.17786785222481008, 0.5972877123592999, 0.37833363483120014, 0.22074089881950182, 0.42247159973462023, 0.4024351164012058, 0.5465272197143322, 0.22345703075080692, 0.5134084437662167, 0.1652270547149786, 0.3538615350837812, 0.3559756992173997, 0.24865029176067788, 0.33251813978466577, 0.5132576469129608, 0.35725446121015, 0.7859226193074368, 0.3538615350837812, 0.19754375656594222, 0.2870557937452067, 0.3840921948620566, 0.32577383908244806, 0.3822569226700767, 0.49542214901906606, 0.6360728991468623, 0.6828501482626141, 1.1029363475885716, 0.32814100403300606, 0.16673268551349746, 0.316639067586413, 0.4899772618019645, 0.4468263482847965, 0.42073146481327844, 0.4662363361568836, 0.3943575378486442, 0.6174148222372154, 0.9810533839943895, 1.2048722156162537, 0.8705511788376258, 0.4931944834514989, 1.1359911319136278, 0.9149936136866269, 1.2088185492997328, 1.123134948821584, 0.4175769411061027, 1.4440833776519149, 1.5205389757774186, 0.8250258912880617, 1.2928582095846826, 1.2145399329784532, 1.2171450684356482, 2.49012888294079, 0.5085225045182517, 1.2184877997110204, 0.5610675601157654, 0.5610675601157654, 0.6248534858915049, 0.8569944105573023, 0.36399380812386184, 0.36879836794493953, 1.150809206725514, 0.2580852454265228, 0.2934418659270831, 0.601416328893011, 0.5626316694962963, 0.6976979266673395, 0.9596232587048351, 0.9058436670692223, 0.5945985174264335, 0.6250365077254589, 0.9026168287279992, 0.5945985174264335, 0.5817305690933954, 0.5096402640935983, 0.8739768652758011, 0.6846268942660165, 0.6313399279071645, 0.9839328897271455, 0.6313399279071645, 0.6313399279071645, 0.6308519994749476, 0.863926198424146, 0.5873975801910291, 0.44817924345476184, 0.6313399279071645, 0.37709836780947487, 0.40625032483228557, 0.6324789976284219, 0.8946747229099368, 0.4313349697991323, 0.5092573847337488, 0.5873975801910291, 0.7499927705682794, 0.3744006261468877, 0.28168423408461524, 0.2518717457776036, 1.0743827651069822, 1.1716460522867376, 0.5162291954227943, 0.4887211270466623, 0.38312206717488145, 0.4940044555756851, 0.2823246619119021, 0.6405321273588627, 0.8089452816113483, 0.47422472398218285, 0.21600152661808905, 0.24009715394500825, 0.27819092356210495, 0.6538102202319404, 0.87798624647693, 0.5537608713292413, 0.41463181289812406, 0.5144083428206707, 0.38704327502305536, 0.46586042500204367, 0.7207739283636717, 0.6786830975778707, 0.6283824691727362, 0.37957727577897127]
[0.35231054936152917, 0.4009327438817171, 0.4937793124625166, 0.47754695948236375, 0.5286339462001459, 0.24038271847412837, 0.0, 0.43447151244902626, 0.35746633342739886, 0.2298983788130555, 0.23207884713287602, 0.2922637528240493, 0.44485405621418683, 0.4675133449712302, 0.23039468058102996, 0.5495489445749623, 0.5684619985682013, 0.6940045213787018, 0.5695135729724671, 0.41867161976877054, 0.32694136736954277, 0.8668854446463718, 0.904779198597728, 0.9135420254108111, 0.4732084388928293, 0.7298042959873051, 0.4221234545504769, 0.47035369094147866, 0.5620097462658583, 0.3327799554623612, 0.5383070144432244, 0.3832773377981161, 0.27058272790897886, 0.5469006761303156, 0.43597056708985416, 0.25030248821920176, 0.4424567228903097, 0.413605449894854, 0.5306437355202269, 0.28563267088797833, 0.4988108596189831, 0.27041864772723123, 0.39552911903714566, 0.3821225949607318, 0.26846415436144627, 0.3809445939520851, 0.44367812630929865, 0.3945273845916522, 0.7410501589568352, 0.39552911903714566, 0.28019758732568156, 0.4031360995875513, 0.4152039302262078, 0.38196959377136136, 0.3986321633181625, 0.43649021345175915, 0.589462592156199, 0.6233807304079587, 1.0323781896335031, 0.30002679614385985, 0.2587879964613917, 0.35612302485014635, 0.4768773655485453, 0.5011246822664271, 0.46164033661617615, 0.5822280797533085, 0.4708065485511116, 0.574645634779393, 0.8962111132560483, 1.1568111885000096, 0.8185557190605933, 0.39970126964060887, 1.050576467738828, 0.8982013799211187, 1.1309448424221444, 1.1117064298244725, 0.2774344952086624, 1.3643983639035564, 1.4498213397214343, 0.7037186874553375, 1.2229609486797326, 1.1417827866852102, 1.1712807474097469, 2.4073451345357353, 0.47119710934715625, 1.1404182796959632, 0.5041611090017282, 0.5041611090017282, 0.6246408599988332, 0.7787420689140319, 0.3646092697909847, 0.3937882769502897, 1.046110103500304, 0.37493390563952406, 0.33408431160660124, 0.47218898099338585, 0.4364611118017188, 0.5359053431083313, 0.8091382794085811, 0.7373132778290167, 0.4075991540286426, 0.48776848048592714, 0.7684796658728164, 0.4075991540286426, 0.44534830913579176, 0.363285317424994, 0.7152238787027236, 0.5860323796909342, 0.5511982482672144, 0.9105959520178402, 0.5511982482672144, 0.5511982482672144, 0.5512589098322396, 0.7552422762978005, 0.5426433301659084, 0.46165341469244303, 0.5511982482672144, 0.4206132450640836, 0.4368962850445827, 0.5804267488011384, 0.798008658071343, 0.4496758703671194, 0.4699769135804861, 0.5426433301659084, 0.6302393217675218, 0.4039597503546518, 0.20479641622040787, 0.1947261077421329, 0.9423681949836338, 1.0400090601239451, 0.5179780769935489, 0.506162843351884, 0.3653097281730409, 0.4099062928537754, 0.38734515332278147, 0.6192233923070026, 0.7115407313616121, 0.46890519633967775, 0.27434570599958286, 0.19754703362354448, 0.39962998655920473, 0.6211105871325759, 0.8059506843206846, 0.4390328743337764, 0.4981137794366973, 0.42142599827014443, 0.42684764644404133, 0.44444668189931846, 0.6070844079850692, 0.5507597049993285, 0.5767479350956349, 0.40655647432054165]
[0.47858657174309965, 0.4842718378021677, 0.5668721572212931, 0.19886392237460165, 0.36466298905209155, 0.4376065846913115, 0.43447151244902626, 0.0, 0.28341636967807066, 0.41703081431198136, 0.4504203443040699, 0.39395918549119097, 0.2682121188225205, 0.28550603594134144, 0.447441344805331, 0.4880096609678251, 0.500500822306357, 0.4845039464555984, 0.48078659720009675, 0.4169938329068, 0.41344033611422953, 0.6429888181983835, 0.6827465727336799, 0.6809782266238107, 0.42252736597697, 0.5404445879096395, 0.3475244463616288, 0.45340307678503466, 0.4010807449989096, 0.3503987443218569, 0.30307166134770763, 0.40141236853906725, 0.429773336988882, 0.3243732780010324, 0.41512454265128446, 0.3989877889797413, 0.2999381186321841, 0.34028297410506275, 0.2520694807860925, 0.4069555256010637, 0.3266919658415269, 0.43797329898557674, 0.36574957447510353, 0.3089761901288902, 0.3904159341780517, 0.4318555301770184, 0.3094556332625313, 0.3743853339665906, 0.5010082718796538, 0.36574957447510353, 0.43689264357005125, 0.45168679464432454, 0.3124422245689735, 0.3925063949472267, 0.40263826222311533, 0.41421743006758044, 0.41442480707607166, 0.6774370893540664, 0.9453257651138524, 0.3462599186893437, 0.49332349199085634, 0.37744195261897906, 0.41121932262819766, 0.381769834763929, 0.3132451557931008, 0.5682233206397176, 0.5486725667079279, 0.5141628247847851, 0.8320691293609415, 1.130604893368712, 0.7129842418073257, 0.5238880750259274, 0.9953417039832828, 0.9012399612102369, 1.0131590189334923, 1.092128317160904, 0.4673022194302205, 1.3104213085660934, 1.3770040843755353, 0.7202449132933305, 1.1716916626890324, 1.0619495907041039, 1.198374632187379, 2.3596654852144585, 0.3870783828436808, 1.1194818427884645, 0.4828604397929644, 0.4828604397929644, 0.6566069680969671, 0.838545790141422, 0.5161690802483404, 0.3486053055574208, 1.0087256722102835, 0.47144645508618527, 0.4505488121344104, 0.5824348506829201, 0.6054961603671459, 0.7212034214372742, 0.7933412657542682, 0.7340195795669283, 0.5227961005661305, 0.5930923506932486, 0.7299040852601398, 0.5227961005661305, 0.5694548809944625, 0.639963082263607, 0.7920105376278477, 0.7165868339515292, 0.4740847632547645, 0.8977718920773484, 0.4740847632547645, 0.4740847632547645, 0.47552070945098096, 0.6888289453369651, 0.47763155646621913, 0.5335062760910496, 0.4740847632547645, 0.5119222784182975, 0.5222831252509516, 0.6160409942043218, 0.8106229573613056, 0.5183980094974583, 0.5305864891509141, 0.47763155646621913, 0.6011490113166149, 0.49515602704013434, 0.42596722689375854, 0.4129375857013027, 0.8517928793512382, 0.9530750517269304, 0.6229893283376545, 0.5750329828392289, 0.4394249432020547, 0.47419377707585236, 0.3862737891865058, 0.3673556454535855, 0.4766627224309815, 0.3043233458251843, 0.45180796686232155, 0.3843384906454729, 0.3891814263694647, 0.6012414123861997, 0.6169839274804105, 0.4886364637116751, 0.41143003911867, 0.5445447239924226, 0.45338883235096544, 0.34457705428827395, 0.5979102443862211, 0.6536414584642257, 0.48361041686150674, 0.3993532351018095]
[0.37449089864343726, 0.42400189028184754, 0.517630642322521, 0.2969642711295834, 0.45645958491342337, 0.3107010527305801, 0.35746633342739886, 0.28341636967807066, 0.0, 0.2981858370901366, 0.34797711812356985, 0.2732414880148295, 0.25497267472971225, 0.2449645700126059, 0.3463723089360034, 0.534661982403911, 0.5552530748870346, 0.6180855617115878, 0.5360519659539648, 0.4302996058599281, 0.3711789327276679, 0.779333397268806, 0.8193485479812673, 0.8244009297214082, 0.46658648971340605, 0.6517441593706073, 0.3750477609426464, 0.4898319684177666, 0.4782125259849317, 0.3670323634431007, 0.46379214574972444, 0.3559033468133444, 0.3522411664713857, 0.47896073908527864, 0.42398629908396923, 0.3200484584783188, 0.3825529121184856, 0.36584459852205076, 0.4538799124013006, 0.36291028434784495, 0.4657022620325381, 0.3528807551981691, 0.3658601942905173, 0.345665402125988, 0.3190442910735018, 0.3468197584370354, 0.401213950953225, 0.3305693638626151, 0.6520049125085454, 0.3658601942905173, 0.361952447399243, 0.38239009469789287, 0.37977958983420484, 0.35731576779657176, 0.37775525715344677, 0.43015022750440196, 0.5032781490116831, 0.6524174564078231, 0.979930866679826, 0.31205597315759054, 0.38616009839490406, 0.3509003259676328, 0.4196717545382526, 0.3178549756508723, 0.30451560355219154, 0.3852598034684663, 0.37692114850333575, 0.52784319119236, 0.853859081066775, 1.120841364727017, 0.7575627796910305, 0.47560883318159985, 1.02778660706021, 0.8713413688219794, 1.069072704516804, 1.0568957793052263, 0.4128005770328309, 1.3471448329333877, 1.4028283625645865, 0.7416946785583219, 1.18268109713926, 1.0892513302157163, 1.1834220929318728, 2.381803945506647, 0.42953240180797087, 1.119626198248517, 0.43368942923308307, 0.43368942923308307, 0.6058168858483326, 0.8335054018574983, 0.42846197029740113, 0.37891442775155904, 1.0655255408230746, 0.389123463590124, 0.38547209972016044, 0.5708579867842082, 0.5467836104543553, 0.6692527063600436, 0.8270701457192307, 0.7792175602844199, 0.5265113648117529, 0.581359404401199, 0.7724575804871435, 0.5265113648117529, 0.5517334483774545, 0.5658734698348519, 0.8060510939172744, 0.6479323947292425, 0.5623614235067638, 0.9453617999034116, 0.5623614235067638, 0.5623614235067638, 0.5635587382411886, 0.7830522361688966, 0.561882989784154, 0.523848168519553, 0.5623614235067638, 0.478302002343771, 0.5030768254114726, 0.6411957496972304, 0.8567936674324634, 0.5076812267699011, 0.5329355319917101, 0.561882989784154, 0.7050965412995936, 0.4758168429817195, 0.38430689310908245, 0.36072258706989124, 0.9916877004447461, 1.0907800761987112, 0.6085686276185917, 0.5704597611166263, 0.40620518587494003, 0.486091808486344, 0.32810011288449503, 0.540749089357984, 0.6814703454037677, 0.4002761643438831, 0.38418716519075674, 0.30052481777118123, 0.3095400968559825, 0.6014867886626265, 0.7630383711948104, 0.5034547866563551, 0.28785213122488096, 0.4882810540279472, 0.45061190377113164, 0.3634684076352582, 0.6772779477285934, 0.6986533590435141, 0.5698622043440074, 0.410502769603495]
[0.2432047065075617, 0.3752090746816444, 0.5032085321078805, 0.4727780163536575, 0.5641488978767135, 0.0765800793617697, 0.2298983788130555, 0.41703081431198136, 0.2981858370901366, 0.0, 0.10876803111846085, 0.20935095323383607, 0.44043203588767926, 0.45103749136989146, 0.11189840099186113, 0.5408875509528892, 0.5580304762938764, 0.728624507614315, 0.5625801812492329, 0.38602163322088207, 0.2643500063248492, 0.9021168450904219, 0.9455366668837516, 0.9497183258514861, 0.4581930251548467, 0.7405836804972091, 0.3924606174792555, 0.45934828612990003, 0.55882272163539, 0.294404282572526, 0.5657032781683343, 0.28358717218723395, 0.1711242573019958, 0.5696905791998268, 0.36061563911445965, 0.2042347445977024, 0.40513388706632975, 0.38768790755533594, 0.5236126923854001, 0.2150425757084872, 0.4844062612698952, 0.16235855611607025, 0.3473674625630434, 0.3409567930564822, 0.24365525395574517, 0.3185982629443799, 0.48572213699879896, 0.34795414148811776, 0.7671282826128157, 0.3473674625630434, 0.19300403650460068, 0.2898490665094948, 0.3663940568949426, 0.30518546767307975, 0.35294440616077827, 0.45303750460158765, 0.595888040725354, 0.6395163674841602, 1.0636183906962062, 0.30504076513579487, 0.17742099308024542, 0.30114470100681595, 0.4553458304217793, 0.42521802155032873, 0.4003911176428827, 0.4649482753136221, 0.39689819305910207, 0.5923102886993108, 0.9455538098945188, 1.1669509944894434, 0.8372073080940666, 0.4597308706028232, 1.0999550721901141, 0.8816344066753709, 1.1706340611429928, 1.0893166518735917, 0.39211430134535047, 1.4081547880558556, 1.4856496945830964, 0.796935227178209, 1.2576173813869291, 1.1792680004777962, 1.190292063476006, 2.457172632080964, 0.47053685276646234, 1.1855984597214322, 0.5288456958206202, 0.5288456958206202, 0.5923304686526784, 0.8269865949842883, 0.33678302662014753, 0.34052830190977096, 1.0983293807638665, 0.24002179980003605, 0.26641881039404386, 0.5896374244941834, 0.5491630556750386, 0.6800125331273799, 0.9301768160367997, 0.8796963106278749, 0.5715379676083748, 0.6089710043822364, 0.8766517835488704, 0.5715379676083748, 0.5691589803641417, 0.49976343814288937, 0.8535783641434318, 0.6651106139004147, 0.6047717977401604, 0.9578774746641391, 0.6047717977401604, 0.6047717977401604, 0.6041703918584438, 0.8263044843221572, 0.5642968087621445, 0.43210352889227566, 0.6047717977401604, 0.366959890390337, 0.3921711083359662, 0.6005647813645374, 0.8591144465013034, 0.41409303601493536, 0.48482899167967214, 0.5642968087621445, 0.7246502537062558, 0.3695738341992475, 0.2677146788202436, 0.23354751768413495, 1.0447181602523214, 1.1421906692583992, 0.5082105630482142, 0.4791908675381505, 0.3654210767408492, 0.4724650207239182, 0.2710927828876686, 0.6162119143403565, 0.7829410816907999, 0.4622458238391266, 0.18920684162730964, 0.21996998900486583, 0.26083480392447855, 0.6163671167415954, 0.8564309228876671, 0.5093677939719466, 0.40164355561260573, 0.47963837287273914, 0.3743293716606022, 0.44354795730656854, 0.6939466458622248, 0.6539644429852922, 0.6080997880921195, 0.36992019527340503]
[0.2646717337394002, 0.41047468228700124, 0.5423888249447437, 0.5071088448716803, 0.6120477232928896, 0.07133892594423423, 0.23207884713287602, 0.4504203443040699, 0.34797711812356985, 0.10876803111846085, 0.0, 0.25678534985994955, 0.4780150143024724, 0.49265053232617667, 0.01468860700972331, 0.5538275878157578, 0.5667573998063994, 0.7552860801726404, 0.581231371941961, 0.40155391374090577, 0.2910532639703345, 0.9195950888554673, 0.9640804266144888, 0.9676435881757295, 0.4606076299774864, 0.7525083326432324, 0.3928705607342014, 0.48999939085629457, 0.5746642425523415, 0.3060254675273372, 0.5992500617308312, 0.27942917738128936, 0.16414991049705266, 0.5889355358440286, 0.3723674276304349, 0.20887279339291945, 0.41473681637950716, 0.38714149324866176, 0.5412141591661723, 0.20474055273331082, 0.5038761785543859, 0.14737256549905683, 0.3396558949637422, 0.3426948962232183, 0.2407259439078911, 0.32666677087290596, 0.5056960685256379, 0.35425455251778587, 0.7835702627556576, 0.3396558949637422, 0.17756253326939794, 0.2760674403328856, 0.3701218663239974, 0.3163268464567215, 0.3702708757291315, 0.48718683964393295, 0.6363243583025253, 0.6814045088050701, 1.1049275821610351, 0.320290710029442, 0.14343757980497998, 0.3092790754711186, 0.4826208632067828, 0.47382816059606836, 0.43257701654045144, 0.5116750430036476, 0.41970643579067163, 0.6125504354731153, 0.9828166127372209, 1.2057043825250995, 0.868422046653773, 0.48768298293164153, 1.1327415145733262, 0.9149692790640294, 1.2097489317212933, 1.1282024325236748, 0.41181431209895675, 1.4428431439369436, 1.5204751551864144, 0.8273514815704378, 1.2966856151386932, 1.2142009953472515, 1.2164889852581038, 2.4916473700489394, 0.5037914665439366, 1.2230327511973582, 0.5652162918541975, 0.5652162918541975, 0.6246740414702749, 0.8552607724438533, 0.3580634881448732, 0.3728780758974986, 1.1556061325097147, 0.27057372123553214, 0.2930668760059119, 0.5949748008111959, 0.5573879902732028, 0.6916652871805087, 0.9566406275737834, 0.9008201281504588, 0.5909875882747193, 0.6165460925568933, 0.8981238837889776, 0.5909875882747193, 0.5748464691739884, 0.503398283024761, 0.8684917441769339, 0.6805861247941764, 0.6245193575276056, 0.9847764782935478, 0.6245193575276056, 0.6245193575276056, 0.6240685873321679, 0.8632787058463853, 0.5801849417497987, 0.442376301282061, 0.6245193575276056, 0.36603022052823003, 0.3971840340205334, 0.6322529039416603, 0.8956363889625987, 0.4279444883667607, 0.5034984796608928, 0.5801849417497987, 0.7428691756878917, 0.36375409909449513, 0.26822401761996234, 0.23566502379650878, 1.0711097275153192, 1.168369005225082, 0.5111739246295375, 0.47925357235159377, 0.37737002363017347, 0.4888474148915491, 0.2805917192597219, 0.6350895443380958, 0.8010028398471815, 0.46229328607586984, 0.19984771234138904, 0.23339241255093676, 0.29406476175093943, 0.6525030023702914, 0.8698827942460688, 0.5515409735539051, 0.46484345697175267, 0.5122292073829546, 0.3803616629665178, 0.46436480432454835, 0.7187172603038721, 0.6767346234971776, 0.6220798382549877, 0.3635024700068482]
[0.36455826445909506, 0.45311199897076265, 0.5404775288271214, 0.43341125548128967, 0.5102479893579331, 0.2160406048042705, 0.2922637528240493, 0.39395918549119097, 0.2732414880148295, 0.20935095323383607, 0.25678534985994955, 0.0, 0.3916003471373437, 0.3673503459403214, 0.2523149255841146, 0.5670052776917518, 0.5815098308773504, 0.7338220555757826, 0.5768051880850236, 0.43924905467444175, 0.3374655859751285, 0.8918311798558813, 0.9320827721660861, 0.9353817153102791, 0.5004273738826913, 0.7545825594896879, 0.45358006853342764, 0.4918963260443104, 0.5886400714516857, 0.3790264834807254, 0.5670094779142947, 0.4051836525363129, 0.3244756976592233, 0.594266147898922, 0.4408257748586642, 0.3256866788208369, 0.4734827962284963, 0.4643917235044546, 0.5532703189074308, 0.3425554419464815, 0.5290385598198952, 0.32358234151054904, 0.43973394314098185, 0.4351851602455715, 0.34033633042884087, 0.4232614741157106, 0.5192504792287296, 0.4057316834599868, 0.7574569695638101, 0.43973394314098185, 0.3439999708389536, 0.41848192383546157, 0.4574556865181984, 0.42642394653397375, 0.41411818745601825, 0.48233637257575446, 0.6001265838023827, 0.6167691229969574, 1.011464540363384, 0.3969448678608572, 0.3456014665219286, 0.40461276416590447, 0.49189319708175766, 0.4148346656031051, 0.4377838359728049, 0.44529917980610606, 0.4163828386655997, 0.5439469880071648, 0.8832895906383688, 1.1161080425924956, 0.7839112361269732, 0.45103408644127685, 1.0438885147460537, 0.8432702225079698, 1.1074712303414451, 1.0464396041636697, 0.3892990590827198, 1.3385833720799376, 1.4179508849435507, 0.7208490340523841, 1.1855721944366824, 1.1179445268547967, 1.1255914714630169, 2.367627268045149, 0.4717877717972209, 1.0958502383660496, 0.5107085065805321, 0.5107085065805321, 0.5804734254724668, 0.7583200393909351, 0.3652725778752404, 0.33144652113824374, 1.0515178549970285, 0.3386934860489099, 0.3717333803010886, 0.6144474458350249, 0.5875617449559196, 0.7100525486122357, 0.9217712509764074, 0.867647247950092, 0.5876652311759424, 0.6392575723718559, 0.8714562008240677, 0.5876652311759424, 0.5960848267655391, 0.5426805973192868, 0.8631480887475783, 0.7060605549662825, 0.6120244844332499, 0.9362660355786637, 0.6120244844332499, 0.6120244844332499, 0.6115809818545439, 0.7954944730373853, 0.5770998095278173, 0.4873247450241197, 0.6120244844332499, 0.4518109856032396, 0.4561114170716488, 0.6173338060514859, 0.851406013848286, 0.4716956268202047, 0.5234126494184606, 0.5770998095278173, 0.6942836662749104, 0.4299573421758764, 0.3327216181580372, 0.33106819392884185, 0.9973541964407224, 1.0940734366997797, 0.5212922578537439, 0.5313562239465766, 0.4160771036968661, 0.4811270449445814, 0.39339536747456566, 0.6330001416707922, 0.7647716526886454, 0.5155310065151143, 0.32906787687598993, 0.30613933076289945, 0.3399123140576602, 0.5898560053513989, 0.8277280691528708, 0.514920033073275, 0.32102359690975485, 0.4673537946977846, 0.43760468253335655, 0.4742676492720877, 0.6420537938648601, 0.6003887963014913, 0.6073398897629316, 0.4525551651088278]
[0.47823595371618405, 0.4759576448507313, 0.546474746452504, 0.16237791253779454, 0.3612748525695607, 0.4581790472467922, 0.44485405621418683, 0.2682121188225205, 0.25497267472971225, 0.44043203588767926, 0.4780150143024724, 0.3916003471373437, 0.0, 0.13505434106471326, 0.47646060666859225, 0.5404495836314356, 0.5618097926433125, 0.5602098396045009, 0.543262196796442, 0.46865494397634955, 0.4333505896901735, 0.6952613775390979, 0.7291663279382729, 0.734203646075663, 0.4994058262525561, 0.5949638550169145, 0.32774934900789837, 0.5040995052162154, 0.43639719858667975, 0.4171963792880239, 0.36419987548936433, 0.43309731007698615, 0.4539615695780267, 0.36803163111055126, 0.4749448034199728, 0.4009520982825975, 0.3571968701307322, 0.34234372109028177, 0.4052008190051863, 0.43905495951870155, 0.4153093558129725, 0.45762076692188997, 0.3574114688975099, 0.35944655721788416, 0.3911255537982966, 0.41309013320354, 0.327620688159038, 0.34328694883531874, 0.5085250071124544, 0.3574114688975099, 0.45579715449910063, 0.47289519123954116, 0.3849493798906905, 0.432607852893773, 0.401983822886889, 0.4120685618634134, 0.49249170698396627, 0.669240507060093, 0.9055853338044955, 0.3437668564559561, 0.5060342559860914, 0.3871783801189929, 0.4173324325465502, 0.388797569466182, 0.37708094923303515, 0.5564447506313498, 0.5310763861518069, 0.508029731356178, 0.8042201324825392, 1.0964920593272411, 0.7137499049300757, 0.5172413809719095, 0.9765022754297444, 0.8733911219091794, 1.0080293187283873, 1.0587960294335288, 0.4763076476253571, 1.2940245699228623, 1.3333681589499233, 0.7429432081962385, 1.14780274926173, 1.0155492990893855, 1.1789326625329732, 2.3342909536594463, 0.41154414444508997, 1.0727471617924231, 0.47810652424817407, 0.47810652424817407, 0.6361180739185163, 0.8309202005067619, 0.5069673553440499, 0.36456885018003876, 1.0229880105002613, 0.48306582904947964, 0.46094295521580797, 0.5209230873040196, 0.5639308820722535, 0.6817881150764361, 0.7710299966843537, 0.7023149971156899, 0.5240216895513885, 0.5521331613916233, 0.7096872555056936, 0.5240216895513885, 0.5033553640236055, 0.6068601155578759, 0.7626664947629389, 0.6799878633931783, 0.4860823231563592, 0.9017696621686443, 0.4860823231563592, 0.4860823231563592, 0.4882997776314599, 0.6923823511524773, 0.5016475908984135, 0.5506931022013573, 0.4860823231563592, 0.5284210482513073, 0.5428825956515376, 0.626163163136146, 0.8120881497114354, 0.5335637641312906, 0.5396574194226651, 0.5016475908984135, 0.6299054286303443, 0.5299121458780728, 0.45952092377968023, 0.4365571791053062, 0.8863164776630824, 0.9841335631912483, 0.6493807023786604, 0.5992859842414353, 0.4472465297917481, 0.49296910738461747, 0.430879281591564, 0.4697320327509543, 0.5370889598914216, 0.3608734158855302, 0.47089154798976557, 0.3809192593997088, 0.41813201670645517, 0.5862678631653914, 0.6525979421509394, 0.4785666990142532, 0.3574394184663947, 0.533600088966007, 0.4886194005119096, 0.29204345955862554, 0.6229899144834644, 0.6779445072350252, 0.49635402266732165, 0.41839755414241875]
