[1.0, 0.0, 0.0, 0.0, 0.052059, 0.0, 0.038906, 0.0, 0.0, 0.02209, 0.0, 0.027438, 0.0, 0.0, 0.0, 0.0, 0.0, 0.0, 0.0, 0.0, 0.0, 0.0, 0.0, 0.0, 0.0, 0.0, 0.0, 0.0, 0.0, 0.0, 0.0, 0.072634, 0.0, 0.0, 0.0, 0.0, 0.0, 0.0, 0.0, 0.0, 0.0, 0.0, 0.156868, 0.0, 0.072634, 0.0, 0.0, 0.0, 0.0, 0.058049, 0.0, 0.0, 0.0, 0.0, 0.018071, 0.0, 0.0, 0.0, 0.0, 0.0, 0.0, 0.0, 0.0, 0.0, 0.0, 0.0, 0.0, 0.0, 0.0, 0.0, 0.033002, 0.0, 0.0, 0.0, 0.0, 0.0, 0.0, 0.043689, 0.0, 0.0, 0.0, 0.066828, 0.032317, 0.0, 0.033011, 0.057994, 0.0, 0.0, 0.0, 0.0, 0.0, 0.0, 0.0, 0.0, 0.0, 0.0, 0.0, 0.0, 0.0, 0.0, 0.0, 0.0, 0.0, 0.0, 0.0, 0.03136, 0.0, 0.0, 0.031964, 0.0, 0.033044, 0.0, 0.0, 0.0, 0.0, 0.0, 0.0, 0.0, 0.103316, 0.0, 0.0, 0.852257, 0.256262, 0.072157, 0.0, 0.0, 0.056246, 0.026922, 0.046568, 0.0, 0.0]
[0.0, 1.0, 0.0, 0.001079, 0.011304, 0.0, 0.0, 0.0, 0.009043, 0.008958, 0.0, 0.0, 0.0, 0.002482, 0.002482, 0.019847, 0.004186, 0.017004, 0.002479, 0.004397, 0.003222, 0.003736, 0.004397, 0.004397, 0.004397, 0.003431, 0.003431, 0.002624, 0.004397, 0.004397, 0.007452, 0.004127, 0.004397, 0.004397, 0.002828, 0.004741, 0.004741, 0.02701, 0.004397, 0.003736, 0.004397, 0.004397, 0.003836, 0.033919, 0.004127, 0.002553, 0.004397, 0.006039, 0.003222, 0.003298, 0.002353, 0.008972, 0.033919, 0.004374, 0.042911, 0.0, 0.0, 0.070531, 0.03281, 0.0, 0.104535, 0.0, 0.071791, 0.048386, 0.13062, 0.0, 0.0, 0.141331, 0.058498, 0.114256, 0.055147, 0.217062, 0.0, 0.0, 0.0, 0.055337, 0.141384, 0.0, 0.0, 0.0, 0.0, 0.101956, 0.0, 0.0, 0.043651, 0.155017, 0.019148, 0.004186, 0.004186, 0.008972, 0.092149, 0.258839, 0.017076, 0.007514, 0.022074, 0.012139, 0.107179, 0.0, 0.0, 0.002091, 0.0, 0.0, 0.012579, 0.0, 0.010627, 0.0, 0.0, 0.010627, 0.0, 0.0, 0.0, 0.0, 0.0, 0.017362, 0.066073, 0.037651, 0.001917, 0.026894, 0.108426, 0.003591, 0.220294, 0.0, 0.037014, 0.0, 0.066019, 0.036209, 0.002414, 0.015462, 0.022647, 0.258839, 0.0]
[0.0, 0.0, 1.0, 0.016435, 0.038085, 0.017096, 0.0, 0.003312, 0.019291, 0.003121, 0.0, 0.015794, 0.0, 0.0, 0.0, 0.0, 0.0, 0.566803, 0.0, 0.0, 0.0, 0.0, 0.0, 0.0, 0.0, 0.0, 0.0, 0.0, 0.0, 0.0, 0.0, 0.0, 0.0, 0.0, 0.0, 0.009936, 0.009936, 0.0, 0.0, 0.0, 0.0, 0.0, 0.0, 0.0, 0.0, 0.0, 0.0, 0.0, 0.0, 0.0, 0.0, 0.0, 0.0, 0.0, 0.062664, 0.026806, 0.0, 0.035418, 0.204438, 0.002818, 0.0, 0.031903, 0.01911, 0.019092, 0.016389, 0.006238, 0.014135, 0.017733, 0.055781, 0.014336, 0.01075, 0.018511, 0.020698, 0.018022, 0.022405, 0.019451, 0.01774, 0.019433, 0.017041, 0.016833, 0.036765, 0.007489, 0.038998, 0.005442, 0.014684, 0.005015, 0.026694, 0.0, 0.0, 0.0, 0.003167, 0.011397, 0.026242, 0.002207, 0.030773, 0.016923, 0.007872, 0.02933, 0.0, 0.0, 0.036188, 0.0, 0.0, 0.0, 0.0, 0.018052, 0.0, 0.0, 0.0, 0.0, 0.0, 0.0, 0.0, 0.578739, 0.0, 0.213856, 0.0, 0.028406, 0.0, 0.0, 0.018786, 0.0, 0.0, 0.0, 0.030375, 0.004109, 0.0, 0.04371, 0.00419, 0.011397, 0.018437]
[0.0, 0.001079, 0.016435, 1.0, 0.006599, 0.005676, 0.027222, 0.006732, 0.006405, 0.006345, 0.0, 0.005954, 0.007462, 0.00871, 0.00871, 0.008557, 0.027721, 0.034674, 0.016416, 0.029114, 0.002839, 0.024737, 0.029114, 0.029114, 0.029114, 0.022721, 0.022721, 0.002312, 0.029114, 0.029114, 0.006567, 0.027327, 0.029114, 0.029114, 0.018726, 0.004177, 0.004177, 0.021979, 0.029114, 0.024737, 0.029114, 0.029114, 0.0254, 0.027601, 0.027327, 0.016905, 0.029114, 0.005322, 0.002839, 0.02184, 0.292428, 0.007906, 0.027601, 0.003855, 0.013099, 0.015059, 0.028225, 0.013761, 0.0, 0.001616, 0.020142, 0.007569, 0.006414, 0.00453, 0.007345, 0.007821, 0.26484, 0.007948, 0.006901, 0.032686, 0.004927, 0.008296, 0.006947, 0.006049, 0.00752, 0.006528, 0.007951, 0.006522, 0.021364, 0.051907, 0.004399, 0.005734, 0.004825, 0.00312, 0.006581, 0.0, 0.06952, 0.027721, 0.027721, 0.007906, 0.0, 0.003094, 0.0, 0.0, 0.0, 0.0, 0.001514, 0.0, 0.0, 0.007337, 0.047516, 0.112913, 0.008909, 0.017774, 0.007526, 0.006805, 0.011717, 0.007526, 0.00918, 0.00746, 0.00717, 0.043901, 0.005632, 0.0, 0.020001, 0.0, 0.006728, 0.0, 0.0, 0.023778, 0.00842, 0.0, 0.0, 0.033087, 0.0, 0.0, 0.008472, 0.0, 0.043005, 0.003094, 0.0]
[0.052059, 0.011304, 0.038085, 0.006599, 0.999999, 0.013014, 0.018549, 0.001261, 0.007343, 0.001188, 0.012331, 0.006826, 0.0, 0.005816, 0.005816, 0.005715, 0.001329, 0.045443, 0.000787, 0.001396, 0.001023, 0.001186, 0.001396, 0.001396, 0.001396, 0.001089, 0.001089, 0.000833, 0.001396, 0.001396, 0.002366, 0.00131, 0.001396, 0.001396, 0.000898, 0.001505, 0.001505, 0.001054, 0.001396, 0.001186, 0.001396, 0.001396, 0.001218, 0.001323, 0.00131, 0.00081, 0.001396, 0.001917, 0.001023, 0.001047, 0.000747, 0.002848, 0.001323, 0.001389, 0.049966, 0.026289, 0.015029, 0.027383, 0.027877, 0.000582, 0.0, 0.002727, 0.002311, 0.058725, 0.023304, 0.0, 0.019525, 0.036391, 0.028403, 0.038455, 0.001775, 0.002989, 0.009686, 0.03115, 0.038726, 0.002352, 0.002864, 0.033589, 0.0, 0.029095, 0.048977, 0.032198, 0.030608, 0.023023, 0.020879, 0.022448, 0.02301, 0.001329, 0.001329, 0.002848, 0.016422, 0.001115, 0.026526, 0.010006, 0.026526, 0.029583, 0.033848, 0.040516, 0.0, 0.004899, 0.034388, 0.0, 0.0, 0.0, 0.0, 0.0, 0.0, 0.0, 0.0, 0.0, 0.0, 0.0, 0.0, 0.0464, 0.0, 0.020663, 0.004493, 0.032396, 0.0, 0.00114, 0.003033, 0.049463, 0.008877, 0.022546, 0.044302, 0.0, 0.005657, 0.017066, 0.0, 0.001115, 0.031866]
[0.0, 0.0, 0.017096, 0.005676, 0.013014, 1.0, 0.007736, 0.007003, 0.029631, 0.006599, 0.003333, 0.027546, 0.007761, 0.0, 0.0, 0.0, 0.01169, 0.0, 0.006923, 0.012278, 0.004499, 0.010432, 0.012278, 0.012278, 0.012278, 0.009582, 0.009582, 0.003664, 0.012278, 0.012278, 0.010406, 0.011524, 0.012278, 0.012278, 0.007897, 0.006619, 0.006619, 0.009269, 0.012278, 0.010432, 0.012278, 0.012278, 0.010712, 0.01164, 0.011524, 0.003565, 0.012278, 0.008432, 0.004499, 0.00921, 0.00657, 0.012528, 0.01164, 0.0, 0.041925, 0.0, 0.0, 0.036496, 0.017618, 0.0, 0.0, 0.0, 0.0, 0.0, 0.0, 0.0, 0.0, 0.0, 0.0, 0.0, 0.0, 0.0, 0.0, 0.0, 0.0, 0.0, 0.0, 0.0, 0.0, 0.0, 0.0, 0.0, 0.0, 0.0, 0.0, 0.0, 0.008675, 0.01169, 0.01169, 0.012528, 0.021832, 0.0, 0.0, 0.028889, 0.002098, 0.001154, 0.0, 0.0, 0.0, 0.0, 0.0, 0.0, 0.009267, 0.018488, 0.007829, 0.007078, 0.012188, 0.007829, 0.009549, 0.00776, 0.007458, 0.045665, 0.005859, 0.0, 0.0, 0.020217, 0.0, 0.0, 0.0, 0.005014, 0.0, 0.0, 0.0, 0.009403, 0.0, 0.106917, 0.0, 0.02586, 0.109003, 0.0, 0.0]
[0.038906, 0.0, 0.0, 0.027222, 0.018549, 0.007736, 1.0, 0.007251, 0.041151, 0.006833, 0.003451, 0.062696, 0.04243, 0.0, 0.0, 0.0, 0.012104, 0.0, 0.007168, 0.012713, 0.004658, 0.010801, 0.012713, 0.012713, 0.012713, 0.009921, 0.009921, 0.003794, 0.012713, 0.012713, 0.010774, 0.011933, 0.012713, 0.012713, 0.008177, 0.006854, 0.006854, 0.009597, 0.012713, 0.010801, 0.012713, 0.012713, 0.011091, 0.012052, 0.011933, 0.003691, 0.012713, 0.008731, 0.004658, 0.009537, 0.006802, 0.012972, 0.012052, 0.0, 0.033363, 0.018081, 0.030399, 0.010959, 0.0, 0.017146, 0.018131, 0.0, 0.0, 0.0, 0.0, 0.0, 0.0, 0.0, 0.0, 0.0, 0.0, 0.0, 0.0, 0.0, 0.0, 0.0, 0.0, 0.0, 0.0, 0.0, 0.018, 0.017569, 0.019742, 0.012768, 0.0, 0.035794, 0.008982, 0.012104, 0.012104, 0.012972, 0.0, 0.0, 0.0, 0.138523, 0.002173, 0.001195, 0.018469, 0.0, 0.0, 0.0, 0.029281, 0.0, 0.009595, 0.019143, 0.008106, 0.023013, 0.012619, 0.008106, 0.009887, 0.008035, 0.007723, 0.047282, 0.006066, 0.0, 0.018004, 0.0, 0.0, 0.0, 0.0, 0.005191, 0.0, 0.036966, 0.0, 0.811276, 0.0, 0.070019, 0.0, 0.0, 0.071385, 0.0, 0.0]
[0.0, 0.0, 0.003312, 0.006732, 0.001261, 0.007003, 0.007251, 1.0, 0.007902, 0.69414, 0.0, 0.007346, 0.009206, 0.0, 0.0, 0.0, 0.0, 0.00412, 0.0, 0.0, 0.0, 0.0, 0.0, 0.0, 0.0, 0.0, 0.0, 0.0, 0.0, 0.0, 0.0, 0.0, 0.0, 0.0, 0.0, 0.0, 0.0, 0.0, 0.0, 0.0, 0.0, 0.0, 0.0, 0.0, 0.0, 0.0, 0.0, 0.0, 0.0, 0.0, 0.0, 0.0, 0.0, 0.0, 0.0, 0.012424, 0.0, 0.0, 0.026002, 0.001994, 0.0, 0.009339, 0.007913, 0.005589, 0.006787, 0.0, 0.005853, 0.007343, 0.008515, 0.005937, 0.006079, 0.007665, 0.033173, 0.028885, 0.03591, 0.008055, 0.007346, 0.031146, 0.0, 0.02698, 0.021007, 0.020504, 0.005953, 0.014901, 0.00608, 0.0, 0.008131, 0.0, 0.0, 0.0, 0.009079, 0.0, 0.0, 0.0, 0.0, 0.0, 0.021554, 0.012146, 0.0, 0.0, 0.0, 0.0, 0.010992, 0.021929, 0.009286, 0.008396, 0.014457, 0.009286, 0.011327, 0.009205, 0.008847, 0.054166, 0.006949, 0.004207, 0.0, 0.002929, 0.0, 0.0, 0.0, 0.0, 0.007779, 0.0, 0.030403, 0.008813, 0.0, 0.088835, 0.0, 0.0, 0.090568, 0.0, 0.029549]
[0.0, 0.009043, 0.019291, 0.006405, 0.007343, 0.029631, 0.041151, 0.007902, 1.0, 0.043759, 0.00376, 0.008844, 0.046239, 0.0, 0.0, 0.018004, 0.013191, 0.0, 0.061235, 0.013854, 0.005076, 0.011771, 0.013854, 0.013854, 0.013854, 0.010812, 0.010812, 0.004135, 0.013854, 0.013854, 0.011742, 0.013004, 0.013854, 0.013854, 0.008911, 0.007469, 0.007469, 0.034961, 0.013854, 0.011771, 0.013854, 0.013854, 0.012087, 0.043904, 0.013004, 0.004022, 0.013854, 0.009515, 0.005076, 0.010393, 0.007413, 0.014137, 0.043904, 0.0, 0.03292, 0.028713, 0.0, 0.0, 0.0, 0.026393, 0.019759, 0.0, 0.079205, 0.021605, 0.052475, 0.0, 0.0, 0.028389, 0.015583, 0.02295, 0.079, 0.047087, 0.017448, 0.0, 0.0, 0.062276, 0.056799, 0.0, 0.0, 0.0, 0.0, 0.0, 0.0, 0.0, 0.023507, 0.0, 0.121916, 0.013191, 0.013191, 0.014137, 0.024455, 0.0, 0.099992, 0.034355, 0.112793, 0.077841, 0.0, 0.0, 0.0, 0.0, 0.0, 0.0, 0.023466, 0.020861, 0.019824, 0.025079, 0.013753, 0.019824, 0.010775, 0.027253, 0.008416, 0.051528, 0.006611, 0.0, 0.01962, 0.0, 0.0, 0.0, 0.016329, 0.005657, 0.031951, 0.0, 0.0, 0.050016, 0.009985, 0.1898, 0.0, 0.014484, 0.178746, 0.0, 0.013973]
[0.02209, 0.008958, 0.003121, 0.006345, 0.001188, 0.006599, 0.006833, 0.69414, 0.043759, 1.0, 0.0, 0.006923, 0.008676, 0.0, 0.0, 0.017835, 0.0, 0.003883, 0.052922, 0.0, 0.0, 0.0, 0.0, 0.0, 0.0, 0.0, 0.0, 0.0, 0.0, 0.0, 0.0, 0.03619, 0.0, 0.0, 0.0, 0.0, 0.0, 0.024272, 0.0, 0.0, 0.0, 0.0, 0.033638, 0.030481, 0.03619, 0.0, 0.0, 0.0, 0.0, 0.028923, 0.0, 0.0, 0.030481, 0.0, 0.020201, 0.011708, 0.0, 0.0, 0.068683, 0.001879, 0.0, 0.008801, 0.025308, 0.005267, 0.006396, 0.0, 0.005516, 0.00692, 0.008024, 0.005595, 0.075914, 0.024514, 0.031262, 0.02722, 0.033841, 0.00759, 0.006923, 0.05112, 0.0, 0.025425, 0.019796, 0.033653, 0.021712, 0.014042, 0.022178, 0.0, 0.007662, 0.0, 0.0, 0.0, 0.008556, 0.0, 0.0, 0.027391, 0.0, 0.0, 0.020312, 0.011446, 0.0, 0.0, 0.0, 0.0, 0.023246, 0.020666, 0.019638, 0.007912, 0.013624, 0.019638, 0.0266, 0.008674, 0.008337, 0.051045, 0.006549, 0.003964, 0.0, 0.053458, 0.0, 0.0, 0.0, 0.0, 0.024879, 0.0, 0.057302, 0.020697, 0.009891, 0.098055, 0.0, 0.0, 0.08535, 0.0, 0.027847]
[0.0, 0.0, 0.0, 0.0, 0.012331, 0.003333, 0.003451, 0.0, 0.00376, 0.0, 1.0, 0.003496, 0.0, 0.0, 0.0, 0.0, 0.02485, 0.0, 0.014716, 0.0261, 0.009563, 0.022175, 0.0261, 0.0261, 0.0261, 0.020368, 0.020368, 0.007789, 0.0261, 0.0261, 0.022119, 0.024498, 0.0261, 0.0261, 0.016787, 0.014071, 0.014071, 0.019703, 0.0261, 0.022175, 0.0261, 0.0261, 0.02277, 0.024743, 0.024498, 0.007577, 0.0261, 0.017925, 0.009563, 0.019579, 0.013966, 0.026631, 0.024743, 0.0, 0.088682, 0.0, 0.0, 0.0, 0.0, 0.0, 0.0, 0.0, 0.0, 0.0, 0.0, 0.0, 0.0, 0.0, 0.0, 0.0, 0.0, 0.0, 0.0, 0.0, 0.0, 0.0, 0.0, 0.0, 0.0, 0.0, 0.0, 0.0, 0.0, 0.0, 0.0, 0.0, 0.045207, 0.02485, 0.02485, 0.026631, 0.0, 0.0, 0.073728, 0.0, 0.052115, 0.101525, 0.0, 0.0, 0.0, 0.0, 0.0, 0.0, 0.0, 0.0, 0.0, 0.0, 0.0, 0.0, 0.0, 0.0, 0.0, 0.0, 0.0, 0.0, 0.0, 0.0, 0.0, 0.0, 0.0, 0.010658, 0.0, 0.0, 0.0, 0.004194, 0.0, 0.120339, 0.0, 0.0, 0.122687, 0.0, 0.0]
[0.027438, 0.0, 0.015794, 0.005954, 0.006826, 0.027546, 0.062696, 0.007346, 0.008844, 0.006923, 0.003496, 1.0, 0.008142, 0.0, 0.0, 0.0, 0.012263, 0.029471, 0.007262, 0.01288, 0.004719, 0.010943, 0.01288, 0.01288, 0.01288, 0.010051, 0.010051, 0.003844, 0.01288, 0.01288, 0.010916, 0.012089, 0.01288, 0.01288, 0.008284, 0.006944, 0.006944, 0.009723, 0.01288, 0.010943, 0.01288, 0.01288, 0.053019, 0.01221, 0.012089, 0.003739, 0.01288, 0.008846, 0.004719, 0.009662, 0.006892, 0.013142, 0.01221, 0.0, 0.044001, 0.007236, 0.0, 0.016824, 0.012171, 0.0, 0.0, 0.0, 0.0, 0.0, 0.0, 0.0, 0.0, 0.0, 0.020302, 0.0, 0.0, 0.0, 0.0, 0.0, 0.0, 0.0, 0.0, 0.0, 0.0, 0.0, 0.0, 0.0178, 0.014193, 0.0, 0.0, 0.0, 0.0091, 0.012263, 0.012263, 0.013142, 0.0, 0.0, 0.0, 0.024713, 0.002201, 0.001211, 0.0, 0.0, 0.0, 0.0, 0.009768, 0.0, 0.009721, 0.019394, 0.008212, 0.032495, 0.012785, 0.008212, 0.010017, 0.00814, 0.023275, 0.047903, 0.006146, 0.030091, 0.0, 0.013967, 0.0, 0.016374, 0.0, 0.005259, 0.0, 0.0, 0.035588, 0.043033, 0.0, 0.158184, 0.0263, 0.021521, 0.183045, 0.0, 0.0]
[0.0, 0.0, 0.0, 0.007462, 0.0, 0.007761, 0.04243, 0.009206, 0.046239, 0.008676, 0.0, 0.008142, 1.0, 0.0, 0.0, 0.0, 0.0, 0.0, 0.0, 0.0, 0.0, 0.0, 0.0, 0.0, 0.0, 0.0, 0.0, 0.0, 0.0, 0.0, 0.0, 0.0, 0.0, 0.0, 0.0, 0.0, 0.0, 0.0, 0.0, 0.0, 0.0, 0.0, 0.0, 0.0, 0.0, 0.0, 0.0, 0.0, 0.0, 0.0, 0.0, 0.0, 0.0, 0.0, 0.0, 0.0, 0.0, 0.0, 0.0, 0.0, 0.04604, 0.0, 0.0, 0.0, 0.0, 0.0, 0.0, 0.0, 0.0, 0.0, 0.0, 0.0, 0.0, 0.0, 0.0, 0.0, 0.0, 0.0, 0.0, 0.0, 0.0, 0.0, 0.0, 0.0, 0.0, 0.0, 0.009012, 0.0, 0.0, 0.0, 0.0, 0.0, 0.0, 0.0, 0.0, 0.029814, 0.0, 0.0, 0.0, 0.0, 0.0, 0.0, 0.012182, 0.024304, 0.010292, 0.049131, 0.016022, 0.010292, 0.012554, 0.010202, 0.112143, 0.060032, 0.007702, 0.0, 0.045717, 0.0, 0.0, 0.0, 0.0, 0.0, 0.0, 0.0, 0.0, 0.05157, 0.0, 0.058007, 0.0, 0.0, 0.059138, 0.0, 0.0]
[0.0, 0.002482, 0.0, 0.00871, 0.005816, 0.0, 0.0, 0.0, 0.0, 0.0, 0.0, 0.0, 0.0, 1.0, 1.0, 0.982519, 0.008483, 0.016433, 0.005023, 0.008909, 0.006529, 0.00757, 0.008909, 0.008909, 0.008909, 0.006953, 0.006953, 0.005318, 0.008909, 0.008909, 0.015101, 0.008362, 0.008909, 0.008909, 0.00573, 0.009606, 0.009606, 0.006726, 0.008909, 0.00757, 0.008909, 0.008909, 0.007773, 0.008446, 0.008362, 0.005173, 0.008909, 0.012237, 0.006529, 0.006683, 0.018982, 0.018181, 0.008446, 0.008864, 0.006982, 0.018156, 0.019878, 0.025118, 0.0, 0.012009, 0.0, 0.056248, 0.047663, 0.033661, 0.045119, 0.058117, 0.046163, 0.048819, 0.051283, 0.039467, 0.036613, 0.050959, 0.051623, 0.044949, 0.055881, 0.048513, 0.048838, 0.048469, 0.15876, 0.10598, 0.03269, 0.035218, 0.035853, 0.023188, 0.040423, 0.0, 0.024734, 0.008483, 0.008483, 0.018181, 0.0, 0.007114, 0.015032, 0.0, 0.019433, 0.021373, 0.003481, 0.0, 0.0, 0.842368, 0.0, 0.0, 0.0, 0.0, 0.0, 0.0, 0.0, 0.0, 0.0, 0.0, 0.0, 0.0, 0.0, 0.016779, 0.0, 0.0, 0.622906, 0.00913, 0.0, 0.007276, 0.051717, 0.0, 0.0, 0.0, 0.0, 0.0, 0.972671, 0.014943, 0.0, 0.007114, 0.0]
[0.0, 0.002482, 0.0, 0.00871, 0.005816, 0.0, 0.0, 0.0, 0.0, 0.0, 0.0, 0.0, 0.0, 1.0, 1.0, 0.982519, 0.008483, 0.016433, 0.005023, 0.008909, 0.006529, 0.00757, 0.008909, 0.008909, 0.008909, 0.006953, 0.006953, 0.005318, 0.008909, 0.008909, 0.015101, 0.008362, 0.008909, 0.008909, 0.00573, 0.009606, 0.009606, 0.006726, 0.008909, 0.00757, 0.008909, 0.008909, 0.007773, 0.008446, 0.008362, 0.005173, 0.008909, 0.012237, 0.006529, 0.006683, 0.018982, 0.018181, 0.008446, 0.008864, 0.006982, 0.018156, 0.019878, 0.025118, 0.0, 0.012009, 0.0, 0.056248, 0.047663, 0.033661, 0.045119, 0.058117, 0.046163, 0.048819, 0.051283, 0.039467, 0.036613, 0.050959, 0.051623, 0.044949, 0.055881, 0.048513, 0.048838, 0.048469, 0.15876, 0.10598, 0.03269, 0.035218, 0.035853, 0.023188, 0.040423, 0.0, 0.024734, 0.008483, 0.008483, 0.018181, 0.0, 0.007114, 0.015032, 0.0, 0.019433, 0.021373, 0.003481, 0.0, 0.0, 0.842368, 0.0, 0.0, 0.0, 0.0, 0.0, 0.0, 0.0, 0.0, 0.0, 0.0, 0.0, 0.0, 0.0, 0.016779, 0.0, 0.0, 0.622906, 0.00913, 0.0, 0.007276, 0.051717, 0.0, 0.0, 0.0, 0.0, 0.0, 0.972671, 0.014943, 0.0, 0.007114, 0.0]
[0.0, 0.019847, 0.0, 0.008557, 0.005715, 0.0, 0.0, 0.0, 0.018004, 0.017835, 0.0, 0.0, 0.0, 0.982519, 0.982519, 1.0, 0.008334, 0.016146, 0.004936, 0.008753, 0.006415, 0.007437, 0.008753, 0.008753, 0.008753, 0.006831, 0.006831, 0.005225, 0.008753, 0.008753, 0.014837, 0.008216, 0.008753, 0.008753, 0.00563, 0.009438, 0.009438, 0.053774, 0.008753, 0.007437, 0.008753, 0.008753, 0.007637, 0.067529, 0.008216, 0.005083, 0.008753, 0.012023, 0.006415, 0.006566, 0.01865, 0.017863, 0.067529, 0.008709, 0.00686, 0.017839, 0.01953, 0.024678, 0.0, 0.011799, 0.0, 0.055265, 0.081517, 0.033072, 0.044331, 0.057101, 0.045356, 0.047966, 0.050387, 0.038777, 0.062618, 0.083666, 0.05072, 0.044163, 0.054904, 0.047665, 0.047984, 0.047622, 0.155985, 0.104128, 0.032118, 0.034603, 0.035226, 0.022783, 0.039717, 0.0, 0.024301, 0.008334, 0.008334, 0.017863, 0.0, 0.00699, 0.01477, 0.014961, 0.019093, 0.020999, 0.00342, 0.0, 0.0, 0.827642, 0.0, 0.0, 0.025043, 0.0, 0.021157, 0.0, 0.0, 0.021157, 0.0, 0.0, 0.0, 0.0, 0.0, 0.016486, 0.0, 0.0, 0.612016, 0.008971, 0.0, 0.007149, 0.084912, 0.0, 0.0, 0.0, 0.01922, 0.027863, 0.955667, 0.014682, 0.0, 0.00699, 0.0]
[0.0, 0.004186, 0.0, 0.027721, 0.001329, 0.01169, 0.012104, 0.0, 0.013191, 0.0, 0.02485, 0.012263, 0.0, 0.008483, 0.008483, 0.008334, 1.0, 0.0, 0.374277, 0.733206, 0.20254, 0.62296, 0.733206, 0.733206, 0.733206, 0.572188, 0.572188, 0.164966, 0.733206, 0.733206, 0.552778, 0.6882, 0.733206, 0.733206, 0.471588, 0.351639, 0.351639, 0.553519, 0.733206, 0.62296, 0.733206, 0.733206, 0.639668, 0.695105, 0.6882, 0.42803, 0.733206, 0.516282, 0.20254, 0.550014, 0.392327, 0.564024, 0.695105, 0.232469, 0.005747, 0.0, 0.0, 0.017112, 0.0, 0.0, 0.0, 0.0, 0.0, 0.0, 0.007154, 0.0, 0.0, 0.007741, 0.0, 0.006258, 0.0, 0.00808, 0.0, 0.0, 0.0, 0.0, 0.007744, 0.0, 0.0, 0.0, 0.0, 0.005584, 0.0, 0.0, 0.006409, 0.0, 0.013573, 1.0, 1.0, 0.564024, 0.0, 0.011998, 0.0, 0.0, 0.015647, 0.008605, 0.00587, 0.0, 0.014749, 0.007145, 0.007767, 0.032259, 0.019938, 0.030694, 0.016844, 0.01523, 0.0, 0.016844, 0.020546, 0.016697, 0.024766, 0.0, 0.006848, 0.0, 0.0, 0.0, 0.006553, 0.0, 0.0, 0.561424, 0.0082, 0.0, 0.0, 0.014712, 0.0, 0.142903, 0.008251, 0.0, 0.145692, 0.011998, 0.0]
[0.0, 0.017004, 0.566803, 0.034674, 0.045443, 0.0, 0.0, 0.00412, 0.0, 0.003883, 0.0, 0.029471, 0.0, 0.016433, 0.016433, 0.016146, 0.0, 1.0, 0.0, 0.0, 0.0, 0.0, 0.0, 0.0, 0.0, 0.0, 0.0, 0.0, 0.0, 0.0, 0.0, 0.0, 0.0, 0.0, 0.0, 0.012359, 0.012359, 0.0, 0.0, 0.0, 0.0, 0.0, 0.0, 0.0, 0.0, 0.0, 0.0, 0.0, 0.0, 0.0, 0.075571, 0.0, 0.0, 0.0, 0.1651, 0.032718, 0.010177, 0.050098, 0.27167, 0.003506, 0.023715, 0.039685, 0.023772, 0.033014, 0.031639, 0.00776, 0.085283, 0.034234, 0.105409, 0.068436, 0.013372, 0.023026, 0.025747, 0.034791, 0.043252, 0.024195, 0.022067, 0.037515, 0.021197, 0.032496, 0.054731, 0.009315, 0.063825, 0.00677, 0.028346, 0.014541, 0.126336, 0.0, 0.0, 0.0, 0.022726, 0.014177, 0.065679, 0.002745, 0.097366, 0.065662, 0.009792, 0.056621, 0.0, 0.013843, 0.038412, 0.0, 0.0, 0.01916, 0.0, 0.033683, 0.0, 0.0, 0.0, 0.0, 0.0, 0.0, 0.0, 0.979376, 0.023548, 0.285948, 0.012694, 0.239937, 0.0, 0.0, 0.023369, 0.0, 0.0, 0.0, 0.003526, 0.026481, 0.015984, 0.087703, 0.026998, 0.014177, 0.035591]
[0.0, 0.002479, 0.0, 0.016416, 0.000787, 0.006923, 0.007168, 0.0, 0.061235, 0.052922, 0.014716, 0.007262, 0.0, 0.005023, 0.005023, 0.004936, 0.374277, 0.0, 1.0, 0.522739, 0.134054, 0.44414, 0.522739, 0.522739, 0.522739, 0.407942, 0.407942, 0.109185, 0.522739, 0.522739, 0.335885, 0.490653, 0.522739, 0.522739, 0.336219, 0.213666, 0.213666, 0.394631, 0.522739, 0.44414, 0.522739, 0.522739, 0.456051, 0.495575, 0.490653, 0.290313, 0.522739, 0.37265, 0.134054, 0.392132, 0.27971, 0.280187, 0.495575, 0.206578, 0.003403, 0.0, 0.0, 0.010134, 0.0, 0.0, 0.0, 0.0, 0.0, 0.0, 0.004237, 0.0, 0.0, 0.004584, 0.0, 0.003706, 0.079065, 0.004785, 0.0, 0.0, 0.0, 0.0, 0.004586, 0.0, 0.0, 0.0, 0.0, 0.003307, 0.0, 0.0, 0.003796, 0.0, 0.008038, 0.374277, 0.374277, 0.280187, 0.0, 0.007105, 0.0, 0.0, 0.009266, 0.005096, 0.003476, 0.0, 0.008734, 0.004231, 0.0046, 0.019104, 0.024397, 0.030736, 0.020611, 0.018636, 0.004397, 0.020611, 0.025141, 0.020431, 0.0248, 0.0, 0.008283, 0.0, 0.0, 0.0, 0.00388, 0.0, 0.0, 0.372254, 0.004856, 0.0, 0.0, 0.008712, 0.0, 0.084626, 0.004886, 0.0, 0.086277, 0.007105, 0.0]
[0.0, 0.004397, 0.0, 0.029114, 0.001396, 0.012278, 0.012713, 0.0, 0.013854, 0.0, 0.0261, 0.01288, 0.0, 0.008909, 0.008909, 0.008753, 0.733206, 0.0, 0.522739, 1.0, 0.291173, 0.849639, 1.0, 1.0, 1.0, 0.780392, 0.780392, 0.237156, 1.0, 1.0, 0.71927, 0.938618, 1.0, 1.0, 0.643187, 0.457549, 0.457549, 0.75493, 1.0, 0.849639, 1.0, 1.0, 0.872426, 0.948035, 0.938618, 0.55721, 1.0, 0.761043, 0.291173, 0.750149, 0.535084, 0.64569, 0.948035, 0.402639, 0.006036, 0.0, 0.0, 0.017972, 0.0, 0.0, 0.0, 0.0, 0.0, 0.0, 0.007514, 0.0, 0.0, 0.00813, 0.0, 0.006572, 0.0, 0.008486, 0.0, 0.0, 0.0, 0.0, 0.008133, 0.0, 0.0, 0.0, 0.0, 0.005865, 0.0, 0.0, 0.006732, 0.0, 0.014256, 0.733206, 0.733206, 0.64569, 0.0, 0.012601, 0.0, 0.0, 0.016434, 0.009038, 0.006165, 0.0, 0.015491, 0.007505, 0.008158, 0.033881, 0.04327, 0.054512, 0.036555, 0.033052, 0.007799, 0.036555, 0.044589, 0.036235, 0.043983, 0.0, 0.01469, 0.0, 0.0, 0.0, 0.006882, 0.0, 0.0, 0.719746, 0.008612, 0.0, 0.0, 0.015452, 0.0, 0.150089, 0.008666, 0.0, 0.153017, 0.012601, 0.0]
[0.0, 0.003222, 0.0, 0.002839, 0.001023, 0.004499, 0.004658, 0.0, 0.005076, 0.0, 0.009563, 0.004719, 0.0, 0.006529, 0.006529, 0.006415, 0.20254, 0.0, 0.134054, 0.291173, 1.0, 0.247392, 0.291173, 0.291173, 0.291173, 0.227229, 0.227229, 0.814486, 0.291173, 0.291173, 0.367455, 0.2733, 0.291173, 0.291173, 0.187279, 0.233749, 0.233749, 0.219815, 0.291173, 0.247392, 0.291173, 0.291173, 0.254027, 0.276042, 0.2733, 0.169953, 0.291173, 0.375753, 1.0, 0.218423, 0.155802, 0.359098, 0.276042, 0.180795, 0.0, 0.0, 0.0, 0.004822, 0.0, 0.0, 0.0, 0.0, 0.0, 0.0, 0.005506, 0.0, 0.0, 0.005958, 0.0, 0.004816, 0.0, 0.006219, 0.0, 0.0, 0.0, 0.0, 0.00596, 0.0, 0.0, 0.0, 0.0, 0.004298, 0.0, 0.0, 0.004933, 0.0, 0.005223, 0.20254, 0.20254, 0.359098, 0.0, 0.009234, 0.0, 0.0, 0.006022, 0.003311, 0.004518, 0.0, 0.011352, 0.0055, 0.005978, 0.024829, 0.016363, 0.02464, 0.013824, 0.012499, 0.005715, 0.013824, 0.016862, 0.013703, 0.019881, 0.0, 0.010765, 0.0, 0.0, 0.0, 0.005043, 0.0, 0.0, 0.223414, 0.006311, 0.0, 0.0, 0.005662, 0.0, 0.054994, 0.00635, 0.0, 0.056067, 0.009234, 0.0]
[0.0, 0.003736, 0.0, 0.024737, 0.001186, 0.010432, 0.010801, 0.0, 0.011771, 0.0, 0.022175, 0.010943, 0.0, 0.00757, 0.00757, 0.007437, 0.62296, 0.0, 0.44414, 0.849639, 0.247392, 1.0, 0.849639, 0.849639, 0.849639, 0.663052, 0.663052, 0.201497, 0.849639, 0.849639, 0.61112, 0.797487, 0.849639, 0.849639, 0.546477, 0.388751, 0.388751, 0.641418, 0.849639, 1.0, 0.849639, 0.849639, 0.741247, 0.805488, 0.797487, 0.473428, 0.849639, 0.646612, 0.247392, 0.637356, 0.454629, 0.548603, 0.805488, 0.342098, 0.005128, 0.0, 0.0, 0.01527, 0.0, 0.0, 0.0, 0.0, 0.0, 0.0, 0.006384, 0.0, 0.0, 0.006907, 0.0, 0.005584, 0.0, 0.00721, 0.0, 0.0, 0.0, 0.0, 0.00691, 0.0, 0.0, 0.0, 0.0, 0.004983, 0.0, 0.0, 0.005719, 0.0, 0.012112, 0.62296, 0.62296, 0.548603, 0.0, 0.010706, 0.0, 0.0, 0.013963, 0.007679, 0.005238, 0.0, 0.013162, 0.006376, 0.006931, 0.028787, 0.036764, 0.046316, 0.031058, 0.028083, 0.006626, 0.031058, 0.037884, 0.030787, 0.03737, 0.0, 0.095433, 0.0, 0.0, 0.0, 0.005847, 0.0, 0.0, 0.611525, 0.007317, 0.0, 0.0, 0.013128, 0.0, 0.127521, 0.007363, 0.0, 0.130009, 0.010706, 0.0]
[0.0, 0.004397, 0.0, 0.029114, 0.001396, 0.012278, 0.012713, 0.0, 0.013854, 0.0, 0.0261, 0.01288, 0.0, 0.008909, 0.008909, 0.008753, 0.733206, 0.0, 0.522739, 1.0, 0.291173, 0.849639, 1.0, 1.0, 1.0, 0.780392, 0.780392, 0.237156, 1.0, 1.0, 0.71927, 0.938618, 1.0, 1.0, 0.643187, 0.457549, 0.457549, 0.75493, 1.0, 0.849639, 1.0, 1.0, 0.872426, 0.948035, 0.938618, 0.55721, 1.0, 0.761043, 0.291173, 0.750149, 0.535084, 0.64569, 0.948035, 0.402639, 0.006036, 0.0, 0.0, 0.017972, 0.0, 0.0, 0.0, 0.0, 0.0, 0.0, 0.007514, 0.0, 0.0, 0.00813, 0.0, 0.006572, 0.0, 0.008486, 0.0, 0.0, 0.0, 0.0, 0.008133, 0.0, 0.0, 0.0, 0.0, 0.005865, 0.0, 0.0, 0.006732, 0.0, 0.014256, 0.733206, 0.733206, 0.64569, 0.0, 0.012601, 0.0, 0.0, 0.016434, 0.009038, 0.006165, 0.0, 0.015491, 0.007505, 0.008158, 0.033881, 0.04327, 0.054512, 0.036555, 0.033052, 0.007799, 0.036555, 0.044589, 0.036235, 0.043983, 0.0, 0.01469, 0.0, 0.0, 0.0, 0.006882, 0.0, 0.0, 0.719746, 0.008612, 0.0, 0.0, 0.015452, 0.0, 0.150089, 0.008666, 0.0, 0.153017, 0.012601, 0.0]
[0.0, 0.004397, 0.0, 0.029114, 0.001396, 0.012278, 0.012713, 0.0, 0.013854, 0.0, 0.0261, 0.01288, 0.0, 0.008909, 0.008909, 0.008753, 0.733206, 0.0, 0.522739, 1.0, 0.291173, 0.849639, 1.0, 1.0, 1.0, 0.780392, 0.780392, 0.237156, 1.0, 1.0, 0.71927, 0.938618, 1.0, 1.0, 0.643187, 0.457549, 0.457549, 0.75493, 1.0, 0.849639, 1.0, 1.0, 0.872426, 0.948035, 0.938618, 0.55721, 1.0, 0.761043, 0.291173, 0.750149, 0.535084, 0.64569, 0.948035, 0.402639, 0.006036, 0.0, 0.0, 0.017972, 0.0, 0.0, 0.0, 0.0, 0.0, 0.0, 0.007514, 0.0, 0.0, 0.00813, 0.0, 0.006572, 0.0, 0.008486, 0.0, 0.0, 0.0, 0.0, 0.008133, 0.0, 0.0, 0.0, 0.0, 0.005865, 0.0, 0.0, 0.006732, 0.0, 0.014256, 0.733206, 0.733206, 0.64569, 0.0, 0.012601, 0.0, 0.0, 0.016434, 0.009038, 0.006165, 0.0, 0.015491, 0.007505, 0.008158, 0.033881, 0.04327, 0.054512, 0.036555, 0.033052, 0.007799, 0.036555, 0.044589, 0.036235, 0.043983, 0.0, 0.01469, 0.0, 0.0, 0.0, 0.006882, 0.0, 0.0, 0.719746, 0.008612, 0.0, 0.0, 0.015452, 0.0, 0.150089, 0.008666, 0.0, 0.153017, 0.012601, 0.0]
[0.0, 0.004397, 0.0, 0.029114, 0.001396, 0.012278, 0.012713, 0.0, 0.013854, 0.0, 0.0261, 0.01288, 0.0, 0.008909, 0.008909, 0.008753, 0.733206, 0.0, 0.522739, 1.0, 0.291173, 0.849639, 1.0, 1.0, 1.0, 0.780392, 0.780392, 0.237156, 1.0, 1.0, 0.71927, 0.938618, 1.0, 1.0, 0.643187, 0.457549, 0.457549, 0.75493, 1.0, 0.849639, 1.0, 1.0, 0.872426, 0.948035, 0.938618, 0.55721, 1.0, 0.761043, 0.291173, 0.750149, 0.535084, 0.64569, 0.948035, 0.402639, 0.006036, 0.0, 0.0, 0.017972, 0.0, 0.0, 0.0, 0.0, 0.0, 0.0, 0.007514, 0.0, 0.0, 0.00813, 0.0, 0.006572, 0.0, 0.008486, 0.0, 0.0, 0.0, 0.0, 0.008133, 0.0, 0.0, 0.0, 0.0, 0.005865, 0.0, 0.0, 0.006732, 0.0, 0.014256, 0.733206, 0.733206, 0.64569, 0.0, 0.012601, 0.0, 0.0, 0.016434, 0.009038, 0.006165, 0.0, 0.015491, 0.007505, 0.008158, 0.033881, 0.04327, 0.054512, 0.036555, 0.033052, 0.007799, 0.036555, 0.044589, 0.036235, 0.043983, 0.0, 0.01469, 0.0, 0.0, 0.0, 0.006882, 0.0, 0.0, 0.719746, 0.008612, 0.0, 0.0, 0.015452, 0.0, 0.150089, 0.008666, 0.0, 0.153017, 0.012601, 0.0]
[0.0, 0.003431, 0.0, 0.022721, 0.001089, 0.009582, 0.009921, 0.0, 0.010812, 0.0, 0.020368, 0.010051, 0.0, 0.006953, 0.006953, 0.006831, 0.572188, 0.0, 0.407942, 0.780392, 0.227229, 0.663052, 0.780392, 0.780392, 0.780392, 1.0, 0.609012, 0.185075, 0.780392, 0.780392, 0.561312, 0.73249, 0.780392, 0.780392, 0.501938, 0.357067, 0.357067, 0.589141, 0.780392, 0.663052, 0.780392, 0.780392, 0.680834, 0.739839, 0.73249, 0.434842, 0.780392, 0.593912, 0.227229, 0.58541, 0.417576, 0.503891, 0.739839, 0.314216, 0.00471, 0.0, 0.0, 0.014025, 0.0, 0.0, 0.0, 0.0, 0.0, 0.0, 0.005864, 0.0, 0.0, 0.006344, 0.0, 0.005129, 0.0, 0.006622, 0.0, 0.0, 0.0, 0.0, 0.006347, 0.0, 0.0, 0.0, 0.0, 0.004577, 0.0, 0.0, 0.005253, 0.0, 0.011125, 0.572188, 0.572188, 0.503891, 0.0, 0.009834, 0.0, 0.0, 0.012825, 0.007053, 0.004811, 0.0, 0.012089, 0.005857, 0.006366, 0.026441, 0.033767, 0.042541, 0.028527, 0.025794, 0.006086, 0.028527, 0.034797, 0.028277, 0.034324, 0.0, 0.011464, 0.0, 0.0, 0.0, 0.005371, 0.0, 0.0, 0.561684, 0.006721, 0.0, 0.0, 0.012058, 0.0, 0.117128, 0.006763, 0.0, 0.119413, 0.009834, 0.0]
[0.0, 0.003431, 0.0, 0.022721, 0.001089, 0.009582, 0.009921, 0.0, 0.010812, 0.0, 0.020368, 0.010051, 0.0, 0.006953, 0.006953, 0.006831, 0.572188, 0.0, 0.407942, 0.780392, 0.227229, 0.663052, 0.780392, 0.780392, 0.780392, 0.609012, 1.0, 0.185075, 0.780392, 0.780392, 0.561312, 0.73249, 0.780392, 0.780392, 0.501938, 0.357067, 0.357067, 0.589141, 0.780392, 0.663052, 0.780392, 0.780392, 0.680834, 0.739839, 0.73249, 0.434842, 0.780392, 0.593912, 0.227229, 0.58541, 0.417576, 0.503891, 0.739839, 0.314216, 0.00471, 0.0, 0.0, 0.014025, 0.0, 0.0, 0.0, 0.0, 0.0, 0.0, 0.005864, 0.0, 0.0, 0.006344, 0.0, 0.005129, 0.0, 0.006622, 0.0, 0.0, 0.0, 0.0, 0.006347, 0.0, 0.0, 0.0, 0.0, 0.004577, 0.0, 0.0, 0.005253, 0.0, 0.011125, 0.572188, 0.572188, 0.503891, 0.0, 0.009834, 0.0, 0.0, 0.012825, 0.007053, 0.004811, 0.0, 0.012089, 0.005857, 0.006366, 0.026441, 0.033767, 0.042541, 0.028527, 0.025794, 0.006086, 0.028527, 0.034797, 0.028277, 0.034324, 0.0, 0.011464, 0.0, 0.0, 0.0, 0.005371, 0.0, 0.0, 0.561684, 0.006721, 0.0, 0.0, 0.012058, 0.0, 0.117128, 0.006763, 0.0, 0.119413, 0.009834, 0.0]
[0.0, 0.002624, 0.0, 0.002312, 0.000833, 0.003664, 0.003794, 0.0, 0.004135, 0.0, 0.007789, 0.003844, 0.0, 0.005318, 0.005318, 0.005225, 0.164966, 0.0, 0.109185, 0.237156, 0.814486, 0.201497, 0.237156, 0.237156, 0.237156, 0.185075, 0.185075, 1.0, 0.237156, 0.237156, 0.299287, 0.222599, 0.237156, 0.237156, 0.152536, 0.190385, 0.190385, 0.179036, 0.237156, 0.201497, 0.237156, 0.237156, 0.206901, 0.224833, 0.222599, 0.138424, 0.237156, 0.306045, 0.814486, 0.177903, 0.126899, 0.292481, 0.224833, 0.147255, 0.0, 0.0, 0.0, 0.003927, 0.0, 0.0, 0.0, 0.0, 0.0, 0.0, 0.004485, 0.0, 0.0, 0.004852, 0.0, 0.003923, 0.0, 0.005065, 0.0, 0.0, 0.0, 0.0, 0.004854, 0.0, 0.0, 0.0, 0.214743, 0.003501, 0.0, 0.0, 0.004018, 0.0, 0.004254, 0.164966, 0.164966, 0.292481, 0.0, 0.007521, 0.0, 0.0, 0.004905, 0.002697, 0.00368, 0.0, 0.009246, 0.004479, 0.004869, 0.020223, 0.013328, 0.020069, 0.011259, 0.010181, 0.004655, 0.011259, 0.013734, 0.011161, 0.016192, 0.0, 0.008768, 0.0, 0.0, 0.0, 0.004108, 0.0, 0.0, 0.181967, 0.005141, 0.0, 0.0, 0.004611, 0.0, 0.044792, 0.005172, 0.0, 0.045666, 0.007521, 0.0]
[0.0, 0.004397, 0.0, 0.029114, 0.001396, 0.012278, 0.012713, 0.0, 0.013854, 0.0, 0.0261, 0.01288, 0.0, 0.008909, 0.008909, 0.008753, 0.733206, 0.0, 0.522739, 1.0, 0.291173, 0.849639, 1.0, 1.0, 1.0, 0.780392, 0.780392, 0.237156, 1.0, 1.0, 0.71927, 0.938618, 1.0, 1.0, 0.643187, 0.457549, 0.457549, 0.75493, 1.0, 0.849639, 1.0, 1.0, 0.872426, 0.948035, 0.938618, 0.55721, 1.0, 0.761043, 0.291173, 0.750149, 0.535084, 0.64569, 0.948035, 0.402639, 0.006036, 0.0, 0.0, 0.017972, 0.0, 0.0, 0.0, 0.0, 0.0, 0.0, 0.007514, 0.0, 0.0, 0.00813, 0.0, 0.006572, 0.0, 0.008486, 0.0, 0.0, 0.0, 0.0, 0.008133, 0.0, 0.0, 0.0, 0.0, 0.005865, 0.0, 0.0, 0.006732, 0.0, 0.014256, 0.733206, 0.733206, 0.64569, 0.0, 0.012601, 0.0, 0.0, 0.016434, 0.009038, 0.006165, 0.0, 0.015491, 0.007505, 0.008158, 0.033881, 0.04327, 0.054512, 0.036555, 0.033052, 0.007799, 0.036555, 0.044589, 0.036235, 0.043983, 0.0, 0.01469, 0.0, 0.0, 0.0, 0.006882, 0.0, 0.0, 0.719746, 0.008612, 0.0, 0.0, 0.015452, 0.0, 0.150089, 0.008666, 0.0, 0.153017, 0.012601, 0.0]
[0.0, 0.004397, 0.0, 0.029114, 0.001396, 0.012278, 0.012713, 0.0, 0.013854, 0.0, 0.0261, 0.01288, 0.0, 0.008909, 0.008909, 0.008753, 0.733206, 0.0, 0.522739, 1.0, 0.291173, 0.849639, 1.0, 1.0, 1.0, 0.780392, 0.780392, 0.237156, 1.0, 1.0, 0.71927, 0.938618, 1.0, 1.0, 0.643187, 0.457549, 0.457549, 0.75493, 1.0, 0.849639, 1.0, 1.0, 0.872426, 0.948035, 0.938618, 0.55721, 1.0, 0.761043, 0.291173, 0.750149, 0.535084, 0.64569, 0.948035, 0.402639, 0.006036, 0.0, 0.0, 0.017972, 0.0, 0.0, 0.0, 0.0, 0.0, 0.0, 0.007514, 0.0, 0.0, 0.00813, 0.0, 0.006572, 0.0, 0.008486, 0.0, 0.0, 0.0, 0.0, 0.008133, 0.0, 0.0, 0.0, 0.0, 0.005865, 0.0, 0.0, 0.006732, 0.0, 0.014256, 0.733206, 0.733206, 0.64569, 0.0, 0.012601, 0.0, 0.0, 0.016434, 0.009038, 0.006165, 0.0, 0.015491, 0.007505, 0.008158, 0.033881, 0.04327, 0.054512, 0.036555, 0.033052, 0.007799, 0.036555, 0.044589, 0.036235, 0.043983, 0.0, 0.01469, 0.0, 0.0, 0.0, 0.006882, 0.0, 0.0, 0.719746, 0.008612, 0.0, 0.0, 0.015452, 0.0, 0.150089, 0.008666, 0.0, 0.153017, 0.012601, 0.0]
[0.0, 0.007452, 0.0, 0.006567, 0.002366, 0.010406, 0.010774, 0.0, 0.011742, 0.0, 0.022119, 0.010916, 0.0, 0.015101, 0.015101, 0.014837, 0.552778, 0.0, 0.335885, 0.71927, 0.367455, 0.61112, 0.71927, 0.71927, 0.71927, 0.561312, 0.561312, 0.299287, 0.71927, 0.71927, 1.0, 0.67512, 0.71927, 0.71927, 0.462625, 0.63613, 0.63613, 0.542998, 0.71927, 0.61112, 0.71927, 0.71927, 0.62751, 0.681893, 0.67512, 0.445393, 0.71927, 0.932008, 0.367455, 0.539559, 0.38487, 0.920933, 0.681893, 0.463737, 0.0, 0.0, 0.0, 0.011152, 0.0, 0.0, 0.0, 0.0, 0.0, 0.0, 0.012736, 0.0, 0.0, 0.01378, 0.0, 0.01114, 0.0, 0.014384, 0.0, 0.0, 0.0, 0.0, 0.013785, 0.0, 0.0, 0.0, 0.0, 0.009941, 0.0, 0.0, 0.01141, 0.0, 0.012082, 0.552778, 0.552778, 0.920933, 0.0, 0.021359, 0.0, 0.0, 0.013928, 0.007659, 0.01045, 0.0, 0.026257, 0.01272, 0.013827, 0.057429, 0.055595, 0.074694, 0.046967, 0.042467, 0.013219, 0.046967, 0.05729, 0.046556, 0.060267, 0.0, 0.0249, 0.0, 0.0, 0.0, 0.011665, 0.0, 0.0, 0.55415, 0.014598, 0.0, 0.0, 0.013095, 0.0, 0.1272, 0.014688, 0.0, 0.129681, 0.021359, 0.0]
[0.072634, 0.004127, 0.0, 0.027327, 0.00131, 0.011524, 0.011933, 0.0, 0.013004, 0.03619, 0.024498, 0.012089, 0.0, 0.008362, 0.008362, 0.008216, 0.6882, 0.0, 0.490653, 0.938618, 0.2733, 0.797487, 0.938618, 0.938618, 0.938618, 0.73249, 0.73249, 0.222599, 0.938618, 0.938618, 0.67512, 1.0, 0.938618, 0.938618, 0.603707, 0.429464, 0.429464, 0.708591, 0.938618, 0.797487, 0.938618, 0.938618, 0.929479, 0.889843, 1.0, 0.523008, 0.938618, 0.714329, 0.2733, 0.799205, 0.50224, 0.606056, 0.889843, 0.377925, 0.005665, 0.0, 0.0, 0.016869, 0.0, 0.0, 0.0, 0.0, 0.0, 0.0, 0.007052, 0.0, 0.0, 0.007631, 0.0, 0.006169, 0.054068, 0.007965, 0.0, 0.0, 0.0, 0.0, 0.007634, 0.071576, 0.0, 0.0, 0.0, 0.052623, 0.052946, 0.0, 0.060401, 0.0, 0.013381, 0.6882, 0.6882, 0.606056, 0.0, 0.011828, 0.0, 0.0, 0.015425, 0.008483, 0.005787, 0.0, 0.01454, 0.007044, 0.007657, 0.031802, 0.040614, 0.051166, 0.034311, 0.031024, 0.00732, 0.034311, 0.094218, 0.034011, 0.041283, 0.0, 0.013788, 0.0, 0.0, 0.0, 0.00646, 0.0, 0.0, 0.675567, 0.008084, 0.0, 0.094207, 0.055247, 0.0, 0.140876, 0.008134, 0.0, 0.143624, 0.011828, 0.0]
[0.0, 0.004397, 0.0, 0.029114, 0.001396, 0.012278, 0.012713, 0.0, 0.013854, 0.0, 0.0261, 0.01288, 0.0, 0.008909, 0.008909, 0.008753, 0.733206, 0.0, 0.522739, 1.0, 0.291173, 0.849639, 1.0, 1.0, 1.0, 0.780392, 0.780392, 0.237156, 1.0, 1.0, 0.71927, 0.938618, 1.0, 1.0, 0.643187, 0.457549, 0.457549, 0.75493, 1.0, 0.849639, 1.0, 1.0, 0.872426, 0.948035, 0.938618, 0.55721, 1.0, 0.761043, 0.291173, 0.750149, 0.535084, 0.64569, 0.948035, 0.402639, 0.006036, 0.0, 0.0, 0.017972, 0.0, 0.0, 0.0, 0.0, 0.0, 0.0, 0.007514, 0.0, 0.0, 0.00813, 0.0, 0.006572, 0.0, 0.008486, 0.0, 0.0, 0.0, 0.0, 0.008133, 0.0, 0.0, 0.0, 0.0, 0.005865, 0.0, 0.0, 0.006732, 0.0, 0.014256, 0.733206, 0.733206, 0.64569, 0.0, 0.012601, 0.0, 0.0, 0.016434, 0.009038, 0.006165, 0.0, 0.015491, 0.007505, 0.008158, 0.033881, 0.04327, 0.054512, 0.036555, 0.033052, 0.007799, 0.036555, 0.044589, 0.036235, 0.043983, 0.0, 0.01469, 0.0, 0.0, 0.0, 0.006882, 0.0, 0.0, 0.719746, 0.008612, 0.0, 0.0, 0.015452, 0.0, 0.150089, 0.008666, 0.0, 0.153017, 0.012601, 0.0]
[0.0, 0.004397, 0.0, 0.029114, 0.001396, 0.012278, 0.012713, 0.0, 0.013854, 0.0, 0.0261, 0.01288, 0.0, 0.008909, 0.008909, 0.008753, 0.733206, 0.0, 0.522739, 1.0, 0.291173, 0.849639, 1.0, 1.0, 1.0, 0.780392, 0.780392, 0.237156, 1.0, 1.0, 0.71927, 0.938618, 1.0, 1.0, 0.643187, 0.457549, 0.457549, 0.75493, 1.0, 0.849639, 1.0, 1.0, 0.872426, 0.948035, 0.938618, 0.55721, 1.0, 0.761043, 0.291173, 0.750149, 0.535084, 0.64569, 0.948035, 0.402639, 0.006036, 0.0, 0.0, 0.017972, 0.0, 0.0, 0.0, 0.0, 0.0, 0.0, 0.007514, 0.0, 0.0, 0.00813, 0.0, 0.006572, 0.0, 0.008486, 0.0, 0.0, 0.0, 0.0, 0.008133, 0.0, 0.0, 0.0, 0.0, 0.005865, 0.0, 0.0, 0.006732, 0.0, 0.014256, 0.733206, 0.733206, 0.64569, 0.0, 0.012601, 0.0, 0.0, 0.016434, 0.009038, 0.006165, 0.0, 0.015491, 0.007505, 0.008158, 0.033881, 0.04327, 0.054512, 0.036555, 0.033052, 0.007799, 0.036555, 0.044589, 0.036235, 0.043983, 0.0, 0.01469, 0.0, 0.0, 0.0, 0.006882, 0.0, 0.0, 0.719746, 0.008612, 0.0, 0.0, 0.015452, 0.0, 0.150089, 0.008666, 0.0, 0.153017, 0.012601, 0.0]
[0.0, 0.002828, 0.0, 0.018726, 0.000898, 0.007897, 0.008177, 0.0, 0.008911, 0.0, 0.016787, 0.008284, 0.0, 0.00573, 0.00573, 0.00563, 0.471588, 0.0, 0.336219, 0.643187, 0.187279, 0.546477, 0.643187, 0.643187, 0.643187, 0.501938, 0.501938, 0.152536, 0.643187, 0.643187, 0.462625, 0.603707, 0.643187, 0.643187, 1.0, 0.294289, 0.294289, 0.485561, 0.643187, 0.546477, 0.643187, 0.643187, 0.561133, 0.609764, 0.603707, 0.35839, 0.643187, 0.489493, 0.187279, 0.482486, 0.344159, 0.415299, 0.609764, 0.258972, 0.003882, 0.0, 0.0, 0.01156, 0.0, 0.0, 0.0, 0.0, 0.0, 0.0, 0.004833, 0.0, 0.0, 0.005229, 0.0, 0.004227, 0.0, 0.005458, 0.0, 0.0, 0.0, 0.0, 0.005231, 0.0, 0.0, 0.0, 0.0, 0.003772, 0.0, 0.0, 0.00433, 0.0, 0.009169, 0.471588, 0.471588, 0.415299, 0.0, 0.008105, 0.0, 0.0, 0.01057, 0.005813, 0.003965, 0.0, 0.009963, 0.004827, 0.005247, 0.021792, 0.027831, 0.035061, 0.023512, 0.021259, 0.005016, 0.023512, 0.028679, 0.329289, 0.028289, 0.0, 0.009448, 0.0, 0.0, 0.0, 0.004426, 0.0, 0.0, 0.462931, 0.005539, 0.0, 0.0, 0.009938, 0.0, 0.096535, 0.005574, 0.0, 0.098418, 0.008105, 0.0]
[0.0, 0.004741, 0.009936, 0.004177, 0.001505, 0.006619, 0.006854, 0.0, 0.007469, 0.0, 0.014071, 0.006944, 0.0, 0.009606, 0.009606, 0.009438, 0.351639, 0.012359, 0.213666, 0.457549, 0.233749, 0.388751, 0.457549, 0.457549, 0.457549, 0.357067, 0.357067, 0.190385, 0.457549, 0.457549, 0.63613, 0.429464, 0.457549, 0.457549, 0.294289, 1.0, 1.0, 0.345417, 0.457549, 0.388751, 0.457549, 0.457549, 0.399177, 0.433772, 0.429464, 0.283328, 0.457549, 0.592878, 0.233749, 0.34323, 0.244827, 0.585833, 0.433772, 0.294996, 0.0, 0.0, 0.0, 0.007094, 0.0, 0.005981, 0.0, 0.028014, 0.023739, 0.016765, 0.02846, 0.028945, 0.017558, 0.030794, 0.025542, 0.024895, 0.0, 0.032144, 0.025711, 0.022387, 0.027832, 0.024162, 0.030806, 0.02414, 0.079071, 0.02091, 0.016281, 0.022215, 0.017857, 0.011549, 0.025498, 0.0, 0.007686, 0.351639, 0.351639, 0.585833, 0.0, 0.013587, 0.011306, 0.010238, 0.00886, 0.004872, 0.023353, 0.036434, 0.016703, 0.008092, 0.008796, 0.036532, 0.035366, 0.047515, 0.029877, 0.027015, 0.008409, 0.029877, 0.036444, 0.029616, 0.038338, 0.0, 0.015839, 0.012619, 0.0, 0.0, 0.00742, 0.0, 0.0, 0.352511, 0.032622, 0.0, 0.0, 0.00833, 0.013154, 0.099984, 0.009344, 0.011239, 0.101934, 0.013587, 0.022902]
[0.0, 0.004741, 0.009936, 0.004177, 0.001505, 0.006619, 0.006854, 0.0, 0.007469, 0.0, 0.014071, 0.006944, 0.0, 0.009606, 0.009606, 0.009438, 0.351639, 0.012359, 0.213666, 0.457549, 0.233749, 0.388751, 0.457549, 0.457549, 0.457549, 0.357067, 0.357067, 0.190385, 0.457549, 0.457549, 0.63613, 0.429464, 0.457549, 0.457549, 0.294289, 1.0, 1.0, 0.345417, 0.457549, 0.388751, 0.457549, 0.457549, 0.399177, 0.433772, 0.429464, 0.283328, 0.457549, 0.592878, 0.233749, 0.34323, 0.244827, 0.585833, 0.433772, 0.294996, 0.0, 0.0, 0.0, 0.007094, 0.0, 0.005981, 0.0, 0.028014, 0.023739, 0.016765, 0.02846, 0.028945, 0.017558, 0.030794, 0.025542, 0.024895, 0.0, 0.032144, 0.025711, 0.022387, 0.027832, 0.024162, 0.030806, 0.02414, 0.079071, 0.02091, 0.016281, 0.022215, 0.017857, 0.011549, 0.025498, 0.0, 0.007686, 0.351639, 0.351639, 0.585833, 0.0, 0.013587, 0.011306, 0.010238, 0.00886, 0.004872, 0.023353, 0.036434, 0.016703, 0.008092, 0.008796, 0.036532, 0.035366, 0.047515, 0.029877, 0.027015, 0.008409, 0.029877, 0.036444, 0.029616, 0.038338, 0.0, 0.015839, 0.012619, 0.0, 0.0, 0.00742, 0.0, 0.0, 0.352511, 0.032622, 0.0, 0.0, 0.00833, 0.013154, 0.099984, 0.009344, 0.011239, 0.101934, 0.013587, 0.022902]
[0.0, 0.02701, 0.0, 0.021979, 0.001054, 0.009269, 0.009597, 0.0, 0.034961, 0.024272, 0.019703, 0.009723, 0.0, 0.006726, 0.006726, 0.053774, 0.553519, 0.0, 0.394631, 0.75493, 0.219815, 0.641418, 0.75493, 0.75493, 0.75493, 0.589141, 0.589141, 0.179036, 0.75493, 0.75493, 0.542998, 0.708591, 0.75493, 0.75493, 0.485561, 0.345417, 0.345417, 1.0, 0.75493, 0.641418, 0.75493, 0.75493, 0.65862, 0.79631, 0.708591, 0.420654, 0.75493, 0.574534, 0.219815, 0.56631, 0.403951, 0.48745, 0.79631, 0.303964, 0.004557, 0.0, 0.0, 0.013568, 0.0, 0.0, 0.0, 0.0, 0.047207, 0.0, 0.005672, 0.0, 0.0, 0.006137, 0.0, 0.004962, 0.036263, 0.052132, 0.0, 0.0, 0.0, 0.0, 0.00614, 0.0, 0.0, 0.0, 0.0, 0.004428, 0.0, 0.0, 0.005082, 0.0, 0.010762, 0.553519, 0.553519, 0.48745, 0.0, 0.009513, 0.0, 0.02036, 0.012407, 0.006823, 0.004654, 0.0, 0.011694, 0.005666, 0.006159, 0.025578, 0.066748, 0.041153, 0.05639, 0.024952, 0.005887, 0.05639, 0.033662, 0.027355, 0.033204, 0.0, 0.01109, 0.0, 0.0, 0.0, 0.005195, 0.0, 0.0, 0.543358, 0.052908, 0.0, 0.0, 0.011665, 0.026158, 0.151226, 0.006542, 0.0, 0.115517, 0.009513, 0.0]
