[1, 0.4297002562474928, 0.2760243666959475, 0.2986531911441809, 0.29410593604306023, 0.36365712518211474, 0.24502116905883192, 0.42358586770554074, 0.3402742715503823, 0.3663774572626948, 0.3030286901050648, 0.4300274351878227, 0.32353351720166157, 0.41008568108272375, 0.39122815501108665, 0.3843473187890364, 0.3157350807503163, 0.36953933331852357, 0.3127907796914832, 0.37103367532697384, 0.36215774467492606, 0.4315146655203379, 0.38890526170678846, 0.31874832497994116, 0.13837438935097635, 0.4072922515293652, 0.36634079880598125, 0.354412747316807, 0.35415643460242024, 0.18810290418383815, 0.3855991144165196, 0.39994557708308753, 0.3628134998623117, 0.4229237036709021, 0.3368089314505942, 0.30947630173603485, 0.2918512454131057, 0.3741156529379651, 0.35043180068435914, 0.3444158934633816, 0.3306924904885341, 0.4100471444333188, 0.35426686612221264, 0.4092832292612885, 0.40271164694455397, 0.37423165380055434, 0.3439288709382091, 0.3742757884421349, 0.31154585458737977, 0.40793502828773665, 0.32173475370595567, 0.3349349805409573, 0.30935787979134016, 0.3546410583814573, 0.31646300379267106, 0.335692732626778, 0.41105902647490244, 0.31904277428195676, 0.12246669084235233, 0.3533308662793902, 0.3484993228525296, 0.28990110073549125, 0.267450566069618, 0.3235094267524635, 0.3507594437633015, 0.22229082237614625, 0.33873492621839874, 0.35763452515100747, 0.2919934190519953, 0.35477394909084575, 0.3034641154624534, 0.2981313139382745, 0.29316936199237137, 0.3871540672049963, 0.3940433169628241, 0.28455800788208585, 0.27631786160153543, 0.3760282757549824, 0.20413900775281332, 0.31975969377743346, 0.3664194485567853, 0.3336196049597627, 0.2821252978232038, 0.30104106473289083, 0.3078721296649924, 0.3404722035512641, 0.3319132769479196, 0.3305280485314348, 0.3591609249781563, 0.3380808066824885, 0.38745333460058745, 0.3864241559563669, 0.30402766791707714, 0.3210227202991104, 0.3911436023580771, 0.2764627973356483, 0.25000097546969324, 0.34407747789355786, 0.40066589542738096, 0.3312549130490402, 0.39545751606534874, 0.3957622711776311, 0.3627509868640705, 0.44774971767824717, 0.4026450403610677, 0.35285196671636476, 0.4274856021710267, 0.3986824662286512, 0.3303912590554407, 0.4056831805559656, 0.44534367184547413, 0.34251580470651494, 0.44251080932210524, 0.36376240234119095, 0.3382039314304396, 0.12726527462095186, 0.35547258895141565, 0.3087624041110153, 0.16634797141473553, 0.39737995374191104, 0.3519559918423218, 0.4313699382561537, 0.38337576012955105, 0.3712032438866344, 0.3151228643413448, 0.3256279958150641, 0.33416160842770437, 0.31749967627782844, 0.3696491099023495, 0.40814005248600865, 0.33183023892357094]
[0.4297002562474928, 1, 0.27784274048371116, 0.27123358710031037, 0.2752901810864674, 0.38043200886565526, 0.20849977650596896, 0.36397205516741526, 0.33545392784396016, 0.33508780016654444, 0.29744416399590323, 0.4027760074332711, 0.3499563872050771, 0.36391963345221795, 0.3457462368244941, 0.3340945549245966, 0.31012358748657104, 0.34731265579377163, 0.337954757417683, 0.3282570125827685, 0.3591958984175779, 0.3547228674437474, 0.4014453757029962, 0.29432348386356844, 0.18478327697755603, 0.410936604106205, 0.2719301243776363, 0.370236466054153, 0.4168046388802819, 0.1676953764735364, 0.3653860852289786, 0.39301025689840624, 0.2944297253840161, 0.35862333051625, 0.2897128246748117, 0.30563049858689045, 0.34016701522361675, 0.4269148963636455, 0.37651005039128266, 0.3325096115082944, 0.30036014756003765, 0.35406727971513346, 0.3577589997915649, 0.35993061957939865, 0.38364347627584217, 0.27541805673378056, 0.3236297038519933, 0.37745581583831567, 0.33290182260511897, 0.3604245163271838, 0.35475256838259, 0.34449170837690135, 0.3595074752587985, 0.2656126383934825, 0.3407513129069055, 0.30044902031419934, 0.3380844254517819, 0.3353823068021882, 0.11089525909483836, 0.35029443194902415, 0.29861170492692735, 0.3416152666559911, 0.2950808075148241, 0.3497147122654266, 0.3245272939632661, 0.2212036783188087, 0.36611664787913695, 0.3331811268334356, 0.33162647004642665, 0.33961262932319997, 0.28195180936836284, 0.33930465522863074, 0.2855597725251336, 0.3887770097999682, 0.3951548095283161, 0.26584095415031833, 0.28303242081076385, 0.38086538739338216, 0.18873891687826141, 0.3295458773918071, 0.40917760219833715, 0.36276468444127974, 0.3016063010381992, 0.24413253590930264, 0.31118406877959937, 0.329361826540683, 0.33094742327470844, 0.35226506061935275, 0.395625051153922, 0.3778172069750464, 0.3884883321955448, 0.32676009011499463, 0.34691010416484247, 0.29766208567721564, 0.3459362109887548, 0.3349768403295782, 0.3430750355637431, 0.34942049136397274, 0.3697076687000161, 0.3621538484833479, 0.3576563253296515, 0.3919296036498489, 0.36251274738291855, 0.37988362725127467, 0.38551791091653226, 0.3950444147577645, 0.34495737441269453, 0.42704692169008474, 0.3354095475393733, 0.36682499185694284, 0.3961920745939225, 0.2825603924855266, 0.38673323971293944, 0.32057401782493355, 0.3350611719404654, 0.10283621622992063, 0.35192407257457853, 0.29524936735751645, 0.16146531880321918, 0.3257759017465581, 0.39404700592523106, 0.3594222572737931, 0.3859543392316555, 0.39008522428324455, 0.3880844522132781, 0.27962379139047394, 0.30362524128844265, 0.3407441178616149, 0.4259467576070388, 0.34672073153413374, 0.27628285696929034]
[0.2760243666959475, 0.27784274048371116, 1, 0.2971301425484405, 0.23212644761707485, 0.33595672753494027, 0.23618733572034345, 0.287908262075734, 0.26573120947562145, 0.33973387328537974, 0.1791439449928338, 0.35382609792805675, 0.3048211339306998, 0.3031996737554061, 0.2994565216884653, 0.2934140348611292, 0.2974197430391743, 0.2860907015464245, 0.31589741081531186, 0.2922438526605238, 0.3107141652662329, 0.29355964379932853, 0.2441726138935563, 0.26721364225042776, 0.24052592947931134, 0.2436211726449996, 0.3044276553438858, 0.3027648770064319, 0.34309565766809197, 0.24642147271479187, 0.2881350070262528, 0.3547268217078301, 0.28171641637191736, 0.30005464892594663, 0.3702786630375481, 0.3282723265883496, 0.31815270301195847, 0.2876692533833837, 0.29138180259112045, 0.2651536629762045, 0.35919760736789835, 0.2899994663672913, 0.2996133288432752, 0.3340912613589961, 0.3309735379860006, 0.282768481231222, 0.3619896398972069, 0.3134125707495066, 0.28715243666995255, 0.31220015295656306, 0.3738162300565906, 0.24906889137436933, 0.2897648023222995, 0.23115930069451346, 0.3280221778705395, 0.2885082864975303, 0.32283547849532157, 0.34836016410132176, 0.15590497872928025, 0.3103682292854025, 0.3171951647600209, 0.2510828671566053, 0.22793806078159962, 0.32888557098296994, 0.3264892740651158, 0.27705464898604104, 0.2821644483304413, 0.29257085141978345, 0.2732306255332761, 0.30081484489100097, 0.287071600575473, 0.28170019583482125, 0.2740677626249993, 0.28257900722281476, 0.302604337234844, 0.25939209681296393, 0.26711254969806436, 0.26648947027684533, 0.27054209642544524, 0.29405937909822794, 0.25767221207388896, 0.3378402783646239, 0.22372956848813536, 0.17801052084775743, 0.27682536552427733, 0.30187768742918364, 0.3126490523772491, 0.31325929487567383, 0.2972272567483654, 0.2632331378530026, 0.29211951798408686, 0.2700267107728463, 0.42620252198370084, 0.3665181713079981, 0.30954841520570303, 0.3123639404847539, 0.28094221703855043, 0.17727713645072704, 0.30185627460576536, 0.3125683727801078, 0.36286536383098783, 0.242737613198603, 0.2082137358005318, 0.24616606815268532, 0.24779805272626768, 0.31203313660909565, 0.3065412340462643, 0.2625532410167332, 0.22548814271733664, 0.25162619509572837, 0.30651021171481, 0.21458649528931598, 0.25421263070011874, 0.3507975568554088, 0.27890259532463674, 0.1550044421926584, 0.31212355201851394, 0.318149858093843, 0.16856571268137788, 0.3336309385291645, 0.25582829829160836, 0.23092874597515028, 0.22712215799610375, 0.29193195985661213, 0.33024292592033727, 0.3515329411009215, 0.2995753018752626, 0.37723766268407716, 0.30193918152157917, 0.2572528720165692, 0.2707063442511787]
[0.2986531911441809, 0.27123358710031037, 0.2971301425484405, 1, 0.2118161191552194, 0.3538839130247732, 0.2943745585079158, 0.41671934479980555, 0.3517703219712993, 0.38819372797669977, 0.25545292123822644, 0.3598871144378407, 0.4040049507640984, 0.40642661538539687, 0.2899075293950869, 0.274871673968815, 0.34104773998723126, 0.32100958277128533, 0.3237193084676285, 0.29227851894379275, 0.33136356871057193, 0.3291602369575228, 0.33899673661904717, 0.2469085200012951, 0.1666361777784681, 0.29184700224106297, 0.27331834826001544, 0.34175267982903407, 0.3316239589461976, 0.17356049888664118, 0.30423278772269413, 0.36347668181268067, 0.30699515371713226, 0.3317751093456645, 0.3437321399583626, 0.3509793406930679, 0.2774234408462612, 0.3627630734245161, 0.3341067530757545, 0.3005077432538151, 0.2579916071275963, 0.32640306804289365, 0.31732608707132753, 0.2979998380620049, 0.2502638312289838, 0.3280366114219782, 0.3027629990404423, 0.2743672235267206, 0.3078654314552089, 0.326184803749725, 0.291671102038763, 0.28490263564889473, 0.31318847705719477, 0.26608037738790974, 0.2630891608815655, 0.2704866703975719, 0.3072208572703195, 0.35967036085495546, 0.12341145926029017, 0.27560990933723806, 0.33370920897185097, 0.28893137592751755, 0.28552578047582866, 0.30742569727539326, 0.3543381705928538, 0.20155434313023524, 0.36513912658422587, 0.3136452520343282, 0.35721656621143755, 0.34217083900977896, 0.3487345848194792, 0.3566242121373324, 0.2885558460066891, 0.37173762702704904, 0.3205603124413801, 0.25822960661997446, 0.30719983018053393, 0.3804819856719678, 0.23922292708011808, 0.38320354799855494, 0.3870910670475704, 0.312641881321157, 0.2476783699370731, 0.2686833184691375, 0.36221931262733387, 0.3325731635027124, 0.4141766559552661, 0.33295905914199114, 0.376148771894747, 0.2624179365120793, 0.3163786161664635, 0.2857361534601576, 0.300696920770973, 0.3238008109311682, 0.3484253934744462, 0.32776057292037203, 0.23505743635083004, 0.32564752640289535, 0.2505031905870659, 0.27568516885002964, 0.36971174323438716, 0.3124384706906283, 0.2454803531963026, 0.2232713444657052, 0.29632287451512995, 0.2861036707663946, 0.2638885731025858, 0.278214803631358, 0.2446750433158608, 0.21836697513394318, 0.28226011910503285, 0.2699854238612312, 0.2201065782277384, 0.2594156259186362, 0.32996922255233635, 0.11366676454443629, 0.25509510463708296, 0.2632986194467797, 0.20477543048254118, 0.3060460492625618, 0.2554749191874822, 0.2678878319137532, 0.2758773764421548, 0.41922982163235195, 0.30720950936536945, 0.31299637056297114, 0.37895383317454806, 0.31359248343436696, 0.338429390282249, 0.3386006445749315, 0.2558600816002742]
[0.29410593604306023, 0.2752901810864674, 0.23212644761707485, 0.2118161191552194, 1, 0.2624922780972599, 0.21137838192958008, 0.2119620236144964, 0.23366483546386155, 0.3070134355248889, 0.20109028705760956, 0.31586318248360323, 0.24850887715202802, 0.2480013937866656, 0.2535653149319776, 0.29517449255237954, 0.23546366866351862, 0.2407927210817107, 0.1951763093204583, 0.23276681684431544, 0.29988747522008585, 0.28538648236479863, 0.2634619914569388, 0.21309651450611994, 0.1956732889994807, 0.2953587235004708, 0.24645311250813295, 0.2627366417827807, 0.22216668097303374, 0.1952183440991673, 0.23138152011554178, 0.249260949206535, 0.21713557039647818, 0.2814160814478287, 0.31583952932684345, 0.23721919178260462, 0.2715609780414537, 0.2709044054325977, 0.23546806675319065, 0.2794174988520063, 0.20851200331765699, 0.33586917272231526, 0.22555717746217185, 0.2614272148723519, 0.23620259996465834, 0.2382975493844007, 0.22644654125168207, 0.23129195012658005, 0.2633475245157482, 0.25303519483631415, 0.258587659075668, 0.2713158542739339, 0.2777227446108211, 0.21205635413600757, 0.3595892863001848, 0.2927838587177812, 0.24380204544627065, 0.27461100569030283, 0.08557332144289467, 0.2987770395774797, 0.22915011340901514, 0.2699552423223391, 0.17664743429296523, 0.22493948374990735, 0.24951535845272146, 0.1765368046139821, 0.2587818946528484, 0.2963421412502633, 0.26544529790301324, 0.261396160056475, 0.22662937613876183, 0.1990086009142915, 0.2203608930494206, 0.26567215311098125, 0.2176856908782242, 0.18411980442335027, 0.18580958595563882, 0.22279619329785152, 0.15560759241779645, 0.2394690849625051, 0.27508376699446285, 0.24982460588664968, 0.23503838647680148, 0.18331065892569845, 0.1990254456330985, 0.2638991157265696, 0.27148693329860957, 0.24797035793663336, 0.25205203221371886, 0.21553125241395116, 0.24532181847111806, 0.21747396419959378, 0.27764090301924693, 0.28563464593394583, 0.2792084697039417, 0.27142014260495734, 0.2493513239573877, 0.20442334901749656, 0.2620202638542022, 0.3072774774002432, 0.27781873465660556, 0.22134409048093545, 0.2500493577252173, 0.2887237547404148, 0.25946958237478407, 0.2555575343864487, 0.2464987134167109, 0.3005534045385679, 0.2568097036213107, 0.2235104480391679, 0.2717974198362164, 0.2256127862863127, 0.3148276137441564, 0.3099557493059101, 0.15491027035588342, 0.09664887824372148, 0.2403434056614076, 0.21325094181250737, 0.20573881503630728, 0.27519322398186935, 0.2367856075258588, 0.2972198515192742, 0.2607268106367387, 0.2791221073384332, 0.2988764197089548, 0.2879019364130914, 0.286097273362835, 0.22301937000452202, 0.2650540490765597, 0.3013080134865616, 0.18786781416312637]
[0.36365712518211474, 0.38043200886565526, 0.33595672753494027, 0.3538839130247732, 0.2624922780972599, 1, 0.20195351601291395, 0.3518970421799144, 0.3831072638751567, 0.4465743923697467, 0.2082901342496304, 0.418947658969074, 0.33991877396125936, 0.3416834883659664, 0.3207216807510588, 0.38736608864143673, 0.29547375042833546, 0.3415664461978645, 0.37133689299817074, 0.3710918230163501, 0.3705478489527644, 0.42446463544494706, 0.35863528743564815, 0.3629469715055391, 0.20585567114358813, 0.34682106241984645, 0.2714507646055446, 0.37625699891479, 0.3987835542039773, 0.2652046837298581, 0.41486575022050376, 0.4546310894039541, 0.32677200721536565, 0.3719845296610176, 0.4385714795701206, 0.3811684489107386, 0.36897321885683954, 0.38307500025732466, 0.3881774716492933, 0.3632809211240569, 0.3911797577761888, 0.3357469353729432, 0.31199909612783416, 0.39853443284009055, 0.38560664737758116, 0.3548954083263848, 0.358395067674779, 0.38692498764964534, 0.35474349391655385, 0.39511955657791376, 0.3826753424583496, 0.2910692517492436, 0.3362746667784598, 0.28974612806522254, 0.3501248093301679, 0.3670547632359866, 0.3196240469212728, 0.299729193731788, 0.1245963628437987, 0.30953655438591365, 0.3517858580936846, 0.29376062790779456, 0.23104494313870066, 0.35764895726013524, 0.3477488739954443, 0.21187858834936085, 0.32662333371429486, 0.34976804954827306, 0.30859845384819984, 0.38615267548954874, 0.2982259200246573, 0.3361844171169017, 0.31752252168875955, 0.4272150188483591, 0.378810348505769, 0.28987862653141994, 0.29902487767925806, 0.37734551304952246, 0.18345184039764792, 0.34423992138511145, 0.35138731919047334, 0.30165888483314474, 0.2973898217855528, 0.23633088885726006, 0.27260635569069436, 0.3105983687651792, 0.4367671497963402, 0.4064392662246631, 0.44524797070579275, 0.3320557723994513, 0.43314728710257266, 0.37554443617487526, 0.4052258275483902, 0.3737744842998372, 0.35683499888089915, 0.3401629656984359, 0.30590747519494665, 0.3165303430595361, 0.36609887489897175, 0.35082949180233586, 0.4140735308613097, 0.3385189305012007, 0.2895930026261116, 0.38059241148879036, 0.3323828846246959, 0.35815486951427955, 0.3100822122067105, 0.35750349962135725, 0.26181103696224356, 0.3021143610620316, 0.4121110073548664, 0.2524400039115314, 0.3962367563495758, 0.3468175777077791, 0.3495818017257859, 0.13140843639340788, 0.3773412776097214, 0.3351904064231816, 0.22949278362890788, 0.3544177449756038, 0.32528675663870465, 0.3064694184962193, 0.3088075311557502, 0.3565631852126941, 0.42056467518569096, 0.38314075528205466, 0.3392282794783143, 0.4065578950158173, 0.38774138798144336, 0.36522412034812063, 0.2871848183768546]
[0.24502116905883192, 0.20849977650596896, 0.23618733572034345, 0.2943745585079158, 0.21137838192958008, 0.20195351601291395, 1, 0.29521997662605265, 0.22118265155552058, 0.21206661728291706, 0.19974443672073605, 0.26655424554916085, 0.2547226890897088, 0.23209022512725694, 0.21657060842586603, 0.2639522254672668, 0.21318003921993534, 0.23733539819973254, 0.30270299048613586, 0.21583605037049097, 0.19475563497018827, 0.2582802410218943, 0.3432656218373532, 0.19845846205419296, 0.3980647837576499, 0.18452905584403054, 0.23081743249134792, 0.27589552204643797, 0.2556899211283505, 0.28877130614535523, 0.23248190018566905, 0.21271225544061192, 0.19956568714176506, 0.27054132976958917, 0.1936109754083393, 0.2501282671423794, 0.25866959908346565, 0.26375094912554825, 0.2809883579326694, 0.25340739966106873, 0.27974275892250833, 0.31557751594982864, 0.3065248538530244, 0.25273743715473174, 0.24556272853866096, 0.25911260559593846, 0.22446338731231041, 0.22956270370763454, 0.22646863255754263, 0.26978068976556785, 0.24376564684617746, 0.2140038477141166, 0.24846499420327461, 0.1383155615965445, 0.21111312453990694, 0.21999354414046896, 0.22964814511521572, 0.24156627633209507, 0.05707812467907796, 0.19108792423012066, 0.1749865834624107, 0.1656268896215969, 0.22239535701813137, 0.2280647123378546, 0.23370421118599213, 0.19254924101146606, 0.23802713883213966, 0.23466952603312055, 0.16032419375282286, 0.23179175352475342, 0.1749692929525526, 0.1802835885837076, 0.18940745469474968, 0.21582779815316291, 0.24818270499504497, 0.1518041408828681, 0.15821765001268495, 0.21368538427997344, 0.136996761271257, 0.2224089316235119, 0.2678231508015145, 0.19413299255185687, 0.20094126260401468, 0.1214693523104642, 0.17318354707012307, 0.21189047168073816, 0.285516264530985, 0.2493559765621733, 0.20966134490347804, 0.13009822128213608, 0.27229606079996177, 0.1590622756084969, 0.2449382952575151, 0.23159169300031468, 0.21106530581561733, 0.24685798095183809, 0.1595180494561849, 0.2041116341957492, 0.22342969418213265, 0.17589409065403042, 0.28368174974944116, 0.2273633944400762, 0.1798422208561552, 0.20818747908803006, 0.19148582965776026, 0.18451292883038056, 0.1752879644265304, 0.18999064210543087, 0.1550073269185541, 0.1629826416228304, 0.19720145982099843, 0.1913078261562142, 0.22909828432089868, 0.24731752504487675, 0.21350847634495132, 0.050588861810252614, 0.17598544578122874, 0.2068045053234313, 0.24371158896976897, 0.2545759414200022, 0.2054248718357573, 0.14122592867933512, 0.20358346172857958, 0.2663246439186926, 0.25499360951487177, 0.2392322543159956, 0.30547899624711694, 0.2599585116799126, 0.24768869830379858, 0.15751746355039573, 0.18487386333671732]
[0.42358586770554074, 0.36397205516741526, 0.287908262075734, 0.41671934479980555, 0.2119620236144964, 0.3518970421799144, 0.29521997662605265, 1, 0.3969007445664361, 0.40503429450871603, 0.3060451437807382, 0.38316054478035855, 0.4042545193240085, 0.3999164381005948, 0.3649453842244774, 0.38375269129707446, 0.38652474727643726, 0.39337572403995286, 0.3682038512385319, 0.35376421621622645, 0.3650070375249054, 0.34673864568579454, 0.4258640743646152, 0.3223205427715311, 0.19586594944862934, 0.3662756857589291, 0.3457063709801389, 0.39793521067917936, 0.34572597890157714, 0.20648757839828508, 0.4188912266204116, 0.39673995232687753, 0.3728972060879425, 0.39298336320427757, 0.3824867588203291, 0.3833267392671203, 0.36045056241737333, 0.44320073806285115, 0.3906273817212489, 0.3200335287768946, 0.3280290535444593, 0.39168782370321453, 0.38066594714675916, 0.3747948068963916, 0.399237786870298, 0.3436776442340704, 0.3050130875623623, 0.29492295043738453, 0.33397771081977656, 0.38112012355000213, 0.3624285937272256, 0.3369586274556065, 0.307089832563994, 0.33321825670893956, 0.38633574137287996, 0.3671059849158132, 0.3568255324935814, 0.30753233408900016, 0.14987277055212977, 0.3182453437434567, 0.3519332939312928, 0.2683727005833876, 0.3043107254180924, 0.36334133550477404, 0.41730207962609445, 0.23007708084967501, 0.4138397695261583, 0.4056667130823329, 0.31984979766393556, 0.3513876614009948, 0.33712308206676556, 0.3696962893122345, 0.3140369244406032, 0.4029086336294216, 0.38666822823954206, 0.24987349712255888, 0.3443247078118622, 0.44222257021254496, 0.22297704797930226, 0.393119114561858, 0.3388391145482401, 0.3492280400881057, 0.2828099392282238, 0.30673080928493707, 0.4043353256492662, 0.3334953563046221, 0.4374489897328469, 0.34488701951624007, 0.37738931756311506, 0.2862381937915215, 0.33325523469297846, 0.388264413759056, 0.3712176681647889, 0.39416910471539063, 0.35906275771940777, 0.3275696621358016, 0.29286218408590975, 0.39853028993165324, 0.38197798036063363, 0.39798635731677723, 0.41353647596059784, 0.4708069497572136, 0.3040779273004995, 0.3116312775439559, 0.30624864912026795, 0.3756047549616617, 0.34926853435377914, 0.3430020012969854, 0.31127131405941755, 0.31743016654123607, 0.3953229666375238, 0.3511058781544343, 0.30603398119321856, 0.294865888176884, 0.375083853656134, 0.1421829487060028, 0.37093793410766995, 0.28418221380068837, 0.18541103603070477, 0.35653940111906457, 0.30980975127711624, 0.3495617860336021, 0.419965489577673, 0.4518250442579953, 0.3973575249294896, 0.3501031779429149, 0.34002841519670496, 0.31192373793738026, 0.3823750755069369, 0.3637021521233599, 0.35564625654186316]
[0.3402742715503823, 0.33545392784396016, 0.26573120947562145, 0.3517703219712993, 0.23366483546386155, 0.3831072638751567, 0.22118265155552058, 0.3969007445664361, 1, 0.31897728404704506, 0.2268953502156876, 0.3283173958668407, 0.40377932309680825, 0.3138894313893782, 0.2857278050870513, 0.3268947343009607, 0.2819717965973365, 0.2763326455495299, 0.35729251850266264, 0.28501048929933626, 0.3205042647768833, 0.32310786043487, 0.34703992338528944, 0.33888359555969055, 0.19093725445605417, 0.2994497964624972, 0.28299496332299545, 0.29163460610955144, 0.2834959715002505, 0.20163946038509767, 0.2873153694806407, 0.4034073489212996, 0.2845802496035594, 0.37333991549098744, 0.3239116343045804, 0.3856923498931741, 0.38419459617624524, 0.3824819232551723, 0.38412980045332, 0.28330747692988256, 0.26513165454111387, 0.288745184122983, 0.3198394649288183, 0.2875223824639328, 0.37716934399753593, 0.28930692600909547, 0.25762118145107676, 0.3563787632005213, 0.2746224218258367, 0.2853055628682439, 0.2733248216148475, 0.2868427446497391, 0.37329118084533025, 0.21405907158102036, 0.29297124033439265, 0.4113579416939518, 0.31382384525958973, 0.3099446095322496, 0.1008010030760914, 0.2982854725112279, 0.28884841431348446, 0.24109873328884096, 0.29650072860594606, 0.302574240157295, 0.30989999494319503, 0.1507320654361812, 0.3465017674015406, 0.2942159251243726, 0.31555445191925413, 0.4725620459031916, 0.3203494601475351, 0.2738546598576056, 0.3174561472144278, 0.3682293380475993, 0.3013113952804023, 0.2366573449371511, 0.3034178831893086, 0.37623018560384325, 0.19116649459110874, 0.3420261401911404, 0.3032353601264167, 0.2689943275008123, 0.234758614666662, 0.23857111610845447, 0.28397554365131455, 0.3395226474674589, 0.3898079719552806, 0.30835942642961356, 0.3209947020040011, 0.2512454923433294, 0.2903630086068735, 0.3271843746601697, 0.3695637164332022, 0.3158085722403494, 0.3066121447985167, 0.3281104207002838, 0.27110467495576507, 0.26501011176143113, 0.26319509832334737, 0.2877119102416733, 0.38322009474372243, 0.31165779878522537, 0.23168026739425898, 0.28527470702576124, 0.25370551619558995, 0.29441208953354775, 0.22869095152849298, 0.2971284561092516, 0.24447534644486796, 0.24031892977439598, 0.31856501065620113, 0.24060318993486898, 0.27902169431367396, 0.2658125728020291, 0.3265556663763284, 0.12800563112239793, 0.3346031749695472, 0.25096513259708886, 0.24590429052132076, 0.3101180750210118, 0.2935262652240381, 0.22766237799667371, 0.32261882628591115, 0.4032966352377138, 0.2766982778967927, 0.3125058384904413, 0.4058132941313584, 0.3623373200698911, 0.3325651517171576, 0.2912143788729021, 0.27274261409887174]
[0.3663774572626948, 0.33508780016654444, 0.33973387328537974, 0.38819372797669977, 0.3070134355248889, 0.4465743923697467, 0.21206661728291706, 0.40503429450871603, 0.31897728404704506, 1, 0.23495708175545527, 0.40380811933749255, 0.3727496498878914, 0.33700412838674204, 0.3379634609049764, 0.3822338202534594, 0.31647341157404596, 0.302134185394842, 0.3477729205526813, 0.3490062137097139, 0.2997815736749323, 0.34088901424720974, 0.31991725450762837, 0.3269824093115137, 0.23412286602090016, 0.32597467830151794, 0.3066518477575164, 0.35934954160771043, 0.3845976849561286, 0.2892407088030291, 0.32725562774098893, 0.4074454762476279, 0.2617286721570955, 0.32855542329001647, 0.41485311444816764, 0.34804083523254975, 0.3344660178502541, 0.37644829804172636, 0.32966267249691156, 0.3846254551474566, 0.3430634277352865, 0.3486468010094844, 0.3287015899545362, 0.35194556525767956, 0.3568195641491349, 0.2913965057629074, 0.3058358994538667, 0.3539269275235516, 0.28852024775438206, 0.39532205896723543, 0.36960482428643493, 0.2927955819196959, 0.3225279583856109, 0.2497032629388727, 0.3593101583784159, 0.36008452139392544, 0.3512019748864352, 0.3504258473437495, 0.1360756909051185, 0.39542711136162073, 0.34895810349973533, 0.29149617987153853, 0.2613282550912983, 0.37290865691548325, 0.3611872187948512, 0.19226766069462703, 0.31614049570027897, 0.3674489585409538, 0.31314061019299333, 0.34127537795565144, 0.3386099988126158, 0.34268786666159656, 0.27929912580073785, 0.38191759637345163, 0.37674732431672625, 0.289175578782069, 0.26632487549608647, 0.3637469425787855, 0.16707909138317692, 0.31134075320191584, 0.38416473592614486, 0.3222604742299039, 0.3260235238915921, 0.24523062652145838, 0.33383288995515903, 0.32090091988764424, 0.37659861114592225, 0.37020364854099685, 0.4174524667074985, 0.32331411441788294, 0.3649146237116004, 0.3338212290154344, 0.384925366919367, 0.36584585487124643, 0.35022136453459973, 0.3411116027484166, 0.2677963204222669, 0.3061884226815138, 0.3809714339534401, 0.33738160056572725, 0.39198100207853, 0.3263838051255482, 0.3402422691125951, 0.34630505664704025, 0.2975180150677844, 0.32038889020948647, 0.38380998495522034, 0.35586946856309837, 0.2997964982606716, 0.30397727726009, 0.3944581989483508, 0.30277803362824474, 0.3717328858916024, 0.3357238072706964, 0.2970869738820611, 0.11487583519911071, 0.3574490650133737, 0.34351631330991417, 0.20176317365508828, 0.32103557521217274, 0.31716991784271287, 0.34351101818388813, 0.3400163520688714, 0.37634034110683695, 0.3720676928435289, 0.36717312757110065, 0.3793140639796572, 0.34959463899942567, 0.3444148472362475, 0.33268868961375236, 0.296623346219646]
[0.3030286901050648, 0.29744416399590323, 0.1791439449928338, 0.25545292123822644, 0.20109028705760956, 0.2082901342496304, 0.19974443672073605, 0.3060451437807382, 0.2268953502156876, 0.23495708175545527, 1, 0.2512448686456808, 0.2521587370916575, 0.3052876031161281, 0.2671593945085382, 0.21024073515534467, 0.2716043204474668, 0.20994339835584616, 0.2609619577772783, 0.23624450743461733, 0.3338799954445595, 0.2371689640928495, 0.3300793756560527, 0.2777964781255768, 0.13029652960594063, 0.29444412305801054, 0.2563735660851348, 0.2938524506370029, 0.29668627753190596, 0.16052566231418686, 0.3585757044884551, 0.24261744706947494, 0.2160152518358431, 0.30548968532493836, 0.20614627117694384, 0.27477920779635584, 0.2583298364313574, 0.3526661872507335, 0.26473909840934423, 0.33532739083681856, 0.22635024637681772, 0.3210341217454083, 0.23726198178396213, 0.3197265609724883, 0.2672016205746212, 0.2644287459138728, 0.25468391215457825, 0.2611157908718818, 0.3147057034244132, 0.26243557417190966, 0.29538008774056457, 0.31600446172573493, 0.25800099655508113, 0.35609696018643594, 0.2074860726384916, 0.2202993177034758, 0.33249238741712533, 0.21900068463986005, 0.07319793202222341, 0.2724466560952673, 0.2649020693748388, 0.24665687763771857, 0.20146259304676706, 0.24541117362268697, 0.24033168897107335, 0.26675244146315613, 0.2730142384928508, 0.20822780894247211, 0.24795508283521925, 0.2411746734915859, 0.1919357987235407, 0.20878154899588633, 0.21123010376554102, 0.2509837180066822, 0.30205630786220405, 0.15449949965696724, 0.17639145030965717, 0.2875866266693002, 0.2758509293332403, 0.21647195514251694, 0.22850535299477787, 0.2403809872836263, 0.23307291699141378, 0.16505457018999653, 0.2131149987542596, 0.2389135672419027, 0.2918938902203729, 0.2570972264018484, 0.3095838923211482, 0.3105936351944141, 0.26282361177091484, 0.22096804951264057, 0.26454133678099645, 0.22270337758902597, 0.22854109625241842, 0.2426553032985267, 0.21869955648655467, 0.27401437287118807, 0.2425069526876832, 0.2416079206277608, 0.23557566587093884, 0.28682511695204704, 0.27911275617716835, 0.2197911313501516, 0.2792357578150576, 0.2740841278403542, 0.29386336119302725, 0.29131949046609706, 0.2590660537205776, 0.29771463487333444, 0.26283551544347844, 0.2809868803073455, 0.2547308008838654, 0.25891634557176557, 0.2596192916849047, 0.09510756168721418, 0.32354342953489557, 0.18681297009093822, 0.14203127651637698, 0.24200881616576836, 0.19985146044340735, 0.24506100907265074, 0.2614397241601715, 0.30297056141200873, 0.23230264894763997, 0.262663506047312, 0.22560053256543297, 0.19920811327219937, 0.28599040522714875, 0.24252773086189253, 0.16418597887657385]
[0.4300274351878227, 0.4027760074332711, 0.35382609792805675, 0.3598871144378407, 0.31586318248360323, 0.418947658969074, 0.26655424554916085, 0.38316054478035855, 0.3283173958668407, 0.40380811933749255, 0.2512448686456808, 1, 0.3602557579130266, 0.40447417794069634, 0.36633148370927837, 0.399471612313101, 0.3973858409759584, 0.329899045129412, 0.3626825592097005, 0.4227659958916868, 0.36264174595393245, 0.4471633459400716, 0.3929505872130456, 0.3314831701954724, 0.2447349636130513, 0.34894541723987466, 0.33214140534256176, 0.3664113132209926, 0.38290142433992524, 0.23803698203367593, 0.38144229072243413, 0.40650265652387507, 0.40258735343333074, 0.4110425772288748, 0.4183968718521079, 0.32289918411981855, 0.36877072200427236, 0.407718095649792, 0.3737803884547279, 0.342839017575081, 0.34358860299930744, 0.40556290168792286, 0.4061408840431756, 0.3969033945260459, 0.3277795556107783, 0.3790990923338231, 0.37354461463946403, 0.3302057067793107, 0.37369485773923, 0.4279203158294599, 0.3777630418318349, 0.35734344928175144, 0.345184799064674, 0.3312064083142039, 0.39518379417645094, 0.37758870128984656, 0.38749569962637687, 0.33785402148500876, 0.08671780773411027, 0.3494466472784087, 0.38311392421570367, 0.337195522324969, 0.2919150980062536, 0.336531302037578, 0.3790801018184244, 0.2762410479760824, 0.3658827749958858, 0.37339558105421256, 0.3351789641707119, 0.35130487500349394, 0.3059502732798912, 0.34003602652600484, 0.28862270345379676, 0.39473137313716145, 0.38118672106800483, 0.3057980874557307, 0.3478615863368133, 0.4348322998731034, 0.19104653766819324, 0.36365390499120764, 0.3531489206651584, 0.35845709499348133, 0.33224335799054344, 0.2601279541354702, 0.31459231300670437, 0.3496327067211235, 0.3789734819598659, 0.37184968572183413, 0.4270599692284649, 0.3622439056081668, 0.4044733597199298, 0.3510966388089897, 0.36813769526133083, 0.36159652598109904, 0.4435069767351882, 0.3438650844098788, 0.3428100832616965, 0.3527164357191833, 0.3664098257511778, 0.43430018752094585, 0.4106260158901634, 0.3682595115932986, 0.31144119465472775, 0.40160023306923553, 0.3746851167745246, 0.37814583997005624, 0.3252642436902882, 0.39643911065300014, 0.30385460664615116, 0.30506680649276735, 0.4430680840017953, 0.3094243369366296, 0.4002612464181804, 0.3620711894649211, 0.34177927456502416, 0.09541614023888377, 0.3661968341264112, 0.3439394498316679, 0.223636857286016, 0.3823921854822152, 0.36380394177604913, 0.3602197799054021, 0.3826192898335449, 0.3808991403712687, 0.4062420953880745, 0.3578977818951636, 0.3562294911771238, 0.3695470071534638, 0.4208305793865895, 0.40900625814259106, 0.39377752917239467]
[0.32353351720166157, 0.3499563872050771, 0.3048211339306998, 0.4040049507640984, 0.24850887715202802, 0.33991877396125936, 0.2547226890897088, 0.4042545193240085, 0.40377932309680825, 0.3727496498878914, 0.2521587370916575, 0.3602557579130266, 1, 0.34762774936997864, 0.3437376871785811, 0.3301364130258111, 0.3750022738074411, 0.326835749160508, 0.34198193785224784, 0.37110006593472883, 0.3215500779693799, 0.33396080199762745, 0.37746331415995926, 0.34267246154628345, 0.20366836621870596, 0.3267178168982906, 0.2809401771969929, 0.309250242509807, 0.36046335704271093, 0.15170875149274943, 0.36443510913614685, 0.36576557949354704, 0.3462534524684845, 0.4156841346209129, 0.43381852297193096, 0.3410414997057392, 0.34315505681843644, 0.4027149377079286, 0.2984914213193042, 0.37108845724679823, 0.34727104278317156, 0.36929698739265526, 0.39917257711834203, 0.35789384466082774, 0.3647968029866509, 0.3261575563721272, 0.278207805059215, 0.3948742703061295, 0.37893413821256566, 0.3837130086050013, 0.27445465655743495, 0.32703731781349826, 0.4101574758668701, 0.3011238046085305, 0.35015260182799834, 0.3535515373826488, 0.34949060827741224, 0.3981640752353459, 0.10492708393694772, 0.35019036509134915, 0.33102174869177364, 0.3005973669532198, 0.31576690390025436, 0.29453822845441713, 0.3802525080555455, 0.1666008373419149, 0.4125214773811753, 0.3432275664228564, 0.25910453572354497, 0.3868749386009264, 0.3386476247043173, 0.37724898803837503, 0.27444220939968816, 0.37017797588052087, 0.3095859392714021, 0.2798541302082416, 0.28458992795997073, 0.3473797191797555, 0.21925883316243722, 0.3513374659923764, 0.35499578068995463, 0.31843310564615934, 0.2894982955725024, 0.2543171453774383, 0.45434163758190566, 0.3607915697139263, 0.40682884539000796, 0.3147328911205428, 0.3302440240209915, 0.3148524059907199, 0.31743646428860783, 0.32348357625737467, 0.3416609755362624, 0.32183138891427665, 0.3440523421920577, 0.3297963826035064, 0.31957949107434985, 0.2722177535653475, 0.31993307770378165, 0.30310058152531294, 0.3704741823758398, 0.32293516395629573, 0.31675488818681224, 0.2786562598964513, 0.29420459340820454, 0.40441149538946264, 0.33471144397029307, 0.33666238707398816, 0.32444647267441473, 0.2877354735489592, 0.33651840979864844, 0.3320676786778381, 0.30448251379117836, 0.34091100948994774, 0.33498613877604094, 0.10442846615909213, 0.3440733913257664, 0.2921636613711687, 0.16127581124372037, 0.38317467532679944, 0.30867285504538083, 0.2729687998449577, 0.3664233540696089, 0.4303323351316518, 0.31096117927387035, 0.3209850604611418, 0.3308113021138512, 0.344813156642748, 0.35195937586329534, 0.304611883553881, 0.28954442742722536]
[0.41008568108272375, 0.36391963345221795, 0.3031996737554061, 0.40642661538539687, 0.2480013937866656, 0.3416834883659664, 0.23209022512725694, 0.3999164381005948, 0.3138894313893782, 0.33700412838674204, 0.3052876031161281, 0.40447417794069634, 0.34762774936997864, 1, 0.4284342109719528, 0.39059773872708325, 0.37773246935029636, 0.267073079911195, 0.393158948044131, 0.37384685407593315, 0.35887577511963925, 0.4085892456979874, 0.3819196806515011, 0.31645219169647626, 0.20907320910107244, 0.37302293566762923, 0.3629209895756287, 0.3626645113390559, 0.3525168318122007, 0.23252252237447174, 0.4142894767282576, 0.37155714825436154, 0.3763555874100952, 0.3859957217094942, 0.2824826752976075, 0.4056016565148409, 0.32469067861795403, 0.37654088862335605, 0.42858172492827473, 0.2763208577601516, 0.35205593252934775, 0.40125746350588765, 0.3176389907601907, 0.28379112192019995, 0.31823217339262067, 0.3366009828616493, 0.39161861360775607, 0.33954128427161545, 0.3611613344908897, 0.36266553060206347, 0.35543792030570365, 0.36686240720294966, 0.33937778413545544, 0.3142754823108348, 0.25788261934002726, 0.3219401725804977, 0.36596683333740954, 0.30733506287886214, 0.10888883172218497, 0.3279349832940501, 0.35355183163928827, 0.320815840968179, 0.23065293487846367, 0.2729674679056129, 0.3116275500132495, 0.2224813908681786, 0.39809013655028047, 0.3433389688589294, 0.3124335747746513, 0.2808444018637758, 0.3024402490087733, 0.2863745624831072, 0.3378961991406868, 0.3979785055188398, 0.3837189404434243, 0.26803677581844093, 0.3279010473416839, 0.33467739861431983, 0.23104756634367724, 0.291769366434402, 0.27436878314832014, 0.33842355295972054, 0.2827258061977789, 0.23297651868265268, 0.32178238283189875, 0.3277578637560215, 0.3735336184523226, 0.3914632141243252, 0.41704867472843055, 0.35063951848910013, 0.40543866325772077, 0.30528664998396726, 0.3225131565712724, 0.3127305375506381, 0.38527086776844066, 0.29553854519457906, 0.26623629407238547, 0.33413788165886454, 0.33710057167846497, 0.36725240733931547, 0.3346941934765255, 0.41823284681598055, 0.3068383938202765, 0.3260270055879151, 0.39513939516382485, 0.39658629569246, 0.3718216158528755, 0.3582953455077007, 0.3921194439498717, 0.2999190557628979, 0.398459905196928, 0.3177720312283352, 0.3442002310824058, 0.25826764689188997, 0.3791016591901252, 0.12617765540779127, 0.368294317856609, 0.2855887819617953, 0.23877639686653276, 0.3385881394309908, 0.3011073476247883, 0.36984404692677164, 0.3832454870335066, 0.3995950768276582, 0.34528847924898615, 0.3300223797136594, 0.3511764310406191, 0.3167202989527799, 0.3762019155453612, 0.3568147973605893, 0.2638535696173411]
[0.39122815501108665, 0.3457462368244941, 0.2994565216884653, 0.2899075293950869, 0.2535653149319776, 0.3207216807510588, 0.21657060842586603, 0.3649453842244774, 0.2857278050870513, 0.3379634609049764, 0.2671593945085382, 0.36633148370927837, 0.3437376871785811, 0.4284342109719528, 1, 0.43979621046990297, 0.3594406564025616, 0.33679329490633714, 0.261448707521476, 0.3353680066279936, 0.35325548783778654, 0.33738861555919725, 0.30855331829554883, 0.31372327888452495, 0.2385831311863944, 0.3812452127209391, 0.37313655904094434, 0.3620355099869383, 0.3390090037964523, 0.26907138595012703, 0.3591223308822346, 0.34579294291500373, 0.3541454397410397, 0.35610835456173817, 0.34472682385770687, 0.3280705553573645, 0.37573315010607605, 0.30933898262237386, 0.3306761526440882, 0.2640113679657489, 0.3502059900003865, 0.3810064610085979, 0.34600969514947566, 0.34335144131166045, 0.33401939270170766, 0.3145333328984993, 0.32462582247330607, 0.3179133303434541, 0.3428146873282036, 0.3620684247852587, 0.30305592401441345, 0.35147524793135515, 0.3718450260545834, 0.2651320301937367, 0.28385236863162067, 0.2695744548977688, 0.450542839418024, 0.31502654544702813, 0.11002356641191557, 0.2988636969846875, 0.30786100874292444, 0.27032770704092485, 0.23253708820420618, 0.3595061897512312, 0.34931887611533924, 0.2306566886194219, 0.40624863177589404, 0.3076414806799607, 0.28864673869164287, 0.30918639293611283, 0.24396116269205584, 0.2364418460972998, 0.23987759583354423, 0.347997416774798, 0.30826674263737874, 0.23427796630363293, 0.23059466333564083, 0.3602628684129006, 0.1828159846583421, 0.31917312339161, 0.2869194343114119, 0.31201231315386646, 0.25364905161611534, 0.2735412649043468, 0.2799890428825521, 0.3155407062334912, 0.32151313388056313, 0.3850086559300437, 0.33331096056833204, 0.3093385730315673, 0.3726550926875607, 0.33767436061473943, 0.3763246506209149, 0.3159160134219068, 0.3473402281265042, 0.29727664794570435, 0.19785662068334087, 0.25739059171817796, 0.35703501847114344, 0.36131577856443103, 0.3651228790966895, 0.3445971302293164, 0.2941638640249319, 0.3290216067187315, 0.3516247739395732, 0.36900654100920866, 0.35711381395825775, 0.343878505408791, 0.3926021935763187, 0.3031620406077849, 0.30072534946362595, 0.36778890207316145, 0.3702927647554052, 0.30828479505286566, 0.3560792395708368, 0.11561129869699777, 0.31645504488207116, 0.27542323299146665, 0.29010521091446445, 0.4206458496222976, 0.29411336570869795, 0.30708994845030524, 0.3890645909090378, 0.36308340189480437, 0.31259250333212224, 0.37656177429672977, 0.35353701763901796, 0.30971578803267186, 0.3080182850275687, 0.3725868108115102, 0.35375864116778105]
