[1, 0.027130026529146378, 0.03174365664544763, 0.04348708298279268, 0.04735329936616043, 0.027056369428036832, 0.07029718538994861, 0.3668425557666743, 0.14987496971042122, 0.06995064175180071, 0.36464591188449286, 0.45123280069048544, 0.02242461346029556, 0.02309544207704887, 0.027858642974030727, 0.025738191242738316, 0.025025555733722508, 0.024186550580987426, 0.025638688189665526, 0.02308228044450758, 0.053133303405742835, 0.09435644848195388, 0.15238318809340137, 0.1477172585838286, 0.2150824699837621, 0.08859114008190204, 0.08731591559043173, 0.10595374599900953, 0.2533392816620952, 0.03174365664544763, 0.05643056431714051, 0.027056369428036832, 0.042850213225693164, 0.05742685445681663, 0.052065019535374533, 0.04494955977497074, 0.04830755025516289, 0.04029862562120912, 0.048748637301526, 0.08597442707206887, 0.06786762376337668, 0.09058801443159677, 0.0862134373793687, 0.23044148815640625, 0.06674534694272233, 0.0961424457698711, 0.06576425995190228, 0.0717199686908766, 0.08085964096726728, 0.05568077317764407, 0.12790431832263785, 0.026935405229442926, 0.0269466586590087, 0.021895772296375633, 0.16024550154798717, 0.0711740526632044, 0.124479560158194, 0.14019001621811797, 0.10999152482910049, 0.10896760001293929, 0.08795362638335076, 0.02708307556216977, 0.028571299879750607, 0.026730410221119025, 0.027530391812447652, 0.0250392652642389, 0.02960877373932619, 0.18725808624581833, 0.1863345676706426, 0.03744297319166669, 0.04093226236257946, 0.05197136129612307, 0.04926935453468919, 0.5148362356353298, 0.03020873025633559, 0.06779894076764795, 0.07184867095682368, 0.05752443288070511, 0.026510267090257722, 0.06925032355960485, 0.13357534512401598, 0.02638219695324301, 0.024609843785792757, 0.03700244827104037, 0.3038133035721279, 0.02592159901281713, 0.33251764095133424, 0.08358389955199497]
[0.027130026529146378, 1, 0.021927764848033708, 0.023717724852010715, 0.02499527272880197, 0.05151447472878009, 0.022222554759930638, 0.02739455680806272, 0.02775840281885154, 0.019150682347741147, 0.031450637247844894, 0.02633192510581371, 0.05971928836433472, 0.07508067439424292, 0.12868967205057727, 0.06174180143010908, 0.09077928528925047, 0.11741683900047883, 0.06627402388068968, 0.05598849370262614, 0.032083580873320826, 0.03472056947935712, 0.022858147563433812, 0.041474652991173956, 0.039030022818181034, 0.022557072246909442, 0.02247696903699007, 0.025691988851982445, 0.03111187725882049, 0.021927764848033708, 0.02965168180933299, 0.05151447472878009, 0.032396695053578096, 0.03556691737740336, 0.03881174361988977, 0.029105359116435706, 0.04270986430800357, 0.03162193835476906, 0.040613571047978574, 0.026578044437229997, 0.030624995356220167, 0.024787633167647934, 0.027110800526834827, 0.0241273399844542, 0.02166151797121417, 0.0271723897039975, 0.031709571092641366, 0.030056777481665953, 0.02584219652846625, 0.03885963511719721, 0.04053362024110032, 0.037050620948053906, 0.03373572026167623, 0.033156311053451265, 0.03020706333114141, 0.023223983020086568, 0.02932956015427183, 0.02539130556017338, 0.02976263225727328, 0.023518076102805277, 0.04134216892899846, 0.062473459611495766, 0.07812692468861536, 0.07645255954483843, 0.06451195857460891, 0.10380314278937351, 0.07883051579644451, 0.02708804370547196, 0.027330205523193048, 0.01894241424894446, 0.019846355488117928, 0.026184210337770786, 0.02430907302438734, 0.02794879780196734, 0.028737011104289573, 0.028052639694265788, 0.024103460179085497, 0.024688083857760813, 0.05428082401950113, 0.023974003667814398, 0.02578379232809185, 0.02112058948972281, 0.021750603587197468, 0.03848916530188831, 0.02391770029970907, 0.08290254155755156, 0.02560205643163673, 0.02573943264322587]
[0.03174365664544763, 0.021927764848033708, 1, 0.024658317750069894, 0.021715765062259692, 0.011634402905908711, 0.015028654504806917, 0.0341243503367725, 0.025724920262203976, 0.014390431707902367, 0.04265610131030134, 0.03135549462204681, 0.01203150789934579, 0.01334887077324198, 0.016397517199884117, 0.012834616177191236, 0.011666001536861564, 0.016138698683547174, 0.013152344434935343, 0.012585874715408018, 0.029839145683525754, 0.04431320946063094, 0.02615314501513233, 0.05663034265212309, 0.05659995383729422, 0.016566013011372265, 0.018796784920428966, 0.024889315697726695, 0.03212390335374348, inf, 0.023874358142211456, 0.011634402905908711, 0.026931706339532294, 0.026407425829125634, 0.024780046423334413, 0.027559347541052985, 0.029252252362966108, 0.022808230777453094, 0.026044901500148442, 0.03440610742362547, 0.03620245316404234, 0.028041366229158454, 0.03087920681878587, 0.027344534524726932, 0.020719816977467925, 0.02538069078152323, 0.030257502118473074, 0.030498305479245934, 0.021801510245851943, 0.027168537501889724, 0.04115837723275306, 0.019217594142867056, 0.018457863805720884, 0.004234560963139944, 0.03925194379538114, 0.028699937091991853, 0.03333323626256535, 0.027217357926259518, 0.025519925663424536, 0.022982224231956148, 0.03177802923285227, 0.014062644858365883, 0.013864266906926642, 0.013160195387978203, 0.015182218466191352, 0.015076281223574147, 0.015198953732900212, 0.02772144639431808, 0.02752370398906547, 0.01163381115404136, 0.013788129004485847, 0.021222184876025046, 0.0236619412916833, 0.032802933250595884, 0.01913314762121614, 0.02171130348028807, 0.017093349839089868, 0.019622506582236587, 0.014876998180328338, 0.022656585210039847, 0.024726797411191125, 0.006451427763753765, 0.00513450587588464, 0.022433990576728843, 0.02518816265751225, 0.016110143581326456, 0.02807762446600278, 0.021707047669918433]
[0.04348708298279268, 0.023717724852010715, 0.024658317750069894, 1, 0.1368172441873759, 0.01741753241943012, 0.01977460994288864, 0.040729042360171434, 0.03235648316744765, 0.01824189547348278, 0.05298718176718557, 0.041625925550368925, 0.015559487644885127, 0.01467946001368798, 0.019428875661754625, 0.01985579972497403, 0.01568558246048979, 0.020183277183500926, 0.02033448711078144, 0.01590801721330264, 0.07124055017494726, 0.04131634062266169, 0.029730045410955662, 0.06003587538315642, 0.06093614565857844, 0.02191818283822234, 0.022451493961582913, 0.027911363722552433, 0.0429128268135485, 0.024658317750069894, 0.04586157449982267, 0.01741753241943012, 0.022642991272654425, 0.025689332544446348, 0.02452020254639323, 0.021408557791735797, 0.027556295459799172, 0.0203163021903888, 0.025397530685270956, 0.03056840839037161, 0.034298200762268596, 0.031729238236111436, 0.036944234395588076, 0.036228512255077255, 0.020587368745689297, 0.029362001436431664, 0.026646593020980346, 0.026786191195664506, 0.026895201270996757, 0.02648701517511097, 0.04440697922305933, 0.017991894754687477, 0.015707978807050868, 0.0072181440503003074, 0.04983388461538972, 0.0261056974828891, 0.04035269062705034, 0.03507878362272917, 0.03268310844895068, 0.031148712307533025, 0.03586110911862267, 0.016595855269116968, 0.0174240725748409, 0.01432554465198983, 0.01849987994513342, 0.016085633667938967, 0.018146216793664984, 0.03852527822940752, 0.03867249100161566, 0.012449580711254826, 0.014543285098029945, 0.06479367928391835, 0.20732402661888483, 0.0460939015205411, 0.01790974333490913, 0.024663423762779454, 0.023998272662704784, 0.043988282888242074, 0.020859342630412017, 0.04623745723403727, 0.029655692484031868, 0.006630358415739776, 0.006480582907330747, 0.022323318059143026, 0.031949861680186264, 0.020942553221364117, 0.03599412102958815, 0.02286000833153332]
[0.04735329936616043, 0.02499527272880197, 0.021715765062259692, 0.1368172441873759, 1, 0.01805256724800948, 0.019200786973468338, 0.040090092821441395, 0.03432995698110817, 0.017793975345804958, 0.05828300328290447, 0.04096677882516348, 0.015908822824432827, 0.015063731679889251, 0.020389247020392697, 0.020670265907009027, 0.015987860879619266, 0.021097181033466795, 0.01922445336046215, 0.01508447135668367, 0.08351336697332376, 0.0442334580786115, 0.03391054280822948, 0.059816659469455045, 0.06056976728891452, 0.02289132707189563, 0.021805912890660722, 0.02920555445580458, 0.04630485158470869, 0.021715765062259692, 0.06720328829355991, 0.01805256724800948, 0.023415480855712732, 0.028496099817142687, 0.02703137019541844, 0.022095775704466112, 0.028694572963844332, 0.02095112439623867, 0.02640117179363757, 0.03213768105701069, 0.03619884790268529, 0.033494792939628155, 0.03649543631544134, 0.03558326401164656, 0.0209577852055834, 0.03090305735761685, 0.027730236321144266, 0.027898928033779285, 0.026319351898798082, 0.02936232969184911, 0.05266946623199938, 0.018363624813110605, 0.01681329237781911, 0.009679487565416785, 0.04977955458855146, 0.027162630106975984, 0.03975421206481673, 0.03736016705316738, 0.035672300459983375, 0.027895587233804135, 0.03811251095407829, 0.016141344270310116, 0.01815800035022886, 0.01620587956590313, 0.0178463653012944, 0.016837064640412444, 0.018937892082604955, 0.04128050169718371, 0.041490371050084296, 0.013546923338262065, 0.015827051932087114, 0.07666959928367999, 0.3838657816824961, 0.04541945285397475, 0.01833558880193061, 0.025741107157407704, 0.024815588263761713, 0.04136328510757521, 0.019508412765810387, 0.051356063016780584, 0.03360840451958584, 0.008117626817469225, 0.007817513973448209, 0.024277403141618744, 0.03382389834237784, 0.01968648750046406, 0.03840221193174375, 0.02388941313939694]
[0.027056369428036832, 0.05151447472878009, 0.011634402905908711, 0.01741753241943012, 0.01805256724800948, 1, 0.01855447661222861, 0.025878935265110196, 0.029338660702498104, 0.015817241901677145, 0.033546477187118486, 0.02628113995066286, 0.036920055453646926, 0.049987727285506, 0.0637646566466422, 0.09378138655732143, 0.05090410921783916, 0.04429506061240102, 0.06342706398554113, 0.06723967135893712, 0.026543082607444535, 0.031021061391943206, 0.020194772408043, 0.041802280026853114, 0.041037159891036054, 0.019209471187553173, 0.02079805792951239, 0.020672588456165365, 0.030861908306257076, 0.011634402905908711, 0.01900463862181998, inf, 0.027243721075247224, 0.03630877908602208, 0.03630347831644109, 0.024057575397126687, 0.037924278597982634, 0.02189052636919509, 0.034942334627486145, 0.02344548961277167, 0.02714158203001378, 0.024599351272276457, 0.025155555094159603, 0.022306017179148527, 0.014940239448619986, 0.020345619768205116, 0.024778445456312255, 0.024815152878705556, 0.022602212072698167, 0.03735662822083276, 0.03710033116427166, 0.026424595786852103, 0.024094600156994078, -0.0010264679829042076, 0.02896723261105682, 0.019613529417932755, 0.027960503503435145, 0.024865872868689826, 0.02363363283983739, 0.022656533193048844, 0.041975562131520844, 0.028067513033835097, 0.04724898625947712, 0.030364468500992562, 0.03841588769457516, 0.032039023347883354, 0.04121480793657005, 0.025478366003367277, 0.025624753091301487, 0.012040415542768962, 0.015925186747662762, 0.020107556908304312, 0.020038545550433155, 0.026387888359486397, 0.02314489789650284, 0.018674342200176892, 0.019462896045165615, 0.016517215287901336, 0.07522274701108016, 0.019578219794384087, 0.023894355765814564, 0.00441796956691502, 0.0046969564125684165, 0.03507657612404952, 0.02399535932519869, 0.06922376786921229, 0.028038540343486386, 0.021882936257547805]
[0.07029718538994861, 0.022222554759930638, 0.015028654504806917, 0.01977460994288864, 0.019200786973468338, 0.01855447661222861, 1, 0.07711625022722092, 0.07669914886318757, 0.07016518997652285, 0.0694654464402761, 0.07857729635748678, 0.015549032149545717, 0.01809044797834136, 0.02092480100383325, 0.018674955604880368, 0.020380599468620687, 0.020050176832993004, 0.020013995216665408, 0.017583414865701228, 0.026251079095960764, 0.05405145839673389, 0.04353420497932372, 0.07020243356681402, 0.07597269554854057, 0.04028166732040205, 0.05397860674213358, 0.05052532344903724, 0.06655695425397071, 0.015028654504806917, 0.023822261202923828, 0.01855447661222861, 0.034572951295486605, 0.04118266604515403, 0.04094870068554601, 0.03293324261712103, 0.042324523549888526, 0.03136596541815136, 0.04298502477036266, 0.04606563109013703, 0.043357277069284744, 0.04201337178017599, 0.050000014247972055, 0.0690542844364638, 0.034580465146919176, 0.057776227868059735, 0.04570781647720497, 0.04728782966498031, 0.049765645527978894, 0.04114577965428288, 0.05321432378348577, 0.02534652922908128, 0.022385889908279333, 0.011127301588881271, 0.08125177749451104, 0.03746700740085491, 0.058227950795986555, 0.049585542186190025, 0.0575430634372252, 0.0609044327490794, 0.05241966505579002, 0.02316480908115232, 0.023152108701676985, 0.020531418677662366, 0.021589307152897887, 0.021949191627728737, 0.023503646857771284, 0.058961504915484256, 0.05933892559198857, 0.02115112288250845, 0.02664802525755151, 0.022369295676236037, 0.020607684314565774, 0.08659732663825334, 0.02618813783908436, 0.04182698328110017, 0.050368003983624295, 0.02271802238475499, 0.018392189953094374, 0.029013042308431658, 0.05891811815212175, 0.016533971353017544, 0.015256428366038466, 0.03346601715040233, 0.06748757767917495, 0.019476323152157835, 0.07570883585582043, 0.052513000639374405]
[0.3668425557666743, 0.02739455680806272, 0.0341243503367725, 0.040729042360171434, 0.040090092821441395, 0.025878935265110196, 0.07711625022722092, 1, 0.1309686443784037, 0.07529991951414189, 0.19156388661858023, 0.5436798468680635, 0.023040487947357684, 0.023684770801661398, 0.028159224628543502, 0.024614868735086774, 0.02569325786725411, 0.024592074009726458, 0.026176481375245787, 0.023541707262901824, 0.0446575047848145, 0.0851839811695025, 0.10448593446498607, 0.13140378222260587, 0.17398858356599078, 0.06830173632227929, 0.09642657992971088, 0.10895240622711291, 0.184386667167704, 0.0341243503367725, 0.0468091191189352, 0.025878935265110196, 0.042901453486764135, 0.051248344531052877, 0.046313323326246436, 0.04496217206557518, 0.04693196409000627, 0.04048952190499657, 0.04737116095952263, 0.10014934863218461, 0.06490101945974851, 0.07460704348070273, 0.08236438703335355, 0.20737776764774962, 0.07281186816704381, 0.11019321494092524, 0.06279187813714089, 0.06863162977968365, 0.07997072479393857, 0.04906353660300242, 0.07924169013501882, 0.027345170164002043, 0.025816615609281147, 0.022849879785861584, 0.15154760983716267, 0.07472304382199149, 0.09654697217035334, 0.09147951917621558, 0.11572010907974883, 0.13949311458296448, 0.07261569741623689, 0.02760867031563615, 0.027189274239195163, 0.025530754700843143, 0.028834101992953144, 0.025487891513803176, 0.028276067046504455, 0.10695826884715201, 0.10410905272441777, 0.033982871295483184, 0.03747008829288588, 0.04388506202987644, 0.04187902455913552, 0.31379504869684965, 0.030373453725534395, 0.07559286592897926, 0.07971105766256709, 0.047816851209511256, 0.02690602542495267, 0.05661997146873134, 0.10293125165599895, 0.0253370518043525, 0.023677074290720534, 0.03433387702937259, 0.23240646448208355, 0.026185443470783668, 0.2746890947527935, 0.0860258178871817]
[0.14987496971042122, 0.02775840281885154, 0.025724920262203976, 0.03235648316744765, 0.03432995698110817, 0.029338660702498104, 0.07669914886318757, 0.1309686443784037, 1, 0.0736531139839733, 0.15348241660112397, 0.1359924734272038, 0.022224822820191576, 0.024875445807561257, 0.028516705677982583, 0.02782259268205049, 0.0276032054109446, 0.025244038343526367, 0.02791131870663079, 0.024609632867789822, 0.0443105964339513, 0.07100815222618552, 0.07231902372924086, 0.11271091592309766, 0.13522496793668848, 0.06132399275044691, 0.1065506365943964, 0.06665449280266138, 0.1878917564337311, 0.025724920262203976, 0.04136714132830504, 0.029338660702498104, 0.04870346531423306, 0.06988730203099132, 0.06052887821799931, 0.050186755088196755, 0.05707726757136265, 0.03962321455839639, 0.056863085882757, 0.06515825415117507, 0.05401415262683937, 0.06235529101718638, 0.06287876579632787, 0.08616281404863199, 0.053678450035839514, 0.07965397731065067, 0.057075159702432585, 0.06060015112798189, 0.07437840064191396, 0.06634452450206417, 0.08831087064343, 0.0331888302176629, 0.0325327500497189, 0.01881775375163959, 0.08701165180705371, 0.05333616006989847, 0.0790253627825398, 0.07920517225702935, 0.06391068168822948, 0.0805792639493662, 0.0715500879874903, 0.029421997193207594, 0.032670203969043674, 0.027994877549255334, 0.029255949578804098, 0.028075214216916847, 0.03220167562072959, 0.09036357389854521, 0.09025335068922512, 0.028981456622240307, 0.04020536022001103, 0.03846343167038694, 0.036121581691403594, 0.12481530275978196, 0.03289832297823522, 0.055568872678616835, 0.08152729389561872, 0.03971765958566107, 0.02668672127296246, 0.052088173962489256, 0.11925440733826033, 0.024441615590015217, 0.022880824777745192, 0.042739079991447604, 0.13794777007537523, 0.026439353590249716, 0.2599551200099156, 0.1045770241537118]
[0.06995064175180071, 0.019150682347741147, 0.014390431707902367, 0.01824189547348278, 0.017793975345804958, 0.015817241901677145, 0.07016518997652285, 0.07529991951414189, 0.0736531139839733, 1, 0.07258066933624456, 0.0774495664652685, 0.01366752330300048, 0.015647165135987948, 0.01807473029928215, 0.016074567346126774, 0.017274973910351578, 0.017554526598314003, 0.01720256947905044, 0.016046551683803, 0.024538739569664323, 0.056528997160736276, 0.0436191854757909, 0.07455648215001816, 0.07967665381580316, 0.04499132526704438, 0.05095129563357086, 0.05019781828785397, 0.0662253129653715, 0.014390431707902367, 0.022135038526179845, 0.015817241901677145, 0.032672971150257364, 0.03877896568929075, 0.03580139560787216, 0.031456449787208705, 0.0401114308205304, 0.032407933629583274, 0.03747908453718321, 0.051957356568887655, 0.04494177174904329, 0.047677145798792765, 0.05226090553638617, 0.08940699423022694, 0.03335247315894486, 0.04888187244535307, 0.04587365553144394, 0.04739250938446117, 0.056542711508715156, 0.03926998927827612, 0.05223090490387642, 0.02433475804372709, 0.02156749673243102, 0.01036158683157359, 0.07009621662764978, 0.038022704621670976, 0.05861834147293225, 0.05029132645696656, 0.04246016048966917, 0.04926263796861972, 0.044632806520057744, 0.021072860973868072, 0.02065621196447436, 0.01882845856418109, 0.019946983305125357, 0.019844768661015783, 0.02116223506426047, 0.06064323197923326, 0.06049677137897136, 0.021363680900593974, 0.028193713525230354, 0.020821067988943988, 0.019238157397910134, 0.0866934886502262, 0.023532324097109075, 0.03561509000141502, 0.03688642852968007, 0.021154233242423864, 0.015917909589014186, 0.0284909406679271, 0.06618770272570722, 0.014051562693690766, 0.012852980569180132, 0.029454855411058252, 0.0788280722732959, 0.016893185606563558, 0.07323542474582997, 0.050050922452028086]
[0.36464591188449286, 0.031450637247844894, 0.04265610131030134, 0.05298718176718557, 0.05828300328290447, 0.033546477187118486, 0.0694654464402761, 0.19156388661858023, 0.15348241660112397, 0.07258066933624456, 1, 0.19441214272043633, 0.02705018315212941, 0.027689485953186408, 0.03391371906883815, 0.03107823235765799, 0.03022986084108352, 0.02809605495384039, 0.031236200537579764, 0.027699941235969007, 0.06578247031916312, 0.14876715300341245, 0.14269815201512506, 0.30059316805192793, 0.4341130755510241, 0.10045763421750503, 0.08931013929444061, 0.10318801173277428, 0.2783374623111883, 0.04265610131030134, 0.0674904810536459, 0.033546477187118486, 0.04732281102311708, 0.06383050187846186, 0.05857056518583445, 0.0519103933240514, 0.05172885416001511, 0.04659583131914395, 0.054085204971798855, 0.11751769596211055, 0.09784063558253066, 0.1439274636966327, 0.11072743458348319, 0.19126835335475156, 0.06738411347703761, 0.08436791781046583, 0.08255306970904933, 0.0908455750094231, 0.09242242364284801, 0.0620514996374723, 0.14808246324211444, 0.030320102062468858, 0.030874224740406173, 0.02786246630453784, 0.16977900851848488, 0.10282176649197199, 0.16113937748448465, 0.15851062918930367, 0.09799700839128928, 0.09803886896264521, 0.09361109799320542, 0.03180068565723054, 0.03415158315154317, 0.031116959499039837, 0.034553649686449944, 0.02941782113602223, 0.03528351471854525, 0.2029121094557801, 0.19050670355591984, 0.04784510537097492, 0.05132731728151951, 0.06313864598552517, 0.0606359898982335, 0.24256953100587253, 0.03299568919194967, 0.06831471500486654, 0.07017039340726222, 0.06865176858969921, 0.03286197803665985, 0.08285452686415119, 0.14087651538403517, 0.033942076933965344, 0.030505629473265194, 0.03910810266439357, 0.20023271044077995, 0.03128288921059231, 0.22199864977308803, 0.08675190420456676]
[0.45123280069048544, 0.02633192510581371, 0.03135549462204681, 0.041625925550368925, 0.04096677882516348, 0.02628113995066286, 0.07857729635748678, 0.5436798468680635, 0.1359924734272038, 0.0774495664652685, 0.19441214272043633, 1, 0.021894723008366083, 0.023904414082468566, 0.028659935669147273, 0.025046782857361418, 0.025970650516613767, 0.02493238504476733, 0.026539950169108734, 0.02380410064728684, 0.045672417473553745, 0.08655984942388724, 0.11203576597686284, 0.1315545941003696, 0.1822296556463738, 0.0709043838482726, 0.09997517335972336, 0.09659034577248303, 0.14707430048029121, 0.03135549462204681, 0.048185650691982405, 0.02628113995066286, 0.04389086405083999, 0.05306786361161205, 0.04861185470234582, 0.04635023263167882, 0.04892002132259478, 0.03826508612497212, 0.049782540521212074, 0.08554803095188443, 0.06479441598044311, 0.0747636338403233, 0.08158372643894106, 0.21289634019417042, 0.06484357516268979, 0.093621703716484, 0.059400885768723724, 0.06449462781251576, 0.07271203718319706, 0.05120209955521177, 0.08667744069383691, 0.027635779898335763, 0.026069354317548494, 0.021325820639711047, 0.15334186062065638, 0.0669746543370552, 0.10470513119274558, 0.09745780734954773, 0.10172301809182045, 0.13836373514697184, 0.06919421200273564, 0.027954730803751694, 0.027656607388598965, 0.025893166391011715, 0.028858987201209718, 0.025847084864160385, 0.028721868126638888, 0.11548601085971717, 0.11361169451510643, 0.0322877124363194, 0.03841962649020149, 0.04478838563534056, 0.04267576894088355, 0.374337096721785, 0.03111293878991939, 0.06642777675790404, 0.08177550817687003, 0.048951809225355664, 0.02734486472533956, 0.05789813564070283, 0.10974831096738115, 0.025627562040032074, 0.02395291548204935, 0.035485098780944156, 0.17868103813163122, 0.02514229378620653, 0.31747484401163417, 0.09041573546580621]
[0.02242461346029556, 0.05971928836433472, 0.01203150789934579, 0.015559487644885127, 0.015908822824432827, 0.036920055453646926, 0.015549032149545717, 0.023040487947357684, 0.022224822820191576, 0.01366752330300048, 0.02705018315212941, 0.021894723008366083, 1, 0.0804387872281247, 0.051354804580012466, 0.050076625025376006, 0.040656801595189786, 0.047462813804592385, 0.05890694286556608, 0.0414925865964316, 0.02235539885500584, 0.0318187440785237, 0.019238735224423636, 0.037772571060590406, 0.03456349681144627, 0.01616212682749011, 0.01851089572245916, 0.02077148438395658, 0.024893328787813876, 0.01203150789934579, 0.015870513794073813, 0.036920055453646926, 0.030931232356413017, 0.029005057704061813, 0.031457633796266524, 0.024941775767791982, 0.03642095913438728, 0.02525203937120162, 0.03308036005526495, 0.022923583389831293, 0.02795534183754355, 0.02078421346376803, 0.02343061451048794, 0.01991233490419918, 0.015548866511167521, 0.019321239472672756, 0.026631120935481603, 0.024840770873565395, 0.021081464344063564, 0.03205922591655543, 0.034695318528449995, 0.030122189727884253, 0.025096484774668637, 0.0064586471238081596, 0.025434775392140965, 0.021111844433631358, 0.02406826133480559, 0.020587771576038385, 0.022527299302392688, 0.019078507052282492, 0.03127282200578296, 0.02450215769853403, 0.02874362998153127, 0.026735954000351687, 0.025321834057073337, 0.02943309796077209, 0.0279403335200862, 0.022194290875802516, 0.022251186943591923, 0.011694464313359175, 0.013688431700456277, 0.016972896399500337, 0.016765498337738258, 0.023109362691308158, 0.024954465362297933, 0.01865351884707522, 0.0181769650979664, 0.014517286816139148, 0.0318736938819351, 0.017187516935930215, 0.019745983855660593, 0.005418786088878125, 0.004919601272602567, 0.031672999763111394, 0.020097055230543077, 0.058886511209044236, 0.021713618892610226, 0.021765817835168434]
[0.02309544207704887, 0.07508067439424292, 0.01334887077324198, 0.01467946001368798, 0.015063731679889251, 0.049987727285506, 0.01809044797834136, 0.023684770801661398, 0.024875445807561257, 0.015647165135987948, 0.027689485953186408, 0.023904414082468566, 0.0804387872281247, 1, 0.10953135574648497, 0.04732505910258894, 0.10973667799246602, 0.06324047891807527, 0.0546245672200889, 0.05674595920014456, 0.02046523100322027, 0.03257053240538365, 0.020076795516333762, 0.0383363712347664, 0.03521777321467202, 0.017101115880091885, 0.020891441810685644, 0.02183300372458707, 0.02578220778534788, 0.01334887077324198, 0.017660326848086473, 0.049987727285506, 0.036088685376352785, 0.03309186328349155, 0.03577072892576048, 0.028391580867059844, 0.04192060351277326, 0.027048679959713825, 0.0377444937100906, 0.02367017612185402, 0.0286080586232509, 0.02136946861814709, 0.02396914612276467, 0.020527911654980174, 0.01713078686226389, 0.02072027309471717, 0.027862682527894523, 0.026037073570369173, 0.021983268944388904, 0.03659977297877151, 0.03562454465411727, 0.037734391707974844, 0.03137849801019368, 0.012754267539981858, 0.02611901917826365, 0.021999053924404648, 0.024806553068148024, 0.021275078658743334, 0.02354948979878855, 0.021352081538533598, 0.032539617453505976, 0.03235677700455203, 0.04220977896046367, 0.04174743596231189, 0.036860951071849384, 0.045032385200258505, 0.03763804161987613, 0.022888985876526654, 0.022968271783345772, 0.012923414921040604, 0.015740831108877796, 0.016034259607543632, 0.015759992580026982, 0.023795351201436738, 0.02827405797194989, 0.02065216090679241, 0.019961389822559638, 0.01512455960862457, 0.0409382528994925, 0.017221535790381156, 0.02183878013224141, 0.011605155552092277, 0.01015090805999281, 0.03565885360870693, 0.02084753922422705, 0.07784256595532733, 0.023824465921247373, 0.025087401215756294]
[0.027858642974030727, 0.12868967205057727, 0.016397517199884117, 0.019428875661754625, 0.020389247020392697, 0.0637646566466422, 0.02092480100383325, 0.028159224628543502, 0.028516705677982583, 0.01807473029928215, 0.03391371906883815, 0.028659935669147273, 0.051354804580012466, 0.10953135574648497, 1, 0.05826951307083372, 0.11742437586246371, 0.1408270256745868, 0.0698450578925287, 0.0654864333495303, 0.0263120588331707, 0.03816922286964912, 0.02223192342670837, 0.04863480051951492, 0.04436455455109587, 0.02086836745268105, 0.02224689788035971, 0.02475770058111322, 0.031971786055671754, 0.016397517199884117, 0.023350190727963915, 0.0637646566466422, 0.03213966651060838, 0.03704383027441485, 0.040923568585598494, 0.02883033027052585, 0.04544719538238813, 0.0285969617951767, 0.04352606711968159, 0.027036518515608194, 0.03243865207763191, 0.025076178804307323, 0.028373292082282956, 0.02436542912524119, 0.01820686829281636, 0.02471753759810291, 0.03158451567385013, 0.02953912556422107, 0.02524570807838631, 0.04166402588357581, 0.0436677385071897, 0.03254036853006938, 0.028764295948180186, 0.023176921633492813, 0.03145587044522047, 0.022576258661031686, 0.030431219327260915, 0.0255952012813882, 0.029089078343486015, 0.023956748911579465, 0.04250587886919744, 0.043209909101738594, 0.05315183204692338, 0.057589054394529354, 0.05443250630414217, 0.05725029750114824, 0.05700696305270887, 0.02773275046085246, 0.027913364494669808, 0.0160740010250222, 0.01792714648738463, 0.0205773118868672, 0.02041841152864512, 0.028879740654019728, 0.02689127052620111, 0.0241906007596321, 0.022364360459725216, 0.01959953611126196, 0.071606014834933, 0.02096298914104877, 0.02677838193409403, 0.014865341487707889, 0.01489146296851465, 0.037236750401029216, 0.02363808279060164, 0.09680567661958954, 0.027225592144257956, 0.025585347347972142]
[0.025738191242738316, 0.06174180143010908, 0.012834616177191236, 0.01985579972497403, 0.020670265907009027, 0.09378138655732143, 0.018674955604880368, 0.024614868735086774, 0.02782259268205049, 0.016074567346126774, 0.03107823235765799, 0.025046782857361418, 0.050076625025376006, 0.04732505910258894, 0.05826951307083372, 1, 0.046065797004393276, 0.07770254175045978, 0.22923831283973858, 0.060536825614517974, 0.029645911565399922, 0.030674909828884954, 0.019674588436100884, 0.04065957712577861, 0.03738885694445663, 0.018812090231429168, 0.020179655399786597, 0.020170524330381894, 0.02877949452760935, 0.012834616177191236, 0.019423356196886125, 0.09378138655732143, 0.027528373158957488, 0.03318180318080623, 0.03674839087645417, 0.02436084169179092, 0.037956565760585606, 0.022223384533986538, 0.0353645406054835, 0.02244753186443941, 0.02703932393223607, 0.023457461801542137, 0.025073643340933812, 0.02146248269671043, 0.01512520107853362, 0.020110068597329066, 0.02506573233295315, 0.02362608082151965, 0.023046086639458608, 0.03733460731286315, 0.03712452038801327, 0.0277599970440219, 0.026022487098941914, 0.00966612644789461, 0.027423219528574964, 0.01904811840425793, 0.02636967588759562, 0.02367658330052017, 0.023101533121112804, 0.02201231715981867, 0.037580552842933136, 0.03301847639210741, 0.058630766798094626, 0.03195594243676505, 0.03789386971720481, 0.039504861045173284, 0.04909051443446753, 0.025578146433620365, 0.025749410574039885, 0.013258440640143674, 0.01589341770614461, 0.02267885126669945, 0.022862507633960184, 0.025119196973102553, 0.0240529864974295, 0.018854752426054597, 0.0210671014212097, 0.01876420018659791, 0.046484570914787596, 0.020867344601979202, 0.023123416778918167, 0.00903730409187498, 0.009302869623629195, 0.03570545373535549, 0.023095271462838123, 0.06255284563455528, 0.02662151093735867, 0.021415224309928007]
[0.025025555733722508, 0.09077928528925047, 0.011666001536861564, 0.01568558246048979, 0.015987860879619266, 0.05090410921783916, 0.020380599468620687, 0.02569325786725411, 0.0276032054109446, 0.017274973910351578, 0.03022986084108352, 0.025970650516613767, 0.040656801595189786, 0.10973667799246602, 0.11742437586246371, 0.046065797004393276, 1, 0.06829070503216185, 0.0562667447727466, 0.0572566546759086, 0.022202010737728452, 0.03662829569857889, 0.020485964092769635, 0.04254598921667765, 0.038898824373652226, 0.018566096429040082, 0.021376542100207497, 0.022465996867806308, 0.02827490192666309, 0.011666001536861564, 0.01890614911659665, 0.05090410921783916, 0.03349893333826677, 0.036623926642716395, 0.03998061176664919, 0.029387614632633244, 0.04666740718857848, 0.025771879325895787, 0.042344276688182414, 0.02611195649421914, 0.031536561806343406, 0.022972638025203034, 0.02589005339054888, 0.022158435645405317, 0.015990455840105833, 0.022793021585817617, 0.028719578921871918, 0.026839210262810793, 0.02404423178101579, 0.040784462142736976, 0.038879742585043064, 0.03452619872874863, 0.028546495316698176, -0.1250773344405478, 0.02835084218470052, 0.021479288286272272, 0.026908697460018137, 0.022955819008609178, 0.025926186339555148, 0.02362734973600095, 0.03565750359013883, 0.03653795051392155, 0.05088711465670811, 0.041867783557448336, 0.04600992601601551, 0.05219600843152984, 0.04517685542668332, 0.024770472794143163, 0.02484112597866971, 0.013737063368196415, 0.017363262174689406, 0.016975948105700245, 0.016830079069192646, 0.025809521511956077, 0.0279512068291317, 0.02124504357955814, 0.022197530986160386, 0.015784595514517923, 0.04117768900807577, 0.01866802978000875, 0.02382732353866893, 0.0025052251336350312, 0.0031960770817744746, 0.03710452838389669, 0.02259977834897921, 0.07581447486655851, 0.02600498723152218, 0.024138014226917588]
[0.024186550580987426, 0.11741683900047883, 0.016138698683547174, 0.020183277183500926, 0.021097181033466795, 0.04429506061240102, 0.020050176832993004, 0.024592074009726458, 0.025244038343526367, 0.017554526598314003, 0.02809605495384039, 0.02493238504476733, 0.047462813804592385, 0.06324047891807527, 0.1408270256745868, 0.07770254175045978, 0.06829070503216185, 1, 0.09848783376252138, 0.04643341421550804, 0.026658676614925797, 0.03125081013703488, 0.020194234741408752, 0.03750066239841201, 0.034994831326116575, 0.0194844366917459, 0.020433067236874356, 0.022394445604856917, 0.027173275885236683, 0.016138698683547174, 0.02177932865547644, 0.04429506061240102, 0.030192978440749717, 0.03309952913623717, 0.03611109320989303, 0.026664067347357722, 0.04019566479206895, 0.02688417329512889, 0.038134129633878716, 0.023850712192807884, 0.027725132409375877, 0.022252981925419822, 0.02449364646106621, 0.021588247129598826, 0.01739708641172477, 0.02289625309774002, 0.027496221727517537, 0.026001614119677694, 0.0226266010416449, 0.03632787668511592, 0.03569906083143036, 0.03576577624732383, 0.032289435728660706, 0.023694944230192482, 0.02696706211951045, 0.02055782197534287, 0.02587301872269546, 0.022456018973505316, 0.025952501215363633, 0.02193887695322924, 0.03566789452319053, 0.04539352880840267, 0.05128925620543145, 0.049315498505113665, 0.05410316185888447, 0.057845911870636396, 0.05539416220086838, 0.023982671999348927, 0.02412887430881012, 0.016197269763679484, 0.017788613851457087, 0.02126684577119, 0.021282982830913687, 0.02484386875370755, 0.02837769755493924, 0.02281427838605749, 0.022960837073589042, 0.02036299363845882, 0.04802158225386174, 0.021264194566972115, 0.023632537343474716, 0.0171104704509375, 0.017000779491437325, 0.038960776992783525, 0.021146262764780963, 0.06324062134293111, 0.02380742251134389, 0.023349308451329806]
[0.025638688189665526, 0.06627402388068968, 0.013152344434935343, 0.02033448711078144, 0.01922445336046215, 0.06342706398554113, 0.020013995216665408, 0.026176481375245787, 0.02791131870663079, 0.01720256947905044, 0.031236200537579764, 0.026539950169108734, 0.05890694286556608, 0.0546245672200889, 0.0698450578925287, 0.22923831283973858, 0.0562667447727466, 0.09848783376252138, 1, 0.06674544302622323, 0.028680551772745973, 0.032871984579844464, 0.019524713339670097, 0.04438896717883062, 0.04042187092462858, 0.018748691603492455, 0.02137882322308765, 0.021141766868469684, 0.02900563251324351, 0.013152344434935343, 0.01853904588368998, 0.06342706398554113, 0.029150739874470605, 0.03290674072796445, 0.035988558674200394, 0.02599277256277556, 0.040290156854270835, 0.023661441159386207, 0.03791483965442126, 0.02382803940945098, 0.02848214580996011, 0.02339076883823992, 0.02649475547681612, 0.022635371218999296, 0.015392415158491704, 0.021206723022430606, 0.026437134396131705, 0.024823347446023093, 0.024435758719175738, 0.036742206038824866, 0.03596573395133661, 0.029144092841136456, 0.025359664096482798, 0.012232828738737144, 0.02900125154062893, 0.019902279081801758, 0.027689983129719795, 0.0235072858061575, 0.024408883719519353, 0.023728473799775707, 0.036776015641276874, 0.0346908774189771, 0.04976758460992679, 0.029993375051284653, 0.04313171583416117, 0.042422408777760046, 0.04331594356614574, 0.025417445508344624, 0.025494854585004917, 0.01323730086062202, 0.01588407740159462, 0.0216534483024261, 0.021681126055184692, 0.026491580210142366, 0.024623276263949428, 0.020043849460568478, 0.02257076827768509, 0.018380869163125688, 0.05010779814839169, 0.02059700925059624, 0.02293787560602338, 0.00996504852031721, 0.009990946865393448, 0.03377056537555747, 0.02302195956099955, 0.06831716167655713, 0.026539123049774852, 0.022801025395309718]
[0.02308228044450758, 0.05598849370262614, 0.012585874715408018, 0.01590801721330264, 0.01508447135668367, 0.06723967135893712, 0.017583414865701228, 0.023541707262901824, 0.024609632867789822, 0.016046551683803, 0.027699941235969007, 0.02380410064728684, 0.0414925865964316, 0.05674595920014456, 0.0654864333495303, 0.060536825614517974, 0.0572566546759086, 0.04643341421550804, 0.06674544302622323, 1, 0.02164880835346207, 0.02906248575296634, 0.017815189059814256, 0.03824851354212969, 0.03520820479606281, 0.017921799093201914, 0.01939187491574292, 0.019182995549727664, 0.02579201167889907, 0.012585874715408018, 0.017522772355224207, 0.06723967135893712, 0.027654331563485, 0.030594207751116653, 0.032971004833877375, 0.024043000887379914, 0.03762758963294153, 0.022026827193036055, 0.03460913927136934, 0.021523381349741424, 0.025803062927778734, 0.021268680504744474, 0.023889233153246942, 0.020429080691450763, 0.014958856456039801, 0.01882105322204958, 0.02392114231210554, 0.02253614990613796, 0.021897953333118312, 0.03367205282713459, 0.03294447010449032, 0.03004326455568793, 0.02547335106871328, 0.007771721422845737, 0.02602829637425049, 0.018196769621188963, 0.024958580477526308, 0.02130615863460157, 0.021757850593217977, 0.0209671904393305, 0.03383671994905825, 0.03606941303592624, 0.04689443684360423, 0.03482402966967063, 0.040626404272815844, 0.05257480444673979, 0.04145301368244415, 0.02294745944678606, 0.023067082243204185, 0.012490664586050545, 0.014408523906954483, 0.016904643524986433, 0.016676530405561645, 0.023829924274802145, 0.023958725274256784, 0.01751940062321213, 0.018093745890178627, 0.01540481508236074, 0.0494172690517453, 0.018007216109467577, 0.02061477154564659, 0.00732564145277438, 0.007445010799579123, 0.03369926975772383, 0.020765025105206555, 0.0698340396715321, 0.023792012901655314, 0.02031730718906633]
[0.053133303405742835, 0.032083580873320826, 0.029839145683525754, 0.07124055017494726, 0.08351336697332376, 0.026543082607444535, 0.026251079095960764, 0.0446575047848145, 0.0443105964339513, 0.024538739569664323, 0.06578247031916312, 0.045672417473553745, 0.02235539885500584, 0.02046523100322027, 0.0263120588331707, 0.029645911565399922, 0.022202010737728452, 0.026658676614925797, 0.028680551772745973, 0.02164880835346207, 1, 0.049383555043660314, 0.036169997922827886, 0.07522033026523826, 0.07772124309824174, 0.02955787388689892, 0.027310121443617916, 0.03091587161463002, 0.052282793938717445, 0.029839145683525754, 0.06503142626511461, 0.026543082607444535, 0.02503203694852662, 0.030540724736421006, 0.028917306619294682, 0.024352876691761862, 0.02974825167739535, 0.024640263227428846, 0.028121103008302534, 0.0366071493373691, 0.04014046320956826, 0.04066941797232528, 0.0434736145528686, 0.040623515055334965, 0.025069135115066282, 0.03416327390326597, 0.031026260139103506, 0.03153080203671539, 0.02961722255373232, 0.03112656056574361, 0.05611612888752803, 0.021785441775438598, 0.020593469359471775, 0.018690447593422498, 0.061636846257316434, 0.029246455448008944, 0.04744204496171417, 0.045774176594922375, 0.03541987730468655, 0.03162092171749454, 0.042262203582177124, 0.0231380430252908, 0.026788071278801888, 0.022654897397609258, 0.02540720157143988, 0.023077336140248404, 0.02730308530960896, 0.04603679430536809, 0.04596723742900284, 0.017307281169760037, 0.019503044474004444, 0.1379758657019747, 0.10762956730143573, 0.05034387728259892, 0.019542921220036306, 0.030712145087721583, 0.029035345760639812, 0.06537879996941956, 0.028634615329659108, 0.05556450378315086, 0.03455001746758771, 0.016372902553647237, 0.014673892813282787, 0.024796161933225227, 0.03892282430715973, 0.02742603536459155, 0.04339027300260951, 0.027554122573676468]
