[1, 0.8904320015247944, 0.8837459391893921, 0.866970398039385, 0.8271243299515516, 0.8933042727882003, 0.812347549254343, 0.7578336714161179, 0.8868667633962228, 0.855555791386634, 0.7768782176909833, 0.8156625537218136, 0.8726097687830165, 0.8711720408851593, 0.8830913932099637, 0.8862413585131212, 0.8833087774693485, 0.8854354027233279, 0.8470094795481984, 0.8573775337084307, 0.8714674739610034, 0.7670046506175796, 0.8380486438097229, 0.5828321992874624, 0.5293533651630533, 0.8839349730406447, 0.8529630833505462, 0.8634575129467776, 0.8770098657509359, 0.8837459391893921, 0.8554398812766932, 0.8912201564539176, 0.8851917510517515, 0.8843030391185012, 0.893490019001712, 0.8969427930603194, 0.93374320422881, 0.8757388353801127, 0.8491225775186827, 0.7337492196245009, 0.680583288933775, 0.7138095907577873, 0.7004812925776333, 0.7325200491254557, 0.840987867776801, 0.8465559901371095, 0.6684473401701233, 0.6857860047142373, 0.7424106534724901, 0.8804087403779356, 0.5423077533892359, 0.8398550429270953, 0.8598589112360051, 0.8856910774001545, 0.6969648030829769, 0.8883658391277363, 0.7828088385317828, 0.9204187226447277, 0.8846923682334784, 0.8957916683845328, 0.8794283626403989, 0.8003261764049956, 0.8573220216042621, 0.8429760178838022, 0.8683791108100378, 0.8616424206015788, 0.8617414446202941, 0.8280901343391183, 0.8256457857207073, 0.8281646654232941, 0.8742726129046133, 0.8882319262631589, 0.8849168295119951, 0.7054156039796304, 0.8422996520009404, 0.8191344903584439, 0.8343494404434424, 0.8720620831399528, 0.8967888065269833, 0.903543695057002, 0.825890964259834, 0.8963052908470515, 0.8909369430725834, 0.7984557271302317, 0.8625389281520041, 0.8870058334320422, 0.9686585081039482, 0.7972605050010775]
[0.8904320015247944, 1, 0.9579042586271518, 0.9737909113848718, 0.9452346012672712, 0.9884741467709756, 0.899114071994156, 0.8546219141744787, 0.9234267701887477, 0.9335825871874349, 0.7788026050905442, 0.8890121655126035, 0.9615698984828874, 0.9592385911917681, 0.9711493332521156, 0.9866627421610688, 0.9719781568795474, 0.974196078186947, 0.9744912096290381, 0.9650248173665754, 0.9652144718593215, 0.6724540989392682, 0.8239620016721072, 0.5489789084796035, 0.5162469103411992, 0.9288743257014898, 0.9014096004489824, 0.8930284951894129, 0.906682952075693, 0.9579042586271518, 0.9083062134960479, 0.9886619129738432, 0.9162026123320751, 0.9430911331923421, 0.9481830302758657, 0.9351980578558494, 0.8867892741740934, 0.8956081677457461, 0.93082063328574, 0.7491149442877942, 0.5967802219582503, 0.6652184893460845, 0.6640443577884305, 0.8065416633281298, 0.907870212321895, 0.9253027112131303, 0.7294711242102937, 0.7696886345287952, 0.819103015828383, 0.9514092633864965, 0.6900981166832233, 0.8770398287983021, 0.8943332726659039, 0.9532853970489269, 0.7535957021929741, 0.8760590147595398, 0.7520604628190818, 0.8789325531067439, 0.9241245051411655, 0.9290949502926452, 0.9319863023747682, 0.9269886372595544, 0.9267611893198229, 0.9331657190194197, 0.9495181828710587, 0.9602147022905613, 0.928606624195341, 0.7970660235128261, 0.798714629379567, 0.9288149490643316, 0.9430934773111811, 0.9844568411912651, 0.983833833954266, 0.8410329004820679, 0.9078868137191419, 0.9117346394838075, 0.9183826732199877, 0.9110045361466466, 0.9920612384374483, 0.9501407491522313, 0.9177979916254418, 0.9434031692494858, 0.9516410392797228, 0.8831479870285389, 0.8894611828271949, 0.9860907459016518, 0.853123521676885, 0.9013835234835678]
[0.8837459391893921, 0.9579042586271518, 1, 0.9596593279044973, 0.9409998314927208, 0.9558410875948897, 0.9018062298859247, 0.8718508148500365, 0.9355798100377656, 0.91370761047942, 0.7619664330047426, 0.910203629565975, 0.9823013886003452, 0.9836492327337462, 0.9546936593598114, 0.96302289055491, 0.9643698612285756, 0.9510952055005816, 0.9470398331763541, 0.9478821734291603, 0.9580057079879444, 0.6858584661746541, 0.8728752576939255, 0.5515135495548322, 0.52508108370104, 0.9177967173272253, 0.9405026645644994, 0.8890066871822141, 0.9186704878944693, 1.0, 0.9210374753482731, 0.9553636316434724, 0.952595769353661, 0.9568376890401726, 0.9585955415775577, 0.9708739385583445, 0.8746414292982673, 0.9268427469458589, 0.9348047055305626, 0.7635096021293974, 0.598943321614765, 0.665946648613035, 0.6617407943407573, 0.8107716854576037, 0.9086623733440738, 0.920350320056682, 0.7369131133982401, 0.7534618096701301, 0.8101203417991321, 0.9556619574184197, 0.6977084809557443, 0.9185961394088596, 0.9393270416232612, 0.98717020353414, 0.8045709993725089, 0.9194964568816718, 0.7521860177911671, 0.8872461688538873, 0.9287918571366197, 0.9381045647421038, 0.9087976263048266, 0.9267452489306464, 0.9263933227599352, 0.9538768903042051, 0.9335247958414161, 0.9399913331167257, 0.9292545627441897, 0.7914125901047341, 0.7930506020015955, 0.9252796566583215, 0.9449984395616231, 0.9638741215862064, 0.964320693054278, 0.8585578532645065, 0.9010046191191008, 0.9029879733638375, 0.9018828433386517, 0.9237718266826093, 0.9609924654130308, 0.9462403652238152, 0.9143336129563988, 0.9416420314594778, 0.9479595624391013, 0.9132116684552208, 0.86922603275054, 0.9649221704271509, 0.871987721277886, 0.8885275858827651]
[0.866970398039385, 0.9737909113848718, 0.9596593279044973, 1, 0.9397180814849903, 0.9668791426603737, 0.925094368119983, 0.8765843153509911, 0.9152024746910369, 0.9168642677770136, 0.7392640619323323, 0.9029929233990812, 0.9669798685067027, 0.9649970990031341, 0.9556591608304534, 0.9768698965374225, 0.9711739591521206, 0.9544900301298318, 0.9673494754217417, 0.9740976508395182, 0.9544638466045045, 0.641142807106301, 0.8116537494825515, 0.5553951897068777, 0.5400208662690617, 0.9109237180334856, 0.9274036641019353, 0.8648098326571038, 0.8773488095004895, 0.9596593279044973, 0.9083916735976199, 0.966756945751093, 0.9252432400992282, 0.9361775347545651, 0.9431595603014756, 0.9340105904689227, 0.8618191284012094, 0.9215596785839006, 0.9565857455453436, 0.7488643861708295, 0.5614134906050119, 0.6489734274980968, 0.6570900080815809, 0.8234485092937059, 0.9113014008669676, 0.9277003497637544, 0.6993510909124157, 0.7310422340231104, 0.8441169953007411, 0.9449199344513567, 0.6663091017657425, 0.8719384389299855, 0.8882369457572952, 0.9459703690520661, 0.7692553733232584, 0.8759078136383408, 0.7763924678171653, 0.8630973386577769, 0.9119625275601374, 0.918870613084829, 0.9080664631302982, 0.9299302725207219, 0.9260660292379718, 0.9345341283640153, 0.9350794915801122, 0.9460062686736235, 0.9300724138393217, 0.7796679858944238, 0.7798988399734709, 0.9163260176737689, 0.9429166812369679, 0.979847360920869, 0.9792014267262129, 0.8559374296892038, 0.9126473152470922, 0.9113966809547027, 0.9169593553373709, 0.907007263017136, 0.9684793420618484, 0.9470410962733156, 0.9109431346724314, 0.9441289131790636, 0.9469392715710326, 0.9003008015871271, 0.8694092810935162, 0.9718375496794148, 0.8461546404833438, 0.9224451818085008]
[0.8271243299515516, 0.9452346012672712, 0.9409998314927208, 0.9397180814849903, 1, 0.9498736472762049, 0.8974229447446205, 0.8780162729633626, 0.9412965639591394, 0.9153367176847538, 0.7138495979553746, 0.9075459055795905, 0.9408594343135553, 0.9396198427511648, 0.95865695306466, 0.9485206217039006, 0.938160442930044, 0.9567290607648709, 0.9513022077052736, 0.9343787997997507, 0.9644764643644895, 0.6268725585280571, 0.795259657663683, 0.5059145704641383, 0.4762060784390425, 0.9235498796705901, 0.8942187972173773, 0.9005043730143373, 0.8863241374439521, 0.9409998314927208, 0.8977447338092067, 0.9497828230651267, 0.9022456035424706, 0.9390074203877614, 0.9386042949240753, 0.9169650962569518, 0.8161750873953525, 0.8604525247796355, 0.9241090477054008, 0.6881228768870397, 0.5463023652042915, 0.6308086533840286, 0.640869544039426, 0.8381987388101395, 0.9028871764794101, 0.8977343324466966, 0.7774058125471115, 0.7867331931849303, 0.8442379848829848, 0.945333004770553, 0.7807979705161064, 0.8771496522437674, 0.8939824243504122, 0.9297653299859907, 0.7499500989769002, 0.8179467711422076, 0.7130967335820013, 0.8136655811794369, 0.9173318821155703, 0.919665747753776, 0.8930780424797827, 0.9334380122292819, 0.917127634007247, 0.9310969000463312, 0.9352141300683043, 0.9529722535552404, 0.9171227842596874, 0.7604391749248233, 0.7619815874230449, 0.9397239386337936, 0.9360068075111829, 0.9506040060392518, 0.9547880874769312, 0.894288194682883, 0.8706565751276019, 0.8740583468994886, 0.8883936671063675, 0.8899714231975948, 0.9465580701843711, 0.9226002631293282, 0.9446618246160897, 0.9379542727600579, 0.9527371113935525, 0.9024700905689913, 0.8655032603823337, 0.9586416737632915, 0.826929507921734, 0.882304521306447]
[0.8933042727882003, 0.9884741467709756, 0.9558410875948897, 0.9668791426603737, 0.9498736472762049, 1, 0.8999188845134067, 0.859905158293746, 0.9326622227075568, 0.9333868554074682, 0.7752423932517994, 0.9043634920649175, 0.9627042165603457, 0.9616588149040636, 0.9775602873056178, 0.9869915983915183, 0.9776779750469914, 0.9831463775604028, 0.9781930322505827, 0.9601622003172363, 0.9736102582049474, 0.6544642227060303, 0.8147271268074787, 0.5196892050892382, 0.4732262374961324, 0.9372379018145464, 0.892878629787081, 0.9047851877986864, 0.9152504184010113, 0.9558410875948897, 0.9146835533317947, 0.999602658306674, 0.9214411951124325, 0.9505582853630297, 0.9551135245558353, 0.9360691880976896, 0.891791042781488, 0.8867490431203428, 0.9235730177674589, 0.7319098566524969, 0.5839086801703252, 0.6337679475816512, 0.6241455798818548, 0.7941807010485192, 0.9192014518798741, 0.927216129475069, 0.735839783283617, 0.7696448136087672, 0.7945432105580068, 0.9564192981177636, 0.6577434964253713, 0.8792343638106126, 0.8946553732969325, 0.9509270771653269, 0.7599138497673356, 0.8676255114299815, 0.7367722579943743, 0.8792504468514872, 0.9271871189997625, 0.9326263692044389, 0.9311460029486246, 0.9428104997298534, 0.941999269406083, 0.9349173656299797, 0.952835519845571, 0.9549664164879758, 0.9433553918005804, 0.7882144704177951, 0.7849412958600172, 0.9315561804282491, 0.9501888135298955, 0.9832080786895147, 0.9826844930820944, 0.8403621755811569, 0.9122312710941723, 0.9133916905002785, 0.9212902596083785, 0.9206585825919061, 0.988982939175461, 0.9444155639131924, 0.9154388027359581, 0.9438072628880374, 0.952806844194483, 0.8954421680333907, 0.8885616579055723, 0.9829261040064913, 0.8663801126677217, 0.8903677623909094]
[0.812347549254343, 0.899114071994156, 0.9018062298859247, 0.925094368119983, 0.8974229447446205, 0.8999188845134067, 1, 0.91637172379026, 0.9171035530020689, 0.9518146073229161, 0.7082965371904607, 0.9220438427867063, 0.9065056883687924, 0.9045971403241253, 0.8865777682275401, 0.9069882083588781, 0.9064458683925415, 0.8793834253558932, 0.9101438428696996, 0.9153740676506799, 0.8852369419474446, 0.5665148497709911, 0.7464453029312036, 0.48633089448586464, 0.47870096031107573, 0.9091086194935143, 0.9002646904933564, 0.8508317318033443, 0.8541621416560643, 0.9018062298859247, 0.8697113333785357, 0.8979076500004792, 0.8836538859813735, 0.9105671664141988, 0.9185198017847493, 0.9050013257118403, 0.7771719815030615, 0.8739410072894448, 0.9347811169706267, 0.702347876500934, 0.4882448361962883, 0.5690840445000798, 0.5921374828888447, 0.8264080843542585, 0.9242559271549057, 0.9352318703795859, 0.6839583492196768, 0.7191497023722444, 0.8495617632946558, 0.9187683828528087, 0.6506333963003572, 0.821912797354832, 0.8347334424964049, 0.8961631641530666, 0.6870950733181937, 0.7912209419679848, 0.7162834065169734, 0.7821596788395914, 0.8706277069659363, 0.8669875548345377, 0.8256143188261296, 0.8763636176539176, 0.8647117165861233, 0.8845800658996316, 0.875506811378811, 0.8900670038392684, 0.8681848014418738, 0.6918680723759104, 0.6917945059681637, 0.8866922869718656, 0.8919892166997256, 0.90053906218203, 0.9004134081636458, 0.9004732356308808, 0.9272148774494383, 0.9141619563882877, 0.9306373092774018, 0.8630028241421511, 0.8931285976457257, 0.8737447220701187, 0.9139605837374428, 0.8971238769797019, 0.9002608408306808, 0.9017700012182632, 0.862954591860068, 0.9012637317487602, 0.7970983416474003, 0.9298059116440637]
[0.7578336714161179, 0.8546219141744787, 0.8718508148500365, 0.8765843153509911, 0.8780162729633626, 0.859905158293746, 0.91637172379026, 1, 0.9266338566975232, 0.891228108732106, 0.6235106428871504, 0.9516224244106297, 0.8616680418192041, 0.8615914350592994, 0.8411855429179257, 0.8718929958889609, 0.855292824524436, 0.8330758890605603, 0.8833236693815131, 0.857340419269215, 0.8341712337843096, 0.4476374451756852, 0.6882948251191194, 0.3741472306472241, 0.3814387070748734, 0.8688385256087923, 0.8571932373418109, 0.8072814508682791, 0.8445636945869668, 0.8718508148500365, 0.8418613971018397, 0.85658345297086, 0.8310945569454042, 0.8833511360710309, 0.893514940581882, 0.8848082688447064, 0.6883757228413443, 0.8065657129576882, 0.8929852582170704, 0.6036824826365563, 0.36807851354984, 0.4529914618058732, 0.4947273222621707, 0.8163608061426308, 0.8393923590693165, 0.8629296873844491, 0.6019990017835327, 0.6313351705437314, 0.7646714408819946, 0.8885446526081016, 0.6159317840562896, 0.7714921211333723, 0.808713140198545, 0.8543408129744688, 0.744612969493738, 0.726772598293081, 0.5700681664954909, 0.6854917277857421, 0.8618462363609388, 0.8537018773358201, 0.7374442046463118, 0.8627413400290975, 0.8402889583929906, 0.8596748553534441, 0.833047499399015, 0.8498543593759413, 0.8407820601676603, 0.5586634369444639, 0.5587570424527353, 0.8535052031966351, 0.8597714790710661, 0.8668567665827073, 0.8697717646821687, 0.8670087266621951, 0.833720218779102, 0.8375174218960166, 0.8491199967591144, 0.83302881027919, 0.8508591591205154, 0.8062823005845179, 0.9072899028222136, 0.8370096897373923, 0.8530210280742203, 0.9241242972283059, 0.8102091957995777, 0.8599388202107198, 0.7533850268909877, 0.8691316433737953]
[0.8868667633962228, 0.9234267701887477, 0.9355798100377656, 0.9152024746910369, 0.9412965639591394, 0.9326622227075568, 0.9171035530020689, 0.9266338566975232, 1, 0.9255986623776012, 0.75025754136334, 0.9425422638972359, 0.9317878819061549, 0.9299344906594426, 0.9353685610838204, 0.936783565689578, 0.9226658687351877, 0.9279228307491675, 0.9171772195639272, 0.9167891461873205, 0.9244447414681619, 0.6519570564837772, 0.8261401461712605, 0.5216822742116887, 0.5007172581205519, 0.9578424693503951, 0.9162838040951534, 0.9201894455323961, 0.9281911341236627, 0.9355798100377656, 0.9060352128629756, 0.9299915856702435, 0.9225366383355614, 0.9551145939706766, 0.9632555666626849, 0.9490328407537102, 0.8236995090787782, 0.8869244721326297, 0.9239817730464319, 0.7081576979218575, 0.5781478269632847, 0.6589407755244474, 0.6438977749671208, 0.8295841500885718, 0.9119925780835504, 0.9109585408890802, 0.7612732138445828, 0.7667486806196555, 0.8286879338245273, 0.9620593327921535, 0.7163686926022852, 0.8945981917016431, 0.9117406215717975, 0.9288637114277823, 0.7577215184769758, 0.8387585888092861, 0.7179769434662877, 0.8354262623762772, 0.9379402610384246, 0.9351777436348304, 0.8663436250047227, 0.899498460283568, 0.9155185621007853, 0.9269520748074066, 0.9146008342311788, 0.9227453862964387, 0.9143856970357576, 0.761704616671214, 0.7584905522264528, 0.9098244153168827, 0.9217000396602336, 0.9329241213781785, 0.9360927220546658, 0.8698888105963201, 0.8882490441333099, 0.8827898138672137, 0.8984254966505253, 0.9065827861622768, 0.9268417854253269, 0.9273944727205111, 0.9496603910250354, 0.9263928303307188, 0.9396064729985455, 0.913096544215512, 0.8924789373161099, 0.9330581837195502, 0.891523067613148, 0.891729595147274]
[0.855555791386634, 0.9335825871874349, 0.91370761047942, 0.9168642677770136, 0.9153367176847538, 0.9333868554074682, 0.9518146073229161, 0.891228108732106, 0.9255986623776012, 1, 0.7661726015383375, 0.9013238823015577, 0.9148924367198781, 0.9128397371963362, 0.9175104834198613, 0.9305911539025165, 0.9250490000046201, 0.9168975517896262, 0.926349581752496, 0.9064202631045566, 0.9115014382593879, 0.6422498106339805, 0.7673770748304586, 0.5198887225287439, 0.4546834441515145, 0.9368886135367903, 0.8623524745907787, 0.9007699311829965, 0.8921102303393756, 0.91370761047942, 0.8809550308255372, 0.9318420760382901, 0.8783011513752828, 0.9204886873887308, 0.9213314829866062, 0.9100873554330651, 0.8288070244980371, 0.8375013180621013, 0.9011504419508269, 0.7312243882784009, 0.5828716995968748, 0.6163467596302414, 0.6423987455084808, 0.820309564309933, 0.931090911016936, 0.9400488246258691, 0.7470694463590276, 0.7896379412642114, 0.8181622506753585, 0.9266341105442025, 0.6807798181130496, 0.8301451684696642, 0.8441213619936049, 0.9089664554852925, 0.7019642455319469, 0.7996805851445122, 0.6812012713636691, 0.8108701418379183, 0.8952146912385863, 0.9060366306164809, 0.8502120217576862, 0.8901019465768233, 0.8910981780794288, 0.898701466757105, 0.916190647979431, 0.9167219575575132, 0.8915284574344183, 0.723429922705493, 0.7200606394290023, 0.9077862543795922, 0.9087831951780515, 0.9285309789984626, 0.9289674511183302, 0.8747765843433988, 0.9314464379791978, 0.9192880678966875, 0.9342899911514946, 0.8768220619387466, 0.9395442732236324, 0.8990082393253775, 0.9224432048732518, 0.8998416422805784, 0.9083732979909954, 0.8866824080539678, 0.9076074681839946, 0.9212138677275161, 0.8190211754121782, 0.8978506004461059]
[0.7768782176909833, 0.7788026050905442, 0.7619664330047426, 0.7392640619323323, 0.7138495979553746, 0.7752423932517994, 0.7082965371904607, 0.6235106428871504, 0.75025754136334, 0.7661726015383375, 1, 0.6704738712390925, 0.780823413431865, 0.7762280803905486, 0.7535231767080401, 0.7628461638474218, 0.7866099538754988, 0.7693309503952092, 0.725590395505352, 0.761912671667549, 0.7277966414337267, 0.7725891169825024, 0.8293688914438181, 0.6621965576064914, 0.5626355410094008, 0.7804898711153175, 0.7901811341973509, 0.8085167517854986, 0.8413165809313784, 0.7619664330047426, 0.6455984337424473, 0.775560534642335, 0.786985446635941, 0.7623868264352176, 0.7513784468364112, 0.7804578020324254, 0.7852304818176254, 0.7677906647908055, 0.7252990990046485, 0.9007071411802122, 0.7854169519293441, 0.7528428328099429, 0.7310820412027134, 0.5086730570265195, 0.8171267090564408, 0.835756596229663, 0.7755944868783687, 0.8053002645222204, 0.6843911051440841, 0.7617653894271548, 0.6461713096249607, 0.8072672839174186, 0.7748176903842746, 0.7709262578796034, 0.6300316634441044, 0.7929804640443094, 0.6748539404950421, 0.7459372362624518, 0.6995993819646347, 0.7331532052790777, 0.7472662935551926, 0.6990190183781015, 0.6765150111726622, 0.7597877860390847, 0.782327243620299, 0.7658021351402869, 0.6747040257208441, 0.7520824988242352, 0.7435092584204249, 0.7051801440232128, 0.7036499617247006, 0.7626806683587775, 0.7576528044417142, 0.6351073564030609, 0.8246915530867324, 0.8441778537517008, 0.8216774580555785, 0.6371157167186755, 0.7893553681814156, 0.8005278361873494, 0.682908098943516, 0.7560000790566347, 0.7536790208045728, 0.5956986479931551, 0.7442709428477492, 0.754843922923101, 0.7230345634899427, 0.774015048712291]
[0.8156625537218136, 0.8890121655126035, 0.910203629565975, 0.9029929233990812, 0.9075459055795905, 0.9043634920649175, 0.9220438427867063, 0.9516224244106297, 0.9425422638972359, 0.9013238823015577, 0.6704738712390925, 1, 0.9079055897003501, 0.9074073164305549, 0.8841233161394529, 0.9020531181098703, 0.9099989226244234, 0.8845045332944796, 0.9231142482567877, 0.8986954143080168, 0.884965053048163, 0.49662597725042823, 0.7538594228749204, 0.3972501239384745, 0.36796347062954476, 0.9044588762024535, 0.8906397390747939, 0.8512220460172693, 0.8894804501379007, 0.910203629565975, 0.8951337267203716, 0.902225644331111, 0.8955973104912928, 0.9158600687591496, 0.9285543204624653, 0.9195613647315601, 0.7821876085612279, 0.8519464966575172, 0.9253597510594779, 0.6419945218547417, 0.40404669350486144, 0.4578617541687719, 0.49767661846284184, 0.8240075186388051, 0.8956671146356335, 0.904425897597029, 0.6342716725684048, 0.6550446184615478, 0.7691881906384184, 0.9266938700213867, 0.5975906241626974, 0.8366562205473295, 0.8595679137642815, 0.8949829097116299, 0.7956534918959716, 0.7854177659390507, 0.6376103456984196, 0.750857530274313, 0.8764632491573374, 0.8824430823600332, 0.7976850037694245, 0.9042081814296496, 0.8945009365016853, 0.8880757355242933, 0.868422437957897, 0.8730267927166501, 0.8933251619428082, 0.6238072530039442, 0.6204227169306916, 0.9104409319592435, 0.9107095051938819, 0.8945337901637956, 0.8976602356591316, 0.8710201573287758, 0.8823551721932822, 0.8848881565517074, 0.8933312451915775, 0.8896709518146061, 0.8921632595091565, 0.8335176356530895, 0.9238978446624403, 0.8816031243743992, 0.8944850655588205, 0.950115230400741, 0.8307219118090097, 0.8990828956507705, 0.8142788267674518, 0.8802851679741228]
[0.8726097687830165, 0.9615698984828874, 0.9823013886003452, 0.9669798685067027, 0.9408594343135553, 0.9627042165603457, 0.9065056883687924, 0.8616680418192041, 0.9317878819061549, 0.9148924367198781, 0.780823413431865, 0.9079055897003501, 1, 0.998422600616917, 0.9560369926272245, 0.965848703683105, 0.9799708269787275, 0.9539641940289696, 0.9509766298599794, 0.9594799373094144, 0.9551607869767266, 0.6898276170325532, 0.8717105001277019, 0.5853231731436009, 0.5370210860871192, 0.9194169657599087, 0.936334967717161, 0.8985791216131127, 0.9148039742080495, 0.9823013886003452, 0.9129657786311087, 0.9626842021492806, 0.964365088385261, 0.9501619423622173, 0.9518205527985993, 0.9620978193421246, 0.8814372416856951, 0.9303433551521588, 0.94238566035771, 0.790191106250792, 0.6156286479077384, 0.6733039962973408, 0.6759879859199188, 0.7940629494531665, 0.9258532604117797, 0.9379446227198579, 0.7573321428748666, 0.7757738934917106, 0.8110356482418685, 0.9548512766958731, 0.7028931726963151, 0.9334944036620594, 0.938338808534177, 0.9782663990095112, 0.7979912833729278, 0.9092956190433172, 0.7613748740076812, 0.8757320575364236, 0.920556591194833, 0.9370491340449871, 0.912290961447157, 0.930754753875959, 0.9222260365974522, 0.9575761859552462, 0.9410839146980912, 0.9426099997950871, 0.924374746012277, 0.798541067521088, 0.7966442271518414, 0.9231189459622403, 0.9411938383445065, 0.963747816985065, 0.9638407411804045, 0.8543639363838266, 0.9222371463462953, 0.9207577078498941, 0.9224305576179092, 0.9120631240027377, 0.9664798906723141, 0.9485903557330857, 0.9122290066299324, 0.9417664149527298, 0.9485339438598076, 0.9056000740027315, 0.8679322562310119, 0.9660225212638317, 0.858451896660836, 0.9028915978561389]
[0.8711720408851593, 0.9592385911917681, 0.9836492327337462, 0.9649970990031341, 0.9396198427511648, 0.9616588149040636, 0.9045971403241253, 0.8615914350592994, 0.9299344906594426, 0.9128397371963362, 0.7762280803905486, 0.9074073164305549, 0.998422600616917, 1, 0.9551513750475614, 0.9649317864675993, 0.9772317856084195, 0.9528296630581211, 0.9514657972441668, 0.9536399649347326, 0.9548263659945658, 0.6840992603046332, 0.8656640067481993, 0.5620303940253293, 0.513159273675107, 0.9162279467540243, 0.9345175165566492, 0.8962638162651934, 0.9139496334241107, 0.9836492327337462, 0.9117905516296746, 0.9616533192835766, 0.9647692988798746, 0.9512834208473118, 0.9529894733045401, 0.9630268160728446, 0.8782052638625449, 0.9279951620978241, 0.9354852210993092, 0.7800690359760294, 0.6071189995339679, 0.6622167362148834, 0.6619705933890347, 0.7932507954950453, 0.9217675222093501, 0.9336529894888734, 0.7523727904296215, 0.7714277265026318, 0.8052919011396209, 0.952447094361782, 0.6965726602579845, 0.9332920126261887, 0.9383778597461901, 0.9794525299997272, 0.7946214498051161, 0.9100723157003634, 0.7523482967907791, 0.877276871169705, 0.9180744544922638, 0.9335597209622175, 0.9104383778885095, 0.9332365851365418, 0.9214176932375602, 0.9552564440050132, 0.9381440683695019, 0.9393610494789043, 0.9231843525237037, 0.7914729147990959, 0.7891901801305905, 0.9237069626744899, 0.9403469929129582, 0.9630141110493255, 0.9619556922200995, 0.8545307305298906, 0.9170611740876596, 0.9155731803385458, 0.9188267785972862, 0.911522892641856, 0.9645259276566054, 0.9442374094162315, 0.9105117738269499, 0.938720401634173, 0.9455738733503899, 0.9066389217176002, 0.8623931661774129, 0.9645533976411541, 0.8591484121000588, 0.8948375904912543]
[0.8830913932099637, 0.9711493332521156, 0.9546936593598114, 0.9556591608304534, 0.95865695306466, 0.9775602873056178, 0.8865777682275401, 0.8411855429179257, 0.9353685610838204, 0.9175104834198613, 0.7535231767080401, 0.8841233161394529, 0.9560369926272245, 0.9551513750475614, 1, 0.972718133006138, 0.966929418557924, 0.9910473989007137, 0.9623170727876723, 0.9530304446916431, 0.9821730286768632, 0.6692697772654237, 0.8320938256591741, 0.526487101306715, 0.48523032239941033, 0.9269019696599513, 0.8931005089097058, 0.9011932561963144, 0.9022609306752195, 0.9546936593598114, 0.9141058893490094, 0.9773331330997627, 0.9210930685129344, 0.955773011186429, 0.9559155722847027, 0.9361557131227982, 0.8860280603153037, 0.8948086082497331, 0.9229616244635949, 0.7260831479299551, 0.5946561909061631, 0.655953161418535, 0.6490681106266877, 0.7792757593185626, 0.9109189786251046, 0.9106795231145711, 0.7566764534898088, 0.7698240390705995, 0.7993637182800608, 0.9594096811061981, 0.690389942706716, 0.8936604468612788, 0.9097637736959071, 0.9527611379747012, 0.7425191929687328, 0.878548620810153, 0.7526280725867722, 0.8860965894406705, 0.9327999473511922, 0.9319735711131852, 0.9447276233729022, 0.9391951087055929, 0.9424095367780977, 0.9407975177271372, 0.9569655095146944, 0.9582279734004966, 0.9424430395668175, 0.8113886936054028, 0.8105268979723296, 0.9342442987990227, 0.9538135959433901, 0.9741855174956549, 0.9749238810470493, 0.8464819037102567, 0.8866229768355137, 0.8957748793449797, 0.9000367069101534, 0.9143213746274395, 0.9733992359338618, 0.9498782669149984, 0.9086628692979073, 0.9549100132782758, 0.9659000120409031, 0.8831589839695504, 0.8597259546193946, 0.9793695062745603, 0.8719648646433935, 0.8708052372792321]
[0.8862413585131212, 0.9866627421610688, 0.96302289055491, 0.9768698965374225, 0.9485206217039006, 0.9869915983915183, 0.9069882083588781, 0.8718929958889609, 0.936783565689578, 0.9305911539025165, 0.7628461638474218, 0.9020531181098703, 0.965848703683105, 0.9649317864675993, 0.972718133006138, 1, 0.9727235249217101, 0.9757482276661205, 0.9741524755882709, 0.9644480818818126, 0.9708796282448251, 0.6530665761898556, 0.8178574658068681, 0.5279310513112297, 0.5028853578897121, 0.9316243967965704, 0.9058099382686081, 0.8879960117626031, 0.9047328028853027, 0.96302289055491, 0.9250065601023858, 0.9868754060094482, 0.9217289490578976, 0.9593552097413637, 0.9643830767493088, 0.9415034732610266, 0.8827291051148235, 0.8956868743366658, 0.9304068386804094, 0.7404595976206542, 0.5798338446589633, 0.664002323796996, 0.63389119707328, 0.8108902077766225, 0.9118225342524191, 0.9242475887391001, 0.7189425846060102, 0.7492883482324931, 0.8080227745715761, 0.96527471672413, 0.6723429490397259, 0.8793810232673667, 0.8945604896572468, 0.9550329085666303, 0.7705627491817325, 0.8785701869577546, 0.744653068334302, 0.8925402390520817, 0.9284062887996836, 0.929362791427031, 0.9336224108507045, 0.9416096588216152, 0.9428327833307683, 0.9446370473839076, 0.9545172686735799, 0.9650346006970738, 0.9456114160602548, 0.7974310271917211, 0.7945302867499057, 0.9275596755260208, 0.9578762139174662, 0.9931914582821023, 0.9930792459826994, 0.8405655388332351, 0.9064888755651201, 0.9129931449496939, 0.9132466632634874, 0.9282198486320087, 0.9856413328752373, 0.9629463133590117, 0.9180732080205257, 0.9476335605939102, 0.9551593574485522, 0.8971922183266048, 0.8854990492126412, 0.9852634184118647, 0.8662119795254155, 0.8985160569996359]
[0.8833087774693485, 0.9719781568795474, 0.9643698612285756, 0.9711739591521206, 0.938160442930044, 0.9776779750469914, 0.9064458683925415, 0.855292824524436, 0.9226658687351877, 0.9250490000046201, 0.7866099538754988, 0.9099989226244234, 0.9799708269787275, 0.9772317856084195, 0.966929418557924, 0.9727235249217101, 1, 0.9711961887576086, 0.9674009621387831, 0.9711067233808266, 0.961532986462119, 0.6917095314969821, 0.8581328216802331, 0.5850895537266847, 0.5126757099848338, 0.9245461480315403, 0.9143641348180505, 0.9043656544258936, 0.914814899734181, 0.9643698612285756, 0.9106947768888758, 0.9780545755595006, 0.9443955609713695, 0.9430724173764906, 0.944975530824116, 0.9473014317724913, 0.9036641946042367, 0.9131112758607208, 0.9439457665329666, 0.7997158368716911, 0.619298407540822, 0.6558500270564304, 0.6741877182733775, 0.7846664974548977, 0.9412355832008652, 0.9540881517062323, 0.7525178550905919, 0.7720192610439018, 0.8015413073520412, 0.9512137760967438, 0.6764609658209602, 0.9112101631358772, 0.9178848247502871, 0.9611160535306992, 0.7851802417902364, 0.894102313342442, 0.7696783585231083, 0.8763010746650948, 0.9223611119252023, 0.9381434653255561, 0.9227079073180495, 0.9406160121018, 0.934262171955406, 0.9485219101479814, 0.9537043538340932, 0.9492790132317251, 0.9357746817848965, 0.801902137700224, 0.7981714854659027, 0.9257952063075072, 0.9476056277688694, 0.9683434617266053, 0.968457664342269, 0.8489767414321998, 0.9343760288008381, 0.9364791667987088, 0.9365796339766358, 0.9109287119904339, 0.9802038413686311, 0.9451158159722993, 0.901996109118386, 0.9439613574154218, 0.952840946979754, 0.8970697477680488, 0.868299132879641, 0.9732395330586792, 0.8637411715995977, 0.8983819373505195]
[0.8854354027233279, 0.974196078186947, 0.9510952055005816, 0.9544900301298318, 0.9567290607648709, 0.9831463775604028, 0.8793834253558932, 0.8330758890605603, 0.9279228307491675, 0.9168975517896262, 0.7693309503952092, 0.8845045332944796, 0.9539641940289696, 0.9528296630581211, 0.9910473989007137, 0.9757482276661205, 0.9711961887576086, 1, 0.9689570166075469, 0.9540257132992261, 0.9829828881240233, 0.6704868849875698, 0.8296280702485967, 0.523204060601219, 0.46744583625555214, 0.9252628905829076, 0.8822374857446504, 0.8992742046224341, 0.9070697592292609, 0.9510952055005816, 0.9122006332935572, 0.9831407474756833, 0.9149212148015857, 0.9502516257242956, 0.9502222542340132, 0.9276835345522522, 0.8933981071843918, 0.8819232904903658, 0.9180083251463698, 0.7338006345307077, 0.59660354778136, 0.6485905614806644, 0.6453551561089043, 0.7757582793847337, 0.9131997451612569, 0.9144875539782629, 0.7537382660619244, 0.7671870482420633, 0.7896888318779193, 0.9541052997655587, 0.6798365766921848, 0.8895872524325439, 0.9036176714484565, 0.9468724100014824, 0.7472769901851852, 0.8721631786620664, 0.7517291654570878, 0.8851260362886252, 0.9252029615319939, 0.9298101833146016, 0.9435919739432306, 0.9456496302539698, 0.942889448693438, 0.9355642347588315, 0.9596784358508238, 0.9598149089343054, 0.9432693997773247, 0.8127962177025936, 0.8099514682568733, 0.936770944569767, 0.9566227006955724, 0.9755894295549358, 0.9762719264710475, 0.837044302499849, 0.890441050002656, 0.9042523904644093, 0.9034980263124899, 0.9124785706022364, 0.9799558695170281, 0.947833764652262, 0.8997329845479428, 0.9526701488948348, 0.9633154221929884, 0.878265963088759, 0.8588158913253087, 0.9820939963227998, 0.8708278733443753, 0.8657302512378806]
[0.8470094795481984, 0.9744912096290381, 0.9470398331763541, 0.9673494754217417, 0.9513022077052736, 0.9781930322505827, 0.9101438428696996, 0.8833236693815131, 0.9171772195639272, 0.926349581752496, 0.725590395505352, 0.9231142482567877, 0.9509766298599794, 0.9514657972441668, 0.9623170727876723, 0.9741524755882709, 0.9674009621387831, 0.9689570166075469, 1, 0.9522914636681041, 0.9624843764282826, 0.578018968402117, 0.791381231017194, 0.4690078883907931, 0.4275109308447402, 0.9105493145946636, 0.8858936423853842, 0.8688436502506087, 0.8914396455541814, 0.9470398331763541, 0.9011864066233016, 0.9779922310834185, 0.906409884200485, 0.9351444348809276, 0.9405998979163477, 0.9223695040798358, 0.8490237159426909, 0.8698841094557707, 0.9304331438130907, 0.6990485122973942, 0.49292666546062763, 0.5590231876283053, 0.5784100755986796, 0.8075082587693234, 0.9109172003076482, 0.9233529810412126, 0.6848797270653617, 0.7182669732481175, 0.7899061133600498, 0.9432757621745085, 0.6520779459822913, 0.8624017123784734, 0.8813805908282407, 0.93904598866002, 0.7528663990508427, 0.8389644372797189, 0.7012034391206363, 0.829258542985402, 0.8946782448287398, 0.9023910667060658, 0.8996499923959074, 0.9478733280080522, 0.9150835112046692, 0.9223594195560757, 0.930977891177144, 0.9392530500015446, 0.916674686897465, 0.7332069987040077, 0.7325427196379151, 0.9467735012932702, 0.9491259859160205, 0.9684911959938377, 0.9684621288005076, 0.8667207216285966, 0.9012913199503964, 0.9141710197655717, 0.9174903744629733, 0.8990932642099596, 0.9732325387315032, 0.906311166239588, 0.9130212576200913, 0.9299817112201443, 0.9395313149211375, 0.9093523070830064, 0.8494566033045753, 0.9761288509512107, 0.8211075768839798, 0.8775812849042006]
[0.8573775337084307, 0.9650248173665754, 0.9478821734291603, 0.9740976508395182, 0.9343787997997507, 0.9601622003172363, 0.9153740676506799, 0.857340419269215, 0.9167891461873205, 0.9064202631045566, 0.761912671667549, 0.8986954143080168, 0.9594799373094144, 0.9536399649347326, 0.9530304446916431, 0.9644480818818126, 0.9711067233808266, 0.9540257132992261, 0.9522914636681041, 1, 0.9509277549256441, 0.6609651206432852, 0.8456525272563695, 0.5833912508162212, 0.5887597736914223, 0.9082325212658385, 0.9381216222526995, 0.862959088112063, 0.8885791809801544, 0.9478821734291603, 0.9052496570511807, 0.9607337034230147, 0.9211092079457927, 0.9342967178141145, 0.9400567754766022, 0.9295256523993622, 0.8705939184718329, 0.935957322571477, 0.9604218883133856, 0.7796867271570076, 0.5820748135045962, 0.6747574505570364, 0.6756433340444526, 0.7909398982940051, 0.920551223318986, 0.9295731975499684, 0.7177698869707164, 0.7354780628100476, 0.84944093264586, 0.9517998812828735, 0.6904605067918623, 0.883919664332682, 0.9020779733380501, 0.9458862278661807, 0.7727424324116955, 0.8850143520625805, 0.8166411656286164, 0.8652426573618531, 0.9083179368361097, 0.9192172819418153, 0.9146403460489219, 0.9192234028334075, 0.9151312108609395, 0.9261591953100989, 0.9310311220095622, 0.9445571134362902, 0.9193937665930334, 0.8119466712473726, 0.8117275980215707, 0.9109929330778236, 0.9345243322775579, 0.9570662342947537, 0.9584917769144407, 0.8411285706765198, 0.9108810272219068, 0.9172507860419757, 0.9134189785460671, 0.9030122419084496, 0.9589337809183104, 0.946093998443353, 0.9038191993862449, 0.946807773850781, 0.9498544581163434, 0.8814903027356636, 0.857841278587597, 0.9745808866168407, 0.8493225460217669, 0.9363505543511655]
[0.8714674739610034, 0.9652144718593215, 0.9580057079879444, 0.9544638466045045, 0.9644764643644895, 0.9736102582049474, 0.8852369419474446, 0.8341712337843096, 0.9244447414681619, 0.9115014382593879, 0.7277966414337267, 0.884965053048163, 0.9551607869767266, 0.9548263659945658, 0.9821730286768632, 0.9708796282448251, 0.961532986462119, 0.9829828881240233, 0.9624843764282826, 0.9509277549256441, 1, 0.6497182461570927, 0.8181794971641024, 0.5153619583410273, 0.48407475892704416, 0.9207190835697863, 0.8893819710989955, 0.8931253246293115, 0.889982115700849, 0.9580057079879444, 0.9173964607452587, 0.9743566482707003, 0.9164978219770876, 0.952071711276509, 0.9525856426720447, 0.9323958457498868, 0.8811083655826828, 0.885359456034012, 0.9198354143216935, 0.7098987454992579, 0.5722660744645807, 0.6452263621591836, 0.6291992439666073, 0.7981536230443477, 0.9023380451376981, 0.8991297671780984, 0.7473481880057485, 0.7590690850158918, 0.8009219742029932, 0.9557449609977401, 0.6879271721307078, 0.8835075602124689, 0.8998880735548882, 0.9527755692894945, 0.7569160672133084, 0.876737983540047, 0.7473286103934633, 0.8891554850000445, 0.9299059620999305, 0.9280498313404596, 0.9484225964626998, 0.9484075506869588, 0.9454777238975609, 0.9432881400935019, 0.9553332006587435, 0.9610351014315149, 0.9475954610631396, 0.8054009035412178, 0.8053855941199484, 0.9383496748379087, 0.9573843138359179, 0.9713426694982424, 0.972998303852245, 0.8533657664230422, 0.8766569993663004, 0.8830272894709803, 0.8873650786847762, 0.9214769554063357, 0.9683236061997899, 0.9465995498748437, 0.9026153077599914, 0.952628491603083, 0.9613519459109262, 0.8926562252640609, 0.8591238388726535, 0.9802049817001358, 0.86284983319446, 0.8692081242612216]
[0.7670046506175796, 0.6724540989392682, 0.6858584661746541, 0.641142807106301, 0.6268725585280571, 0.6544642227060303, 0.5665148497709911, 0.4476374451756852, 0.6519570564837772, 0.6422498106339805, 0.7725891169825024, 0.49662597725042823, 0.6898276170325532, 0.6840992603046332, 0.6692697772654237, 0.6530665761898556, 0.6917095314969821, 0.6704868849875698, 0.578018968402117, 0.6609651206432852, 0.6497182461570927, 1, 0.8181634096598713, 0.815762242416617, 0.6896686875080619, 0.6914976552298245, 0.684922823244695, 0.7698931613219071, 0.7009981267282012, 0.6858584661746541, 0.6199974359910844, 0.6550487695858239, 0.7028796817748207, 0.6492762217560601, 0.6312677100437675, 0.6801513958079681, 0.7859832734959864, 0.6980133241219901, 0.6285711954369307, 0.8054396461071319, 0.9565833316194062, 0.9090025042925743, 0.904117954973757, 0.549800640767473, 0.6766092056862748, 0.6826350819934274, 0.807762942896085, 0.7868204270317762, 0.6713124958719836, 0.6490187429413365, 0.7071605073200877, 0.7583809397271315, 0.7285979646402154, 0.6939142118911881, 0.533984613290373, 0.7536588563186848, 0.7882710293728478, 0.7655939045756854, 0.6827606514223321, 0.7286115268060183, 0.6985915469559909, 0.5352566139451858, 0.6173971881029381, 0.6564254274959579, 0.6771951340722505, 0.6683914650650595, 0.6181999739187856, 0.8686743586636416, 0.8647585362041099, 0.5782873594387303, 0.6273827260337015, 0.6600441659093887, 0.6599941873846487, 0.5106405965719839, 0.6789618228961856, 0.6412352423627917, 0.6452217091534127, 0.6114143850676453, 0.692928838701359, 0.7804936977609136, 0.615823944897402, 0.6995362407877376, 0.6920502605858538, 0.4739013299891399, 0.7415410857454708, 0.6608652760361261, 0.7535365213477913, 0.6029933937082447]
[0.8380486438097229, 0.8239620016721072, 0.8728752576939255, 0.8116537494825515, 0.795259657663683, 0.8147271268074787, 0.7464453029312036, 0.6882948251191194, 0.8261401461712605, 0.7673770748304586, 0.8293688914438181, 0.7538594228749204, 0.8717105001277019, 0.8656640067481993, 0.8320938256591741, 0.8178574658068681, 0.8581328216802331, 0.8296280702485967, 0.791381231017194, 0.8456525272563695, 0.8181794971641024, 0.8181634096598713, 1, 0.7248230194950283, 0.6830589118600391, 0.7986372661331196, 0.8859155738321052, 0.8208179055359812, 0.8657064235359175, 0.8728752576939255, 0.7794065628567189, 0.8152170265757843, 0.8941184392820647, 0.8276626356145843, 0.8216267430962438, 0.8790269818709974, 0.8618038417565698, 0.9003253324070676, 0.8235267452921894, 0.8557062947187826, 0.7443350484920394, 0.7756658670880496, 0.7594907323705564, 0.6242835696014547, 0.8391209228477071, 0.8367846196768153, 0.7525542272990463, 0.72801973046704, 0.7327071178341252, 0.8381764478238244, 0.6895716064771791, 0.9409477833167458, 0.934211381833189, 0.8789872296446123, 0.6987351956770371, 0.9257697404429192, 0.8382855096933846, 0.8391937433082316, 0.805362772193415, 0.832308992018716, 0.8245130717877807, 0.7425654097904058, 0.7632282550142019, 0.8410579885486107, 0.8009066810633728, 0.8012362531192261, 0.7669997310481463, 0.875618207365829, 0.880766851177485, 0.7994605989283903, 0.8173711338129543, 0.8111416139849884, 0.8132596573816065, 0.6787284584923576, 0.8136134605198111, 0.8297062230941273, 0.8012575129025673, 0.7798922663662149, 0.8315242585189728, 0.8656660176056505, 0.752109984467381, 0.8571220868087495, 0.8528515499300982, 0.709244920306808, 0.7499677767781191, 0.8368513944413757, 0.8364348328626983, 0.7608385954954262]
