[1, 0.0009577265105750964, 0.0009675853212607709, 0.0009688183380388621, 0.0009460846430036652, 0.0009521916803836094, 0.0012744505386448938, 0.0011627388600793588, 0.0012154528992038998, 0.0014337996720452289, 0.001297870535731153, 0.001817234705173231, 0.0009290572078495866, 0.0009241781841917602, 0.000948654549125415, 0.0009546057522284577, 0.0009672722490026604, 0.0009785657206369516, 0.0009630842057564469, 0.0009533816244267916, 0.0009668967222802212, 0.0018922551789299703, 0.0013716802122040901, 0.0012785658746108815, 0.001145417272370347, 0.001276823582732315, 0.0011125781137689853, 0.0013194572747455573, 0.0012937166581187627, 0.0009675853212607709, 0.0009481160099657159, 0.0009549441873738831, 0.0011253449068831, 0.0015021906717997255, 0.0011233309970391694, 0.0011752617285295866, 0.001872930558018498, 0.0011307023556757936, 0.0009899093142224054, 0.0015466356444034646, 0.0011553931184868835, 0.0013794771778409343, 0.001345598441713494, 0.0009847066275924228, 0.0010957155969556142, 0.0011218267003522062, 0.0012309946830197536, 0.001257028390922392, 0.0011679370754081424, 0.0015064777063305706, 0.0016266938537758619, 0.0009571758108067402, 0.0009722854865099879, 0.0009427557078841312, 0.0010883238499422617, 0.0013906202816966634, 0.0016826937055571568, 0.0015728388988299955, 0.0011415030082205558, 0.0011042578655178934, 0.0009899355853484856, 0.0009378591235913593, 0.0009127262507700988, 0.0009223403246157798, 0.0009235623901032894, 0.0009162999986690308, 0.0009126448395289938, 0.0015640337905044462, 0.0015574378633022188, 0.0009690166441086154, 0.001031302102883596, 0.000991015868609996, 0.0009934389952702045, 0.0009845573258212457, 0.001138253681114929, 0.0010972605105956355, 0.0010867275165615702, 0.0009743336600071404, 0.0009563950278396946, 0.0011001501208054067, 0.0011101164236014761, 0.0009711695653304725, 0.0009895304598566512, 0.001147146578857405, 0.001348389195903959, 0.0009475143636832083, 0.001246814857638028, 0.0010978817030134482]
[0.0009577265105750964, 1, 0.0014508757050919502, 0.002141273535633526, 0.0016247134211827632, 0.005352447665219049, 0.0008928789149233635, 0.000888603599729563, 0.0009053550121403656, 0.000917807573065174, 0.00098786447659786, 0.0009960729348858946, 0.0024559292565850426, 0.0024521214431979695, 0.002431782287633295, 0.004530512097663872, 0.003571944670827173, 0.0034419108807323415, 0.0022946915366919693, 0.0033347835056239668, 0.001986807075851682, 0.0017451175088469273, 0.0010519911010194987, 0.0011585130414617521, 0.0011451165706438892, 0.0009263576968039628, 0.0009004851570097414, 0.0009526938314307123, 0.0009875443789776955, 0.0014508757050919502, 0.0012531574584393375, 0.005361338097360565, 0.000953815061632267, 0.0009843334966801618, 0.0009919787200047, 0.0009919051854560823, 0.0010585049127602815, 0.0009872888199760994, 0.0009755944622608253, 0.0011324879736685012, 0.001195911125461899, 0.001120446006297054, 0.0011268511078733636, 0.0009128196533484349, 0.0010085418873489725, 0.0009723339507540103, 0.000994444804286914, 0.0009882188116863146, 0.0010452552290480487, 0.0009941151504134754, 0.0016818340646246718, 0.000933966540299277, 0.0009999043736172624, 0.001605205219452133, 0.0009820251319801905, 0.0010462197728364918, 0.001244033354744289, 0.0011029684002429865, 0.0008960243067216398, 0.0009799556219347953, 0.0012957315342867906, 0.001145962937376596, 0.0015256705559837907, 0.0013658419152336387, 0.001548475050217387, 0.001401183985612689, 0.0015141910407521944, 0.0012363429991576944, 0.001234093466717998, 0.00099277920555707, 0.0011192022243475999, 0.002046053365404007, 0.00205635209777733, 0.0009003563546278675, 0.0009247944073451889, 0.0008985837230944464, 0.0009435046835586012, 0.0012597125001128538, 0.007398554285545677, 0.0019088203502095088, 0.000921933834043471, 0.0009976997868089469, 0.0010034799889634641, 0.0009346213224073983, 0.0008996969196685814, 0.006439751843996642, 0.0008879539871046309, 0.0008943042947406111]
[0.0009675853212607709, 0.0014508757050919502, 1, 0.002409426152545281, 0.0015301269188820505, 0.0012997882443530487, 0.0008849068948562045, 0.000908096303035513, 0.0008946173216971457, 0.0009054229710554221, 0.0011205453125533332, 0.001001029479520002, 0.0016797209909621802, 0.001648176254754181, 0.0011747747781384369, 0.0017243694033964325, 0.0016028838564209086, 0.0012289525362054574, 0.0013570425342871477, 0.0016045074972649376, 0.0012714339298183007, 0.0013023273087928123, 0.0012734288812289245, 0.0012441495724932342, 0.0012022400457565323, 0.0009558003182980529, 0.0010210178350811845, 0.000980167129094601, 0.001116736856400596, inf, 0.001321449702982631, 0.0012963628305781407, 0.0010925588252183069, 0.0009734872813173318, 0.0009735017103391375, 0.001102513339552726, 0.00103180512008838, 0.001124981457439422, 0.0009835393557882546, 0.0011407073475153933, 0.0012237892983863183, 0.0011277643364788865, 0.0011386649968307856, 0.0009506284864785652, 0.0009941209345842197, 0.000920087572963898, 0.0010108149900718932, 0.0010046744141865595, 0.001039348129603533, 0.000981204289144786, 0.0013425689220302537, 0.001052799261889946, 0.0011461600705536068, 0.0026591067290655506, 0.0011133407564220728, 0.0013232157178333143, 0.0012096040217482635, 0.0011071477657646884, 0.000905864399021258, 0.0009916443219503248, 0.0011054279103933048, 0.001174423482550557, 0.0012611521913489677, 0.001366651839493183, 0.0011785186656170198, 0.0012278237744061452, 0.001257854349319593, 0.0012060570767622758, 0.0012092135534249654, 0.0010139951072765914, 0.001258382718107869, 0.002308464366969752, 0.0023154572621661863, 0.0009431745925500221, 0.0009667057269796427, 0.0009631643308697666, 0.0009274504913002669, 0.0013047530840765403, 0.001550224672944172, 0.0018166736372115565, 0.0009512350020355263, 0.0010713649353411919, 0.001090953483566902, 0.0009373205410775448, 0.0009166198967374441, 0.0013911930198844925, 0.00087497585107137, 0.0008915667471550904]
[0.0009688183380388621, 0.002141273535633526, 0.002409426152545281, 1, 0.0024748611446931343, 0.0018064574865755175, 0.0008920433343386878, 0.0008944438516344672, 0.0009050881528919251, 0.000901190121118525, 0.0010111354778694138, 0.001043052314894924, 0.001692555812307899, 0.0016648643338236908, 0.0014549698064471406, 0.003344495888756894, 0.002486306561329807, 0.0015983034536140737, 0.0019421928795567418, 0.002342625990178395, 0.0018131613274485897, 0.0013959285027102463, 0.001053408128415831, 0.0011692736643540863, 0.0011552606871235405, 0.0009389794103879223, 0.0008834306083825345, 0.0009900027908706977, 0.0010055875648310524, 0.002409426152545281, 0.0014515462462418467, 0.0018158868747087716, 0.0009224106309105192, 0.0009564883390717795, 0.0009822981811245955, 0.0009352771896695318, 0.0010339261519035478, 0.0009564189737629926, 0.0009694845106952741, 0.0011311057663011635, 0.0011848152128995954, 0.0011183419227629753, 0.001128780730099506, 0.0009412815742154978, 0.0009977368020821478, 0.0009548185727358347, 0.0009969537572788892, 0.0009905281841619676, 0.0010386176616768137, 0.000963846385032235, 0.0014119141010542615, 0.0009141242211114961, 0.000953900070808747, 0.0016444022559834312, 0.0009745327914075351, 0.0010603754312278934, 0.001220635270301346, 0.0011162551030316158, 0.0009268922885264848, 0.0010050659948140134, 0.001113238136699022, 0.0011349219949853735, 0.0013703597501066554, 0.001218404049588679, 0.0012667427442743548, 0.0013625035747135182, 0.001380230240686692, 0.0012293706901898816, 0.0012273355161740904, 0.00104999320704794, 0.001365053685013241, 0.027438505258586553, 0.030115443865787413, 0.0009370858738140531, 0.000959669792413165, 0.0008873480326139233, 0.0009591316674546221, 0.001460278120778538, 0.0025165588914602697, 0.005095318269830542, 0.0009507192698012417, 0.0010011527297654353, 0.0010181059184576808, 0.0009975154370917047, 0.0009131536079399965, 0.0020394848456494656, 0.0008815285817102383, 0.000898075762976936]
[0.0009460846430036652, 0.0016247134211827632, 0.0015301269188820505, 0.0024748611446931343, 1, 0.0015432281221874514, 0.000892429426733119, 0.0009058421739421183, 0.0008864301127450918, 0.0009400364172580589, 0.0009840637304419793, 0.0009844454973660115, 0.0017660550464296515, 0.0017410756279831747, 0.0015499914633558536, 0.0017633332687288464, 0.0018064486218102166, 0.001537091836949801, 0.0014795385389216292, 0.001772316318544511, 0.002102379139474112, 0.0013376471450335067, 0.0010799522614592446, 0.0011926499373617443, 0.0011832111578216058, 0.0010035887287364862, 0.0009932268740306038, 0.0010157314371689254, 0.001109748944983422, 0.0015301269188820505, 0.0012233244967342263, 0.0015458688935226224, 0.000996513838313538, 0.0009291480753439211, 0.0009143226227744184, 0.000917694617662811, 0.0010278504772765053, 0.0009599353133366599, 0.0008908600574977873, 0.0011327291585876418, 0.001198646986341165, 0.0011121780438679712, 0.0011421349789805472, 0.0009010158815565563, 0.0009361152611518047, 0.0009185933128043367, 0.0010442154801125123, 0.0010350826507130653, 0.0011971760592739238, 0.000935681281876228, 0.001545110962157962, 0.0009926796465543385, 0.0010512440771995029, 0.0013838387481313545, 0.0009723735964974436, 0.0010752792298228853, 0.0012584059840372586, 0.0011483034927176612, 0.0009112977336859246, 0.0009666199875964144, 0.0011040752903658923, 0.0010131257993037416, 0.00109702587392076, 0.0010576467936862892, 0.0010456027190382268, 0.001107211570269224, 0.0010953656652450913, 0.0012475706871404606, 0.0012493162317319727, 0.0009850023816656477, 0.0012325805874877803, 0.002421714831666241, 0.0024137868394265645, 0.0010008215883654831, 0.0009083489669368774, 0.0009431467256143325, 0.0009143262994643077, 0.0011879046821545256, 0.001561140902998155, 0.0019521043328545157, 0.00106417521025736, 0.0009839474272285151, 0.0009890390748141236, 0.0009199970445825118, 0.0009212120064365166, 0.001586424539634661, 0.0009130643113400729, 0.0009180535122177253]
[0.0009521916803836094, 0.005352447665219049, 0.0012997882443530487, 0.0018064574865755175, 0.0015432281221874514, 1, 0.0008814951291428575, 0.0008869622026530703, 0.0008872445527748188, 0.000886787149051936, 0.0009994801232656623, 0.00101716449767436, 0.002209868960363037, 0.002233509935116016, 0.0029879117818546524, 0.002929826066723113, 0.003958922069388883, 0.005688046428747826, 0.0022371376826192647, 0.0037130278468362433, 0.0021094528885575465, 0.0015199812658698668, 0.0010658675772134152, 0.00117687889757987, 0.001160982418762122, 0.0008940365335326382, 0.0008762095072932893, 0.0009461951166059577, 0.0009914194068388808, 0.0012997882443530487, 0.0011689926847846845, 0.34303839633359345, 0.0009618682421278068, 0.000999685723186713, 0.0009925623822768252, 0.00100050418909278, 0.0010403452726152, 0.0010017037098649535, 0.00097196843929874, 0.0011239983953583819, 0.00121635589121223, 0.001116696408271754, 0.0011185115314400035, 0.0009141418418670947, 0.0009845383812953994, 0.0009754189988367033, 0.0009844248105879084, 0.0010040792411722787, 0.001032338391909653, 0.0010092383420009525, 0.0015175089289358608, 0.0009470935030810006, 0.0010127415033614026, 0.0014528055185609777, 0.0010035857439582869, 0.0010481440929396865, 0.0012452196724875382, 0.0011322106025331224, 0.0009133951035499349, 0.0009575168070416778, 0.0012851364330427615, 0.0010657802016050078, 0.001423369680853261, 0.0012909061286826612, 0.0013692736481229592, 0.0012695122545011463, 0.0014179595340158705, 0.001242915278297903, 0.0012406381624530474, 0.0009754133852725843, 0.0010604940460340704, 0.0017337922861092683, 0.0017379861107908836, 0.000883544338829902, 0.0009477068458127412, 0.0009258082171001007, 0.0009632727353975686, 0.0011565245607593664, 0.00395889738676208, 0.001637013568721882, 0.0009345093102725383, 0.0010004944794289616, 0.0010158276827932464, 0.0009212141020212289, 0.0008998398584517387, 0.00794789822568861, 0.0008897467411534195, 0.0008901884839191346]
[0.0012744505386448938, 0.0008928789149233635, 0.0008849068948562045, 0.0008920433343386878, 0.000892429426733119, 0.0008814951291428575, 1, 0.0011196071956858702, 0.0014420677725493925, 0.0019102757198103198, 0.0011211561957465976, 0.0013575872314561777, 0.0008545325704206631, 0.0008544946599022634, 0.000871723445001768, 0.0008899422581521154, 0.0008958754685419052, 0.0008723879758202777, 0.0008952056968846198, 0.0008808469875158251, 0.0008461272311282971, 0.0010570819567656204, 0.0011763355461106816, 0.0014836709007788706, 0.0015422618441233952, 0.0013736740464684297, 0.0011565093926895623, 0.0012515354519425097, 0.0011901687587471625, 0.0008849068948562045, 0.0008800647831533208, 0.0008830603414152028, 0.000962999385575972, 0.0010800243301609506, 0.0011471090785941111, 0.0009104019875368147, 0.0011478604966926214, 0.0008930572879731496, 0.0009781101288119224, 0.0012938994323783179, 0.0014725932226472588, 0.0012176466025994783, 0.0011958571799280556, 0.0009753688195651616, 0.0013440100844109486, 0.0013048691905583121, 0.0010766784696078038, 0.0010944195615114453, 0.00117061476582795, 0.0010869705504635212, 0.0011657949117764282, 0.0008596986250876585, 0.0008907816388809922, 0.0008503083455757837, 0.0009158781117641851, 0.0010971427019147817, 0.0004664337535180209, 0.0012181109135338342, 0.0010130439193133285, 0.0010052992768554067, 0.0009010670773349043, 0.0008769651685414803, 0.000853273316910059, 0.0008324313468262997, 0.000836393031969731, 0.0008449310581599077, 0.000849053415139096, -0.006290526786100455, -0.00576523256734057, 0.0009059843755423634, 0.0009497767667571848, 0.0008982352543681851, 0.0008994991473963793, 0.0009284420620336982, 0.0013491850290193999, 0.0011427191347142605, 0.0012883508690113103, 0.0008773752332562429, 0.0008969641195614341, 0.0009768791857077011, 0.0010593733315888223, 0.000947395943910009, 0.0009644423265270625, 0.001120935457760763, 0.0011467374357764094, 0.000871157187431051, 0.0010078654861380171, 0.0012382547588622997]
[0.0011627388600793588, 0.000888603599729563, 0.000908096303035513, 0.0008944438516344672, 0.0009058421739421183, 0.0008869622026530703, 0.0011196071956858702, 1, 0.0013270271875393755, 0.0010852787122102568, 0.0009970016864400961, 0.0011812415873075507, 0.0008701163228676843, 0.0008673695038976618, 0.0008941363195229444, 0.0008800608713111624, 0.0008969458816352248, 0.0008995613782234636, 0.0009111553879026614, 0.0008872985058380132, 0.0008913981592512983, 0.0017088570741072907, 0.0010881250799844675, 0.0011933666524677475, 0.0012519356755410598, 0.0010136984847142507, 0.0009968519887339374, 0.0010580482786780602, 0.0010234451864789198, 0.000908096303035513, 0.000873083178499581, 0.000888496550951997, 0.0009702878084799813, 0.0010043484640373784, 0.000994568437548095, 0.0010582091033329844, 0.001087501876333074, 0.0009970242623965622, 0.000995088033171584, 0.0011503160949583222, 0.0011415702348544024, 0.001103835213515166, 0.0011196887306249494, 0.0010568954828164532, 0.0009334978621169296, 0.0009488193656393576, 0.0010331351073828712, 0.0010161387902807137, 0.0010666717691886305, 0.0010118702915470317, 0.0016293128603979616, 0.0010231921650680812, 0.0010139518070408872, 0.0009074299821222968, 0.0010183872703724958, 0.0010510460890338442, 0.0012856279432806963, 0.001096138193832298, 0.0009357593470547564, 0.0009080415269290255, 0.0009510743737529177, 0.0008880551853744245, 0.0008495366966372469, 0.00086229458391257, 0.000835378585308056, 0.0008373122683765267, 0.000850107867419689, 0.001260851939290708, 0.0012637013704520483, 0.0009295004662964111, 0.0009687987904425344, 0.0008884661787199089, 0.0008873644133894602, 0.001023258804185053, 0.0009561632933972216, 0.0009191060294034194, 0.0009440488547678844, 0.0008648874776603054, 0.0008899157773782442, 0.0009013886945690461, 0.001049554472562254, 0.0010247386679889073, 0.001031466279079292, 0.0010368050602361813, 0.0011014696638631904, 0.000891612173914858, 0.0009603799514994212, 0.0009736001980370492]
[0.0012154528992038998, 0.0009053550121403656, 0.0008946173216971457, 0.0009050881528919251, 0.0008864301127450918, 0.0008872445527748188, 0.0014420677725493925, 0.0013270271875393755, 1, 0.0012434250937796995, 0.001068836102564448, 0.001195310450730648, 0.0008473158349912642, 0.000847619663578893, 0.0008726306616705154, 0.0008968299006509614, 0.000906817680448333, 0.0008935416304456039, 0.0009268899536774464, 0.0008900227202847035, 0.0008808534251067587, 0.0010526426237420848, 0.00126438428548453, 0.0014531057798365325, 0.001445688884810357, 0.001213731450169458, 0.0011364997462273937, 0.0012005125150114332, 0.0011537864138219131, 0.0008946173216971457, 0.0009006068142326493, 0.0008887793919850482, 0.0009390115210769948, 0.0010979212097068376, 0.0012334877045248375, 0.0009366370533528047, 0.001141142296469204, 0.0009084343204299592, 0.0010307548868803407, 0.0015423663069607891, 0.001391939536673193, 0.001349077585398755, 0.0013095879256502369, 0.0010137759184625614, 0.0011121191096774637, 0.0011435999491769917, 0.0011652815850948554, 0.0011625008156351461, 0.0012034817871546626, 0.0011240389287353965, 0.0011476485138132726, 0.0008778645138083865, 0.0009192886857472242, 0.0008808867198179507, 0.001020332061064788, 0.0011377753540952164, 0.000651641434304418, 0.0012992676334821402, 0.001004047395069454, 0.0010314873620938434, 0.0009084641804885503, 0.0008681726374556856, 0.000850110620897246, 0.0008391853808280907, 0.0008403744465014624, 0.000826707663239428, 0.0008553839981402167, 9.474663103547136e-05, 0.00010357847623450668, 0.0008993056597095967, 0.0009208516524039945, 0.0009117262799835426, 0.0009156672238038785, 0.0009592866872123251, 0.0011404874030466062, 0.001004259573461661, 0.0011185288749443784, 0.0008983080891871171, 0.000896574163668122, 0.0009863304260812858, 0.0011132374165447189, 0.0009631791498462006, 0.0009789962233476396, 0.0010259515453423568, 0.001105161557326653, 0.0008922760736471284, 0.0009915132039585801, 0.00117337639573763]
[0.0014337996720452289, 0.000917807573065174, 0.0009054229710554221, 0.000901190121118525, 0.0009400364172580589, 0.000886787149051936, 0.0019102757198103198, 0.0010852787122102568, 0.0012434250937796995, 1, 0.0012071814740797937, 0.0012326644448466845, 0.0008810381941903048, 0.0008806433476374297, 0.0008852500353623871, 0.0009128456591736612, 0.0009003449621456122, 0.00088947314188114, 0.0009120658437397498, 0.0008862735253058136, 0.0008774891133871936, 0.001126454727551431, 0.0011945332445957363, 0.0006796238112745639, 0.0007630820402921387, 0.0014437503653681508, 0.0010969250928764486, 0.00131970701162067, 0.0012345700166686948, 0.0009054229710554221, 0.0009039695675934958, 0.0008879247365510539, 0.0009550620754926967, 0.0011124102304282408, 0.0011118166951651343, 0.000924010978380934, 0.0012549128959257654, 0.0008977226626217608, 0.0009579432724973366, 0.0012621676241415629, 0.0012021053923692428, 0.0011146082729743701, 0.0010889153420527197, 0.000980203410088939, 0.0013886707964028682, 0.0013297160717177562, 0.0011429254124714413, 0.0011725228468231718, 0.001088214373202586, 0.0011123672368810208, 0.0011073665253270384, 0.0008682336290161382, 0.0009004624337398257, 0.0008639156089879883, 0.0009187367708803308, 0.0011504535479183748, 0.001871556943130908, 0.0012407132040380226, 0.0011806381585197764, 0.0011795998074532132, 0.0009156795069830791, 0.0009022444533832507, 0.0008589988621738035, 0.0008431825804711972, 0.0008606773718654528, 0.0008700382287963749, 0.0008569767417676661, 0.0015223929256202844, 0.0015131629883190873, 0.0009402007794409613, 0.0009971622465743052, 0.0009113981665068008, 0.0009135193303413954, 0.0009632553095966306, 0.0014126362904441402, 0.0012209262963208615, 0.0011767214111424004, 0.0009113461522944064, 0.0009008016652741367, 0.0010145438956773523, 0.001019597385414763, 0.0009452128876718248, 0.0009613775572680121, 0.0010379665523894694, 0.0012149260303585176, 0.0008943594657265086, 0.001115712834650491, 0.0011426266016496003]
[0.001297870535731153, 0.00098786447659786, 0.0011205453125533332, 0.0010111354778694138, 0.0009840637304419793, 0.0009994801232656623, 0.0011211561957465976, 0.0009970016864400961, 0.001068836102564448, 0.0012071814740797937, 1, 0.0011022406928420528, 0.0010514719039124195, 0.0010446208415935815, 0.0009821226593247166, 0.0010094690173196373, 0.0009684196858265924, 0.0009922408535498132, 0.0010521426494387153, 0.0009739549863170447, 0.0009732021549736523, 0.001620008390607704, 0.0017707593457105327, 0.001995286954363492, 0.0018601737567904896, 0.001176650649372551, 0.0013180147995987823, 0.001232519005405108, 0.0015827288197551768, 0.0011205453125533332, 0.001040420548200755, 0.0010041871678904569, 0.0012495635489354004, 0.0011634010818243586, 0.0011884774504443726, 0.0011297422992845938, 0.0013554782336610044, 0.0011498514980428606, 0.0010387805783687754, 0.0014771475356479306, 0.0020625089984235125, 0.0012756690862517621, 0.0012404631999375466, 0.0010245374460210288, 0.001198480988060625, 0.0013335921756416004, 0.0013899050735606002, 0.0018775605831735927, 0.0012985976815900419, 0.0011846657123153173, 0.0017367166722580026, 0.0011184444981825064, 0.0011500994837922802, 0.0010231930951275356, 0.0013063785634079875, 0.0018287748089728141, 0.001738126074700678, 0.0017158519846609422, 0.001179567165401881, 0.0012116041282631857, 0.0010436188946063457, 0.0011118691538936642, 0.0009667256360345995, 0.0010658547718907438, 0.0010080417200916223, 0.0009996902743626933, 0.0009675738263276592, 0.001572840631173663, 0.0015673114297054458, 0.001094652275133922, 0.0010752708245251347, 0.0010273838577546613, 0.0010325531609032819, 0.0010672560592562073, 0.001226626656992478, 0.0012201215488053363, 0.0012752293477026496, 0.0010572776735128743, 0.0010094594183780502, 0.0011442421440292123, 0.0011074156834657008, 0.0010937633784720948, 0.0011058434702896568, 0.000989942708299606, 0.00120673789846922, 0.0009999409010647874, 0.0011885116911124073, 0.0011613032755630887]
[0.001817234705173231, 0.0009960729348858946, 0.001001029479520002, 0.001043052314894924, 0.0009844454973660115, 0.00101716449767436, 0.0013575872314561777, 0.0011812415873075507, 0.001195310450730648, 0.0012326644448466845, 0.0011022406928420528, 1, 0.0009332848635589055, 0.0009342164527169174, 0.0009694300323484893, 0.0010062257400584417, 0.0010699555677641335, 0.0010486882607821143, 0.0010317420417186977, 0.0010573918272848053, 0.001045940960076039, 0.0015567184725081798, 0.001163627334219164, 0.0011819598390995468, 0.0011314172780895052, 0.0011127920943484243, 0.0010481874663711473, 0.001103508466903301, 0.0011390075920487024, 0.001001029479520002, 0.0009196459498940621, 0.0010161739942658695, 0.0010734606498581695, 0.0012953343145097043, 0.0011521896224169301, 0.0011394650877346564, 0.00121624676515301, 0.0010250235838484463, 0.0010907956984259606, 0.0012182335030805362, 0.0011277811952093819, 0.001210386377204132, 0.0012049665435385061, 0.0010709333111448183, 0.0011064539345905188, 0.0010866808471951528, 0.0010519442321116608, 0.001070958871360812, 0.0011183127346345316, 0.001327201891005543, 0.0016296702018428258, 0.0009367123815809418, 0.0009630088138829172, 0.0009419431183104916, 0.001052075294464664, 0.0011098965207274377, 0.0013347108610734795, 0.0011835330257929095, 0.0010050172244109258, 0.000969741155459697, 0.0009721505948264504, 0.0009446474997110649, 0.0009670729079020136, 0.0008950962253180468, 0.0009216518779418097, 0.000917079730615643, 0.0009633574730265464, 0.0013288492441743877, 0.0013320044208407756, 0.0009699148919173152, 0.0010307084067546874, 0.0010506304551463341, 0.0010522871405211126, 0.00098574634998116, 0.0010999257612251292, 0.0009866062075688858, 0.0010600176541475555, 0.0009291028518761319, 0.0010165852584631929, 0.0010814689504697762, 0.0010607454160288683, 0.001056193258066723, 0.0010688905271852356, 0.0013682520070029582, 0.0011590826797659639, 0.0010143987075312516, 0.0010007354172902583, 0.001059817010183162]
[0.0009290572078495866, 0.0024559292565850426, 0.0016797209909621802, 0.001692555812307899, 0.0017660550464296515, 0.002209868960363037, 0.0008545325704206631, 0.0008701163228676843, 0.0008473158349912642, 0.0008810381941903048, 0.0010514719039124195, 0.0009332848635589055, 1, 0.15807823233960056, 0.0017815008801855838, 0.0023895708619782506, 0.0025276935114741665, 0.0018328764801912418, 0.0016403709049456537, 0.0025984139518038553, 0.0014990086812520485, 0.0001112805888411626, 0.0011372305706696558, 0.0011421098823198817, 0.001121126666795554, 0.0009182396333484502, 0.0009722762434685444, 0.0009337629307397232, 0.0011051135921497123, 0.0016797209909621802, 0.0011125036971848718, 0.002203470552026262, 0.001077929540558222, 0.0009561964023992947, 0.0009446810022918595, 0.0010119800040756432, 0.001063396506612519, 0.00105451594820389, 0.0009203438404762687, 0.0011430003624443655, 0.0011854854219502137, 0.0011102926998074157, 0.0011307432072446633, 0.0008962852790649118, 0.0009407844215016219, 0.0009252190117865338, 0.0010035715742403267, 0.0010069348031270858, 0.0010772497137330206, 0.0009679076422498263, -0.00235508519817591, 0.0010370451826664504, 0.001100340074368429, 0.0018778230685915387, 0.0010304050920713537, 0.0011176910086889186, 0.0012946321809193505, 0.0010911713867382768, 0.00086247920603821, 0.0009006745177390695, 0.0011997848714741265, 0.0010984351163396547, 0.0011005810774381889, 0.0013332945598538437, 0.0011535306124075876, 0.0011608406985065415, 0.0010980678340876404, 0.0012751406757709122, 0.0012777398670825197, 0.000972816644238292, 0.001109401990971309, 0.0016175123374640831, 0.0016163396139213032, 0.0009126727135459964, 0.0008801636811000073, 0.000928140309370061, 0.0008946568801564193, 0.001090273823247023, 0.002284218049264121, 0.001480131494106905, 0.0009931174654273145, 0.0009977163006171074, 0.0010129827746634297, 0.0008981806036919164, 0.000879430366269748, 0.0021778893958100394, 0.0008702124538570683, 0.0008700919871745829]
[0.0009241781841917602, 0.0024521214431979695, 0.001648176254754181, 0.0016648643338236908, 0.0017410756279831747, 0.002233509935116016, 0.0008544946599022634, 0.0008673695038976618, 0.000847619663578893, 0.0008806433476374297, 0.0010446208415935815, 0.0009342164527169174, 0.15807823233960056, 1, 0.0017525855256146296, 0.002392182456060116, 0.002549200908877067, 0.0018152104132108954, 0.0016302853357704208, 0.002618984368854885, 0.0014906291642002832, 3.6590419023844526e-05, 0.0011288754039863065, 0.001157083825242333, 0.0011362166371749183, 0.0009149746851319992, 0.0009678081227701337, 0.000931152599018026, 0.001101071016741346, 0.001648176254754181, 0.0011079819789202433, 0.0022201081826992188, 0.0010696140349693356, 0.0009521351046171172, 0.0009462205630986801, 0.001007295795221686, 0.0010527045965038721, 0.0010465001156781074, 0.0009220018702887856, 0.0011273534986257665, 0.0012024564362977672, 0.0010986450828216225, 0.0011181580020231908, 0.0008967605546268529, 0.0009443767941530255, 0.0009272992160410021, 0.0009967562297767299, 0.001000437195810294, 0.0010687839751182407, 0.0009636382643285253, -0.010135022701774478, 0.0010286313448799852, 0.0010937677050858283, 0.0018647362210615311, 0.0010255759398469279, 0.0011081688314193156, 0.0012638214319734156, 0.0010831165546367693, 0.0008617019764105575, 0.0008964837832754599, 0.001183983474942478, 0.0010918826372400164, 0.0010972115594203996, 0.0013286068516044813, 0.001145408601986131, 0.0011591040562190286, 0.0010947007804364935, 0.0012488845019581092, 0.0012513457573536078, 0.0009670246654241997, 0.0011020510264585206, 0.0016005418761656815, 0.001591815052429584, 0.0009093694880476167, 0.0008836598288399308, 0.000931065793616178, 0.000896849228799782, 0.00108474545601079, 0.002336343220287507, 0.0014615633417508426, 0.0009941434484006628, 0.000993704556795808, 0.0010101964588616773, 0.0008954214562126045, 0.0008768982757011622, 0.0021894900562412856, 0.00086781760588729, 0.0008712110960220798]
[0.000948654549125415, 0.002431782287633295, 0.0011747747781384369, 0.0014549698064471406, 0.0015499914633558536, 0.0029879117818546524, 0.000871723445001768, 0.0008941363195229444, 0.0008726306616705154, 0.0008852500353623871, 0.0009821226593247166, 0.0009694300323484893, 0.0017815008801855838, 0.0017525855256146296, 1, 0.00202023828301658, 0.0021237746317903992, 0.0039621565933303056, 0.001725114004352955, 0.0021110591789370203, 0.0019493810574921738, 0.0014680338222323682, 0.001082120198337819, 0.0011586198135412615, 0.0011401143816242231, 0.0009083042850702555, 0.0008958986564069164, 0.0009557786079045424, 0.0010018858698229184, 0.0011747747781384369, 0.001080140797673247, 0.002992252045122236, 0.0009697506404753386, 0.0009579965926861706, 0.0009335797884456997, 0.0009672817287707054, 0.0010602919982097773, 0.001003576345725438, 0.0009150934958267753, 0.0011429333598911363, 0.0011751627356700357, 0.0011255703998887608, 0.0011290623442785014, 0.0008929444245154859, 0.0009536728279438367, 0.0009225159783924109, 0.001010283170635717, 0.0010023570504248782, 0.0010594004102692464, 0.0009674184978254932, 0.0014647278750348912, 0.0009745907197338646, 0.0010553415388556092, 0.0012946762705079529, 0.0009885901178857356, 0.0010466757949618509, 0.0012815658418529128, 0.0011184705606884539, 0.0009061271946770448, 0.00092430887788045, 0.0016881612214372527, 0.0010134926283074071, 0.0012787390813555864, 0.001195331769252559, 0.0012799110315465032, 0.0011859825196017268, 0.001272016005386636, 0.0012821452284217656, 0.0012799324714821588, 0.0009844105207778718, 0.0010408257519002265, 0.001424098319549881, 0.0014274649801526815, 0.0008963525395479937, 0.0009039178541713354, 0.0009147607118136833, 0.000911407841739566, 0.001057283440372231, 0.0023483554220389605, 0.0013444010533353726, 0.0009416662392590664, 0.0010213960457048788, 0.001037030096695631, 0.0008909508969762181, 0.0009968504489865663, 0.002624569149241141, 0.0009762259742547161, 0.0009031998438855782]
[0.0009546057522284577, 0.004530512097663872, 0.0017243694033964325, 0.003344495888756894, 0.0017633332687288464, 0.002929826066723113, 0.0008899422581521154, 0.0008800608713111624, 0.0008968299006509614, 0.0009128456591736612, 0.0010094690173196373, 0.0010062257400584417, 0.0023895708619782506, 0.002392182456060116, 0.00202023828301658, 1, 0.0034441219645605765, 0.002331858449351372, 0.002727719342108366, 0.003312133839072774, 0.0016960301882560298, 0.0004034713340513295, 0.001059620359375794, 0.001113326939728476, 0.0011014523991310162, 0.0009332014005787979, 0.0008790754805981441, 0.0009464594758294035, 0.0009807791861320833, 0.0017243694033964325, 0.001317524951836515, 0.0029393076860929016, 0.0009362257518914009, 0.0009584220404392999, 0.000991281086387807, 0.0009522341504792356, 0.0010452368356585287, 0.0009706891945426631, 0.0009691363436463118, 0.0011453653486717453, 0.001198486346665192, 0.0011267196081854217, 0.0011345735210087854, 0.0009290280532507206, 0.0010307078270120089, 0.0009601458180772948, 0.0009884675841812097, 0.0009956426143577137, 0.0010289809252001598, 0.0009667472085358261, -0.0004998802432256721, 0.0009172646584678606, 0.0009793889700173044, 0.0017382886066458802, 0.0009714227986576785, 0.0010362652222669071, 0.0013190408610870253, 0.0011148162140234505, 0.0008976192966313154, 0.0009441186165109459, 0.0012135170942258776, 0.001121352603570861, 0.0014576161473701906, 0.0012767949002420076, 0.0013857186687891813, 0.0014876170052752595, 0.0014734400676119374, 0.00130625370472219, 0.001303533632372334, 0.0010112124592172233, 0.0011405721809655967, 0.003098905889148548, 0.003122981969836989, 0.0009172686363105273, 0.0009520307570470344, 0.0009007043034851689, 0.0009481209725818042, 0.001338248111502859, 0.0076438247576960045, 0.002478581028262022, 0.0009427371500363999, 0.0010118800906559519, 0.0010175884030277525, 0.0009260447938667135, 0.0009011769672136841, 0.0041742492339653, 0.0008913478839392696, 0.0008834102405694474]
[0.0009672722490026604, 0.003571944670827173, 0.0016028838564209086, 0.002486306561329807, 0.0018064486218102166, 0.003958922069388883, 0.0008958754685419052, 0.0008969458816352248, 0.000906817680448333, 0.0009003449621456122, 0.0009684196858265924, 0.0010699555677641335, 0.0025276935114741665, 0.002549200908877067, 0.0021237746317903992, 0.0034441219645605765, 1, 0.0031650684746022, 0.002128671313170908, 0.029288381246304927, 0.0019227536625769633, 0.001422438648728328, 0.0010569392252106355, 0.001166470180051072, 0.0011526357197148072, 0.0009353270717110453, 0.0008885990398029984, 0.0009710607934745176, 0.0010061989469609671, 0.0016028838564209086, 0.0012282416695121466, 0.0039432168167281975, 0.0009587557483643625, 0.001016699215662313, 0.0010001783960913223, 0.0010073665611271636, 0.001060504810913355, 0.0009920401358800232, 0.0009833479520660806, 0.0011458804928833914, 0.0012008532009424103, 0.0011373831992728903, 0.0011493344233004515, 0.0009401858082306723, 0.0009983173084750472, 0.0009392742400514517, 0.0009997911435553131, 0.0009896380597672423, 0.0010426418009169378, 0.0010242805253545325, 0.0014836830122239369, 0.0009365397307252509, 0.0010022320296807464, 0.001916199052558953, 0.001031340644151783, 0.0010527806858598116, 0.0012352473843407475, 0.0011133640371630647, 0.0009177903401611572, 0.0009437200179365314, 0.0011804067327171278, 0.0010595599797744435, 0.0013232253768249063, 0.001229942888792377, 0.0012065973320143355, 0.001231764954534404, 0.0013234089986162785, 0.0012348784531877835, 0.001232753157594802, 0.0009838752003335977, 0.0011405761453558247, 0.002309291263485735, 0.0023115004117403607, 0.0009137368821049815, 0.0009696573490240048, 0.0009303983263410926, 0.0009659765023559914, 0.0012080817651065228, 0.003419066656139892, 0.0019167573213387014, 0.0009761535890549597, 0.0010076783372639485, 0.001025024679917719, 0.0009223252953484346, 0.0009036909094161243, 0.0035457241754504203, 0.0008871736596350007, 0.0009054951116036451]
[0.0009785657206369516, 0.0034419108807323415, 0.0012289525362054574, 0.0015983034536140737, 0.001537091836949801, 0.005688046428747826, 0.0008723879758202777, 0.0008995613782234636, 0.0008935416304456039, 0.00088947314188114, 0.0009922408535498132, 0.0010486882607821143, 0.0018328764801912418, 0.0018152104132108954, 0.0039621565933303056, 0.002331858449351372, 0.0031650684746022, 1, 0.0019337125782957552, 0.0030060361687466327, 0.0026872991165832684, 0.0013884850102169638, 0.0010825785273411086, 0.0011604883527974307, 0.001140418027888339, 0.000913377505351876, 0.0009046074080936719, 0.0009653579383760864, 0.0010011508684492213, 0.0012289525362054574, 0.0011071639527624254, 0.005675820280732714, 0.0009807229177427254, 0.0010694682940961054, 0.000990548432275097, 0.001068315883180806, 0.0010604108556828843, 0.0010262774647475062, 0.0009711787936299971, 0.0011563661096615223, 0.0011670659404985006, 0.0011577894282942343, 0.0011598186357618045, 0.0008978659695966851, 0.0009814700676068447, 0.0009265401865076411, 0.0010130651072992878, 0.0010104802354380224, 0.0010617694321422499, 0.0010807434166859747, 0.0013971594674269741, 0.0009643587577323551, 0.0010422275778762962, 0.00141289824381819, 0.001070186036452954, 0.0010513267731116981, 0.0012664834880611099, 0.0011232280380906292, 0.0009551820010410078, 0.0009656969142366771, 0.001315626445562125, 0.0010185897275068509, 0.0013789728461711657, 0.0012005393944348693, 0.0012959024493992641, 0.0012048180320339474, 0.0013740966373999546, 0.0012699363788335398, 0.0012678500395125456, 0.0009794616675435582, 0.001050374525540481, 0.001553892976252839, 0.0015665398971769502, 0.0009050323140371748, 0.0009197082600552493, 0.0009289028463843885, 0.0009492310547433264, 0.0010856969957645233, 0.002872164112881937, 0.0014672804233349219, 0.0009541784975137293, 0.0010333552674735393, 0.0010501919779669913, 0.0009127323719868448, 0.0009335498558293499, 0.004076653104660507, 0.0009283724754174271, 0.0009054853602829356]
[0.0009630842057564469, 0.0022946915366919693, 0.0013570425342871477, 0.0019421928795567418, 0.0014795385389216292, 0.0022371376826192647, 0.0008952056968846198, 0.0009111553879026614, 0.0009268899536774464, 0.0009120658437397498, 0.0010521426494387153, 0.0010317420417186977, 0.0016403709049456537, 0.0016302853357704208, 0.001725114004352955, 0.002727719342108366, 0.002128671313170908, 0.0019337125782957552, 1, 0.0020651115591608952, 0.0015256389984144364, 0.001449404447013974, 0.0010888348378280796, 0.0011369733360259847, 0.0011168622335830023, 0.0009437285663941171, 0.0008959700109725246, 0.0009746828063546082, 0.0010032899688687028, 0.0013570425342871477, 0.0010924243938194116, 0.002246713866229119, 0.0009960101586880404, 0.0010147780786606232, 0.001044420563902576, 0.0010147732383893465, 0.0010656418805608863, 0.0010292490497925038, 0.0010240274968056613, 0.001142458997226681, 0.0011425252386614807, 0.001103312786813347, 0.0011088117902319319, 0.000957530619820107, 0.000987523123612404, 0.000974082191551593, 0.0010120178015152889, 0.0010311086397529318, 0.0010563011778830038, 0.0010229569520418245, 0.0014554593407945001, 0.000958327111837181, 0.0010322942120232425, 0.0014010081425083517, 0.0009946372294620666, 0.0010878532218106002, 0.0012696777179944734, 0.0011393171295756247, 0.0009281728420201592, 0.0009619625446166287, 0.0010410513997681425, 0.0014356115784813763, 0.0011943525744482983, 0.001106260861355649, 0.0011416450240646695, 0.001138997369694451, 0.0012024312545695626, 0.0012756990515358799, 0.001273566736190393, 0.0012804181587493374, 0.0010518124478762984, 0.0018661598491941736, 0.0018878550053569912, 0.0009350299264353148, 0.0009739146158347597, 0.0008967276869460216, 0.0009992202227943696, 0.0011119325392679076, 0.002679692583101722, 0.0019405257229407858, 0.00093334499147632, 0.001063899472549279, 0.0010778263265482473, 0.0009170450374087725, 0.0008924322975241894, 0.0027040128365614343, 0.0009174257772564738, 0.0009158457494313365]
[0.0009533816244267916, 0.0033347835056239668, 0.0016045074972649376, 0.002342625990178395, 0.001772316318544511, 0.0037130278468362433, 0.0008808469875158251, 0.0008872985058380132, 0.0008900227202847035, 0.0008862735253058136, 0.0009739549863170447, 0.0010573918272848053, 0.0025984139518038553, 0.002618984368854885, 0.0021110591789370203, 0.003312133839072774, 0.029288381246304927, 0.0030060361687466327, 0.0020651115591608952, 1, 0.001863656357351561, 0.0029017883735007696, 0.001066916081272196, 0.0011492092418919912, 0.0011360907779876723, 0.0009191493888474839, 0.0008878704030065425, 0.0009563134426399045, 0.0010066652486365709, 0.0016045074972649376, 0.0011912955523423066, 0.003707430835913234, 0.000964590002905779, 0.0009952297823502796, 0.0009834050231059192, 0.0010064624442896186, 0.0010494705303656028, 0.0009993843657601239, 0.0009646896983886399, 0.0011383442364555816, 0.0012108764409981417, 0.0011276909195979486, 0.0011401960076807551, 0.0009228625641702053, 0.0009839589558833673, 0.0009228338637186597, 0.0009890984630958788, 0.0009790485633870594, 0.0010336692523015398, 0.0010015445115799252, 0.0021235721423888175, 0.0009381926681813707, 0.001003805268461236, 0.0019338610448642176, 0.0010287315087372769, 0.0010603456226291703, 0.001250199947309166, 0.0011052676474036867, 0.0009141438936027751, 0.000928206578459136, 0.0011707574621428552, 0.0010604224418132992, 0.0012884223118341206, 0.001229982985748848, 0.0011792457882115958, 0.0012024622161894624, 0.0012890293007776174, 0.0012500387922731787, 0.001247659194579465, 0.0009650995443046116, 0.001115304449714329, 0.0021862361718366476, 0.002179660052938942, 0.0008997968019902309, 0.000949097566742715, 0.0009201011413058927, 0.0009434707331945596, 0.0011694609015923802, 0.003224935689869603, 0.0018172539708159535, 0.0009587471291338244, 0.0009948574814081564, 0.0010125417325121022, 0.00091178554777482, 0.000889883848193222, 0.00330477205341679, 0.0008761652506469207, 0.0008888748098288712]
