[1, 0.3174958322160095, 0.2686864231413162, 0.2591813383942233, 0.2200224421883378, 0.30380197901996886, 0.3431660324223379, 0.27414877666586884, 0.35826164129536886, 0.27928560185074736, 0.35344933389357347, 0.38228054801153916, 0.3689371842356993, 0.28791942902539774, 0.3362495745816886, 0.23917980234684894, 0.2656070357947556, 0.33951149708965656, 0.2512792340909493, 0.30188347437372853, 0.3253863150465666, 0.3237111575142463, 0.35630545079024195, 0.3358618871324204, 0.3559029452656548, 0.33947476306465174, 0.30078860159633825, 0.29585501892993027, 0.22078373369624796, 0.3197613647409028, 0.27588029811770204, 0.2947206386141094, 0.3669859949294429, 0.3108977541300817, 0.29100645894543453, 0.33934969670704856, 0.34347291838050464, 0.3134994580458489, 0.3437579017090511, 0.35241783015194766, 0.27557224480855974, 0.30562036710394574, 0.24199292473495684, 0.3602597248645166, 0.31141775360882934, 0.29940683785440714, 0.35906443498561796, 0.32362731856042953, 0.34685831904673137, 0.33909251979366417, 0.3062462629202485, 0.3705401853919721, 0.2743126321647992, 0.3007232576922287, 0.2608422943821109, 0.31840186515710983, 0.35481565795706227, 0.30855047162588356, 0.3648050058003389, 0.3428563756153165, 0.3718739822916764, 0.2692756294385063, 0.2790506823344132, 0.2958396639622131, 0.2860560121596553, 0.29113074636760294, 0.25971379298825237, 0.3384452729189564, 0.42643367157421747, 0.28436791483058443, 0.35913986943142673, 0.29631628225197904, 0.2272958785493111, 0.31322327558992624, 0.3648568762349131, 0.27194820376208695, 0.3322048804365579, 0.29287386890509604, 0.31224958114980605, 0.2800449553047017, 0.3092200447720824, 0.35391008605828034, 0.3258381436129231, 0.2894662884827302, 0.42418259765235145, 0.2394349360941638, 0.38750599563611826, 0.3441056230216029]
[0.3174958322160095, 1, 0.36878179730790817, 0.39691171640914863, 0.39556334496979234, 0.36378886393001547, 0.34636800498890497, 0.2943511343486539, 0.3645316927860675, 0.31234741137913935, 0.2937793819014509, 0.2920385527396259, 0.3529114841789739, 0.3298067592055499, 0.32256277406529127, 0.37568524425573374, 0.35047181166916025, 0.39329062157475897, 0.433412043435808, 0.3682118088384115, 0.4323874559510088, 0.3224824704121538, 0.2874755691407386, 0.30308544516478003, 0.285789433632588, 0.32040765400166105, 0.2434107453274211, 0.2943296693175317, 0.22773677749937363, 0.34723076967529, 0.3365823753883906, 0.35375467032293445, 0.3164935240425973, 0.3234514624104304, 0.3036825762280533, 0.2754494482263697, 0.34435762482673965, 0.26876856226978396, 0.2829744996885696, 0.2667761388275568, 0.3259484187161084, 0.2673750813923134, 0.3131172942746243, 0.3353492837884374, 0.3463476143077337, 0.28254804255842897, 0.34127769773413036, 0.29220193628290014, 0.33575260346082547, 0.31792499732873464, 0.2472837648052918, 0.3162882237382761, 0.32569455377990664, 0.3339607565489411, 0.27361915821140464, 0.3289652024869347, 0.2650205155454944, 0.31262739048514143, 0.32553764326456924, 0.32441978573774055, 0.3544453917053189, 0.3438858319358066, 0.3239854004473637, 0.33290547206171234, 0.33183289862221244, 0.3101464883088302, 0.29389349617910976, 0.2781925196111999, 0.348576017907681, 0.22037994722626325, 0.32700054694403263, 0.3999033135403033, 0.3303383701846975, 0.3121428765763313, 0.3618649826354884, 0.28058757351353786, 0.34961321731204675, 0.39869279761033205, 0.381949666040447, 0.3897116114069254, 0.2608450386425951, 0.3220374310671793, 0.35455068119289457, 0.253539287579916, 0.33909619333826385, 0.3304556987568774, 0.2691370960806014, 0.3025859142680628]
[0.2686864231413162, 0.36878179730790817, 1, 0.4338124269073038, 0.3205615306627643, 0.34909716270136804, 0.3807966568140891, 0.2162769136756912, 0.3439873229214623, 0.3599978550636242, 0.25042151263986373, 0.2928085156720785, 0.37936764977163767, 0.32107395163855185, 0.2858555846745038, 0.27896854176650904, 0.2766638860537625, 0.281759241374697, 0.33476546448057737, 0.3985603130065508, 0.3685516010453895, 0.205282289435513, 0.32751739110262734, 0.2497007154653627, 0.19201273788965775, 0.26779009196960085, 0.27263488030495114, 0.25941441991112957, 0.22774488330961543, 0.3999423077248311, 0.26691532188959777, 0.35871390999886954, 0.35326506681822134, 0.3262348265917424, 0.32183956460969126, 0.3849005458756471, 0.30217547062401545, 0.29992100932450116, 0.3605025206610666, 0.28623839849219357, 0.3804952255224904, 0.30372330151855487, 0.25911019241450844, 0.337416203088667, 0.38178388539635827, 0.27830555515698563, 0.2608967209290947, 0.23731786637412203, 0.3706069720865211, 0.3465933303210802, 0.2237377090059692, 0.388845361235418, 0.35103392710003156, 0.4098173376514943, 0.19638979244448426, 0.3703722508817439, 0.26244224413344036, 0.29211295227680567, 0.28928235602995367, 0.35902104093445997, 0.29523656574269586, 0.3546635039649476, 0.2631357401483278, 0.41751077468652986, 0.287337360008272, 0.2732071870140512, 0.28596779552302826, 0.2538024089969095, 0.2762145907990752, 0.2561500916759926, 0.30503175079969586, 0.38308515059246834, 0.353960814515601, 0.37629369817184116, 0.33455924399342746, 0.33169166556477786, 0.3355031759265478, 0.38362022459165135, 0.3716892134375149, 0.36869760429259224, 0.295345350715911, 0.3267395368288151, 0.34960932935500927, 0.28437547175982697, 0.3439007707674736, 0.34635251566043546, 0.3027963220792312, 0.31144459029551314]
[0.2591813383942233, 0.39691171640914863, 0.4338124269073038, 1, 0.3768227584563189, 0.38483175906745826, 0.3763516698463369, 0.23413339368408256, 0.32298743654444617, 0.2916110206163413, 0.24683814304938043, 0.27293751074544637, 0.3882679496725958, 0.33740926147715444, 0.34290636939294833, 0.33949663433483745, 0.3528364674106106, 0.32384773295741043, 0.4319525073576077, 0.38234022055401856, 0.4485109983889316, 0.30826927877143695, 0.30249676361084055, 0.27701722002380846, 0.2399343170778249, 0.2620808226586607, 0.31334704487661014, 0.2544260079686144, 0.2787962122151256, 0.34844735665616533, 0.36850009306527565, 0.36162802174036895, 0.32861701025624174, 0.34552012194760673, 0.2836182300640564, 0.28885700796710473, 0.307637637815819, 0.37457493740992326, 0.3188485991873248, 0.300460405875049, 0.4002308620499972, 0.34396191601155107, 0.28613970601994115, 0.36219188502089655, 0.33710559072911617, 0.28076506897249043, 0.26698781650000236, 0.31036048358923196, 0.35792166151766774, 0.32481949374251334, 0.2809410589149847, 0.35015127283276815, 0.32128923517190794, 0.38309142459389756, 0.2926339629832588, 0.3234824165141687, 0.2800762928700326, 0.32086436142878566, 0.3125788573311802, 0.3608588508787273, 0.35139960297925504, 0.41564688803467725, 0.3635146712354894, 0.375612589928561, 0.3411670244439704, 0.35281498458953253, 0.38699558059109146, 0.3022070443531444, 0.2923767747458629, 0.2505921809543053, 0.3094024983698871, 0.3833779659272933, 0.4561716619600283, 0.3988634391433602, 0.33628687424164694, 0.2727692975019662, 0.33914516430310415, 0.4255356477125616, 0.4192652991896289, 0.43328405134197595, 0.3065914030194407, 0.3407071744758765, 0.3421954901526308, 0.2337614284998796, 0.359019601520844, 0.42153099934426025, 0.29178956484180574, 0.2736284215779082]
[0.2200224421883378, 0.39556334496979234, 0.3205615306627643, 0.3768227584563189, 1, 0.41958643120399824, 0.29281606728945697, 0.2495111246273724, 0.3174212710481313, 0.2773505243046519, 0.23330684462249462, 0.285347968445724, 0.34597947026664927, 0.3066428268169684, 0.3347313746790202, 0.36366663249548437, 0.3357318426699112, 0.3192920636678853, 0.3814100521147453, 0.37952367845370155, 0.4232216288808589, 0.2607119345957174, 0.2603440219502585, 0.27411122276691063, 0.2499547660392226, 0.23926430092199774, 0.2812411150860707, 0.19223832464525856, 0.20195916796101557, 0.351051278261064, 0.3176236941512491, 0.32875992082493577, 0.32275300871745316, 0.2855786151359642, 0.2923850836325452, 0.2506930943466812, 0.2624849796166528, 0.33830501508387173, 0.28294862198318244, 0.34694537755012367, 0.35260595163498887, 0.34159325227595905, 0.3074494948616814, 0.2778601851091672, 0.34159767040174766, 0.24673983445412884, 0.3337899777646649, 0.2574636425130653, 0.29602328527013594, 0.2717789508097091, 0.2907891136272487, 0.39048320673548065, 0.24089985660573404, 0.3695400085390225, 0.28829679228078925, 0.38291270551018103, 0.31035707248010097, 0.30062364252112656, 0.32688357149884967, 0.35193314310578655, 0.3460933617869467, 0.3740694715134664, 0.3459046003703301, 0.34580827717210205, 0.31893325244869714, 0.3840234149402297, 0.3006177033095725, 0.34853765082687865, 0.27903016020142946, 0.21761893206569455, 0.2585098974097097, 0.37454206673008783, 0.38686176625612434, 0.3053810704279019, 0.23577255131934938, 0.3070801099392843, 0.30916380572953267, 0.3839286754611807, 0.35124354248582423, 0.3959228502419836, 0.29564536630414034, 0.3579567365557528, 0.3241545942948853, 0.2104439745361828, 0.3239374279415809, 0.3722153395879463, 0.25419477457190454, 0.3157284254095809]
[0.30380197901996886, 0.36378886393001547, 0.34909716270136804, 0.38483175906745826, 0.41958643120399824, 1, 0.3032871108767561, 0.29864287544117624, 0.29621089719236804, 0.29291299334833215, 0.22361286144162007, 0.3018463239920759, 0.3431806158256339, 0.3645129715027952, 0.3691780511017795, 0.3713766924352133, 0.41805659161420416, 0.3549271814261599, 0.3988657173495176, 0.4086960183206612, 0.4387535801273754, 0.2324042203803921, 0.2762119517187635, 0.28962891758105874, 0.2788159333540247, 0.26564498167520756, 0.3008538696943011, 0.1935174415453895, 0.18387909627373855, 0.34536951595929466, 0.28990885253692067, 0.42267217469749563, 0.3276853795880657, 0.325082354954963, 0.27478776677280287, 0.3094848694889566, 0.32868026676476336, 0.3349308592580271, 0.30782171375979556, 0.39078227985291203, 0.38688540990419734, 0.32636206114401106, 0.3691141642445378, 0.30477102059212346, 0.29063664728364624, 0.2765106583208389, 0.3058639142235708, 0.2558670899618688, 0.3027742154438507, 0.27712182430081284, 0.3101191538459007, 0.43777533056882006, 0.317194993139129, 0.38744578155012505, 0.31001397014663706, 0.40168181453889795, 0.34612900079388365, 0.2862036372640245, 0.3233714250451888, 0.3635060782591318, 0.34254428276240523, 0.3908392027757033, 0.3932650494014257, 0.33210646884058964, 0.413549387471337, 0.33880518500659434, 0.3570297503945299, 0.37780793491762743, 0.29556743860470586, 0.27704955205028575, 0.33775175880281794, 0.3679726624605814, 0.3144601376848916, 0.3244020051423883, 0.2932076225481603, 0.32306476380924737, 0.3237566481676886, 0.42852191033564324, 0.4074207548904285, 0.3989835854867297, 0.3187027356324056, 0.33767412744611686, 0.3482825913542328, 0.22697585646118315, 0.3360100153487606, 0.40618068667702073, 0.3132180088403901, 0.2581268879584297]
[0.3431660324223379, 0.34636800498890497, 0.3807966568140891, 0.3763516698463369, 0.29281606728945697, 0.3032871108767561, 1, 0.23202824619683893, 0.44271130120126473, 0.3495292401993872, 0.30611311980902006, 0.27836328851361036, 0.3307825387228668, 0.30103614517219696, 0.2779461595978762, 0.22176964783561365, 0.2990355791214382, 0.26130068415977437, 0.2648979446138991, 0.3347255316839264, 0.30484200962567415, 0.28824357685218827, 0.3079837601311175, 0.22180356084840397, 0.22395410112682054, 0.24956862246794528, 0.32122712454342306, 0.33815771809948875, 0.2889485424229, 0.37694999621645914, 0.23576225877546628, 0.2803492742974788, 0.3334039562509031, 0.3397383608976691, 0.27606294824714284, 0.3391391027097206, 0.307785385913652, 0.3323176094077564, 0.3571931427921175, 0.2862900015974483, 0.3051808760468455, 0.2142347792740682, 0.23268956048749032, 0.36393073903923084, 0.3931254132267257, 0.33343119227596846, 0.2838504157041197, 0.2861651973150056, 0.32742859482444164, 0.32462110259536836, 0.26180906029684503, 0.30292744073488187, 0.35768797580325534, 0.32924843188611896, 0.18475653234051193, 0.2892860861388312, 0.24710586681472696, 0.2550954272367453, 0.28329319738950837, 0.3520105058563125, 0.2549063380570988, 0.36172663241827474, 0.23622128893583436, 0.33640264027626404, 0.2725131461054186, 0.20546691275038026, 0.2428865764480605, 0.23748235009457871, 0.28773034666430164, 0.22659106471996232, 0.29059162127633203, 0.3010693475906909, 0.29758704839507366, 0.3348662126758324, 0.38256129006206735, 0.29546889291333256, 0.3457576295872317, 0.3185650204772165, 0.36636352529580857, 0.3116978894070023, 0.33969522761547405, 0.38758747955726364, 0.35899455091215376, 0.26261464567678905, 0.3732533786366284, 0.2660719148562139, 0.3166916426266755, 0.34526613527075156]
[0.27414877666586884, 0.2943511343486539, 0.2162769136756912, 0.23413339368408256, 0.2495111246273724, 0.29864287544117624, 0.23202824619683893, 1, 0.31016284907436, 0.3184222768134588, 0.2800671490673968, 0.20547739653313235, 0.27147959898300633, 0.3275873200108342, 0.26573518785230427, 0.28002853437594316, 0.23927434351576865, 0.22049500768276625, 0.18415743041435634, 0.2515700926494395, 0.26385497699165994, 0.16836580125872128, 0.27581702656971024, 0.24680509984568733, 0.23848202589707893, 0.3028912405175707, 0.28180988967315346, 0.3381002490792834, 0.2656397498256006, 0.2565034829802282, 0.23005756451336537, 0.23513060510790085, 0.31539179157004815, 0.23462899476369561, 0.2599962977515989, 0.265530332456496, 0.20312233640131044, 0.2283979744628043, 0.38335162413222373, 0.2292448992406793, 0.20534547893113006, 0.22279603724637445, 0.1880336025083643, 0.2171651859014456, 0.3295819118649225, 0.2946767925719077, 0.2265519661012618, 0.21934928828967581, 0.2800267011235591, 0.2510072349687653, 0.21346354059968303, 0.2652116670149245, 0.2812175695822034, 0.24483192918944, 0.14692278597475322, 0.27799003263511013, 0.20097769108906757, 0.17681177214534144, 0.3520443275276215, 0.22724389468231254, 0.30678499377256696, 0.20637385945821576, 0.26880182358300797, 0.23954619765382207, 0.2678314327777564, 0.27130392062998426, 0.2333163405813835, 0.2769314922168192, 0.2453559012294036, 0.18923694334155475, 0.24143423014063595, 0.23748127779663034, 0.2085641222442299, 0.27476487116366516, 0.24695161125076737, 0.27962926548075856, 0.3677882533743328, 0.28246796199704605, 0.2708698983169373, 0.24661199182662807, 0.27250951716799665, 0.28325531990386976, 0.2578942080405034, 0.22483893354021878, 0.2545689500104009, 0.24170102280178424, 0.21916759497496371, 0.3099710342221168]
[0.35826164129536886, 0.3645316927860675, 0.3439873229214623, 0.32298743654444617, 0.3174212710481313, 0.29621089719236804, 0.44271130120126473, 0.31016284907436, 1, 0.3161780522270652, 0.47511151888734127, 0.34133528313038186, 0.38416295868146044, 0.35047111177740853, 0.35384382690541255, 0.21539015775981638, 0.3174302308847879, 0.2683827883110537, 0.2552724097528124, 0.32346099510703813, 0.30549373390052675, 0.28489388851302505, 0.37913822512926215, 0.3007164526291876, 0.23284126517673673, 0.4738238015491034, 0.3698638485111671, 0.4170923457056271, 0.33794608773123835, 0.3724839248313607, 0.30984457779896973, 0.21937048437388806, 0.3868695674727174, 0.3616841847152393, 0.36967309797163084, 0.3547183982591456, 0.35165699666271666, 0.3624252853501043, 0.35173608975866716, 0.3253698803792848, 0.3334872455293352, 0.2161233520153888, 0.2668152714144587, 0.3609729918931559, 0.43596240048131335, 0.3512317029805855, 0.3551315579229289, 0.33247065609563886, 0.39828597331080784, 0.3489428365137925, 0.2622731181495136, 0.35373098691738614, 0.4042946911428107, 0.3722853112136228, 0.24759589676051183, 0.3434860170701566, 0.2588346171445975, 0.28617141858144074, 0.3763314712048934, 0.3923851768501713, 0.3666197216434554, 0.3546677693162443, 0.2840881751721542, 0.30585359303464105, 0.31872561521625753, 0.31488372598190295, 0.31138089766892796, 0.2930036702627507, 0.33608251640845294, 0.21386997752514833, 0.25556496093101505, 0.27374024328594937, 0.21432622505225724, 0.41234273285428036, 0.4125986961497657, 0.3956946864791753, 0.46488596194794873, 0.35178100149213387, 0.35738129741300095, 0.22666101712562342, 0.3889196487938986, 0.3932482726644751, 0.40884205958623715, 0.35421616312488374, 0.39684717953958665, 0.24666234754366442, 0.33982319348523393, 0.37781087502862215]
[0.27928560185074736, 0.31234741137913935, 0.3599978550636242, 0.2916110206163413, 0.2773505243046519, 0.29291299334833215, 0.3495292401993872, 0.3184222768134588, 0.3161780522270652, 1, 0.21818603466779318, 0.32282902986855394, 0.27069698206478915, 0.27973871040218634, 0.2694077526709337, 0.2781146083334714, 0.3364356507773578, 0.24631608509297306, 0.2823095501444312, 0.27360703436682593, 0.29365684154017013, 0.23916439044849147, 0.3286428417506142, 0.2366950953744772, 0.19536109044560226, 0.2315632217750207, 0.36266283469842586, 0.23039701266727947, 0.3075232126112175, 0.2883525183316156, 0.240841743839972, 0.2528171082302911, 0.4082802057082827, 0.334668938099123, 0.330440023134417, 0.3467179258551737, 0.31384098070803784, 0.2584947292383082, 0.3461890276574121, 0.24457835915125073, 0.24806217595455893, 0.23180937250948405, 0.1873538236620972, 0.308788208224538, 0.35188138042376593, 0.3189172828517303, 0.2756607697520467, 0.260032081620658, 0.27732533188780506, 0.3023277471873434, 0.22429574018823564, 0.28803727271718194, 0.3360381278358536, 0.35146581101679125, 0.18094276448686353, 0.31602683304406937, 0.24887071416449563, 0.2273101474648515, 0.3360258338287798, 0.3245130915228161, 0.27279453955582894, 0.30688921121301194, 0.23445468398705518, 0.3246434075491738, 0.25715802092270673, 0.3098951870449615, 0.26720172091842487, 0.2852282302624345, 0.25328955402394265, 0.2525448162290234, 0.22543407355188508, 0.3313470393880994, 0.2764213286505452, 0.2807825600042643, 0.2985219529408768, 0.3038274718667867, 0.33741252010497147, 0.29177942703938603, 0.27822896985042916, 0.2891939458084652, 0.2936761613931, 0.31809004462540386, 0.31547446857172773, 0.27342483708174053, 0.3353981432151543, 0.27542191165596347, 0.2345029468362966, 0.35297581421370616]
[0.35344933389357347, 0.2937793819014509, 0.25042151263986373, 0.24683814304938043, 0.23330684462249462, 0.22361286144162007, 0.30611311980902006, 0.2800671490673968, 0.47511151888734127, 0.21818603466779318, 1, 0.3334082237538729, 0.36756529846787483, 0.27810548025706033, 0.32584391886195063, 0.21543670016162542, 0.2461705273270769, 0.3134866853652505, 0.1945207551183083, 0.2889813395432958, 0.24758898338500013, 0.29409795922875404, 0.4385303236616172, 0.38716967588402207, 0.34798441095603067, 0.36579200869664946, 0.3099935115846821, 0.4066761742849868, 0.3467803635638105, 0.31658859157460106, 0.3025458000820597, 0.20446929138526074, 0.42086643510441824, 0.3216420418287106, 0.3557984626513644, 0.3237429448186142, 0.36371232673566, 0.3562942866345695, 0.35662613847166413, 0.31897659433542813, 0.3179286282916479, 0.277194300967105, 0.2736689726172262, 0.3662247118524488, 0.3635739444384895, 0.3099866260387072, 0.4096222217993498, 0.39049587784364204, 0.38890231464714625, 0.3776459028154796, 0.3073986473721921, 0.3167781274694751, 0.3614738309414516, 0.2697254366334048, 0.25301080931006065, 0.312511093771118, 0.2884557882952319, 0.3736951267538965, 0.309343782516806, 0.2969081250299793, 0.41309991282050323, 0.2523786068946924, 0.34384879796006607, 0.31462515603149555, 0.2427723650160299, 0.28810175799833193, 0.2206897841479128, 0.3278909105660095, 0.3306280348411367, 0.2803721891163639, 0.2570074354617617, 0.26220382584939356, 0.1938049267715705, 0.39117544929916154, 0.38940767075268856, 0.2788494345554355, 0.37310783892601246, 0.29772677851553075, 0.33501349612370473, 0.25840790047494283, 0.309186113231648, 0.3191475635668701, 0.3149694021234959, 0.33457498779723177, 0.4028692803120203, 0.20352348964667052, 0.34006491170509334, 0.3052969893356974]
[0.38228054801153916, 0.2920385527396259, 0.2928085156720785, 0.27293751074544637, 0.285347968445724, 0.3018463239920759, 0.27836328851361036, 0.20547739653313235, 0.34133528313038186, 0.32282902986855394, 0.3334082237538729, 1, 0.36290190406033673, 0.26959855536099875, 0.27525008860804495, 0.24329580605315893, 0.35872154948484736, 0.2728974455908536, 0.27628014610596446, 0.23449453468819392, 0.29116659842327364, 0.27641680223878046, 0.3578239531819347, 0.2790897930181835, 0.2776031471130849, 0.3611503179266384, 0.29396768790110206, 0.2813215444545872, 0.3206051253670518, 0.28745293345288436, 0.2990522246384253, 0.28062156964387475, 0.3275071652693378, 0.3780792045240116, 0.35472627933536277, 0.30523500043845836, 0.3535336363901645, 0.34400277906533966, 0.29307882617196757, 0.27840332978642296, 0.2813030716576459, 0.293104638354057, 0.18774012671139917, 0.35613872002603864, 0.2974118316700461, 0.28970152559325285, 0.32051490999015664, 0.2626496492884814, 0.32724876216343085, 0.33291812924813513, 0.20923479977226486, 0.2566870091522282, 0.3946043008060486, 0.3785789139614933, 0.2639231868985526, 0.2589883526149527, 0.2949462149139936, 0.3484085035909326, 0.3886735340788249, 0.3073190715069822, 0.3041970298991191, 0.3272364292623418, 0.26261384758111556, 0.33105528637084114, 0.2526818042615967, 0.22498829338735082, 0.2787307623690714, 0.26907266021423853, 0.27104198293017256, 0.21671740473431236, 0.29935826401768023, 0.2905019612549545, 0.26888451789694473, 0.31010222558904665, 0.39022447933029725, 0.340490865352764, 0.34338542520033055, 0.2989356133391974, 0.2920909927201297, 0.26249828071182735, 0.3525141665012857, 0.34610723946211386, 0.24682458110448574, 0.31373242722510564, 0.3791621765668403, 0.255810925525262, 0.3189245675162157, 0.2884316224777851]
[0.3689371842356993, 0.3529114841789739, 0.37936764977163767, 0.3882679496725958, 0.34597947026664927, 0.3431806158256339, 0.3307825387228668, 0.27147959898300633, 0.38416295868146044, 0.27069698206478915, 0.36756529846787483, 0.36290190406033673, 1, 0.4123643605850214, 0.39219777943182704, 0.32213873425909884, 0.3142519791920818, 0.36246461962735355, 0.30901402713580123, 0.3000802179196336, 0.3449571885182744, 0.30866693472766765, 0.3846601486579831, 0.3078810575777938, 0.27197308331150494, 0.2980715532002799, 0.3192438546732363, 0.2998534433873162, 0.23250839250156652, 0.3734633977539198, 0.34421507131284956, 0.31540143666146725, 0.3874243534278883, 0.35768891932313074, 0.27486945949755043, 0.27275060386995353, 0.39662927537009224, 0.31860497400758436, 0.3906725141626729, 0.3462176200135511, 0.3679996767514981, 0.304616231913178, 0.29215309023654445, 0.2958434636893249, 0.3344329389996571, 0.3275403735439963, 0.3868204287748746, 0.29155209859156705, 0.4275499418567459, 0.3492979791973188, 0.27456873854429176, 0.44141296616757214, 0.3757943344561161, 0.38603866425058436, 0.2654611625324405, 0.3277263466786074, 0.33908120149880866, 0.3409303252273219, 0.34810785628034346, 0.36352719742828893, 0.4410864838942584, 0.3697457108236699, 0.3532468856894175, 0.4687342892109605, 0.315592402277389, 0.3764721114729725, 0.30774011641271487, 0.3287341839156512, 0.3141509686302112, 0.3120367529878716, 0.314660371841853, 0.3513413590531064, 0.3027296443712115, 0.3582003745804549, 0.37914189163131373, 0.31895486557242925, 0.3808405288532981, 0.40781995448413655, 0.4121496350914933, 0.3907870009087974, 0.30369479032180163, 0.3358000613486262, 0.36102053829872827, 0.27440546655515285, 0.3565849516788474, 0.3340404897070786, 0.30207443216645674, 0.29074109459432557]
[0.28791942902539774, 0.3298067592055499, 0.32107395163855185, 0.33740926147715444, 0.3066428268169684, 0.3645129715027952, 0.30103614517219696, 0.3275873200108342, 0.35047111177740853, 0.27973871040218634, 0.27810548025706033, 0.26959855536099875, 0.4123643605850214, 1, 0.2981800004073064, 0.2547878516854441, 0.37270622654397695, 0.2812016756254774, 0.27698022409412715, 0.27452968081390977, 0.3780417950380185, 0.19697591362583639, 0.3516485681127124, 0.26314565052264244, 0.2834132478258352, 0.3321067098411697, 0.3246009657369568, 0.294369443697426, 0.2274483239352584, 0.32684891771937674, 0.26947136049403714, 0.31490216205036536, 0.2671914650092265, 0.2854503449984108, 0.2682244581116223, 0.2660742584653011, 0.24802428091227588, 0.2944711913360608, 0.3428643110647092, 0.2790410554655877, 0.33940276382862405, 0.2771113008441779, 0.22790669896558624, 0.2936287864207485, 0.32911782220697344, 0.2990916369988403, 0.25445485359067743, 0.27564417449324197, 0.35801941140181437, 0.22675328031793454, 0.2271048329405434, 0.33329788923078335, 0.28689831969749974, 0.38554455964771495, 0.18191894797347513, 0.2990486484127955, 0.2697804733786439, 0.237090050516123, 0.34077276568623044, 0.31894078081985733, 0.31549479835300953, 0.3385979544901341, 0.2657766274213074, 0.22829776848854072, 0.322138656865264, 0.32559705403505207, 0.24846451730113342, 0.31006346876674373, 0.31115290811479673, 0.2547920868776421, 0.2773281762478913, 0.37717057070585347, 0.2810699617124493, 0.2773804895695634, 0.2973922765635824, 0.24621782787167862, 0.4032420362729205, 0.319486069920519, 0.3509718908965472, 0.3179387376732796, 0.31674830285607675, 0.3666539064491232, 0.35325897856168587, 0.26411953616585315, 0.2687973034325523, 0.25971619193130674, 0.2736507994101741, 0.2634898250083773]
[0.3362495745816886, 0.32256277406529127, 0.2858555846745038, 0.34290636939294833, 0.3347313746790202, 0.3691780511017795, 0.2779461595978762, 0.26573518785230427, 0.35384382690541255, 0.2694077526709337, 0.32584391886195063, 0.27525008860804495, 0.39219777943182704, 0.2981800004073064, 1, 0.3495797570988633, 0.3595570759304631, 0.35683040850061737, 0.31881021568502876, 0.2746418778893608, 0.3833900695205389, 0.27665519105871095, 0.29014356967323673, 0.23275197630553301, 0.25732418019243397, 0.24087942272837853, 0.3315612899694894, 0.22872563749542332, 0.21015605331647152, 0.33701658564100717, 0.3124681071172897, 0.3614038109712899, 0.25989353597186365, 0.3027156141176153, 0.27315311847059603, 0.27651600805418236, 0.3281724366911987, 0.3545431219777527, 0.3035487247817894, 0.2616215721123491, 0.2855501700031701, 0.2853168592648453, 0.23273044591962563, 0.3092601009237184, 0.32270285949394556, 0.2567807679405436, 0.33487977993913415, 0.2960219999322828, 0.3061287082286315, 0.35165379252819773, 0.2546065893967196, 0.39466776594906383, 0.3569935794358941, 0.3173029003078243, 0.30401208148259445, 0.32763731761032644, 0.2069916690849046, 0.3483583184980732, 0.3607983430433058, 0.41876178276357895, 0.38007903013396965, 0.3684793584954444, 0.3447850026719732, 0.3517134359268703, 0.3616373212377745, 0.3451613291452409, 0.3797042942490952, 0.33180208050071525, 0.3161552678658692, 0.2466522406774498, 0.22557853023225782, 0.34359014939757576, 0.28424426114982493, 0.3045793506726287, 0.2812954953657871, 0.25685268063604577, 0.3392894414045527, 0.2993241264701941, 0.37794940211055966, 0.3700650090533569, 0.2897186890658544, 0.3152366246411444, 0.3127113284924036, 0.24886301266485267, 0.27965943895142337, 0.37656194195030684, 0.24879361903445796, 0.2662406765125659]
[0.23917980234684894, 0.37568524425573374, 0.27896854176650904, 0.33949663433483745, 0.36366663249548437, 0.3713766924352133, 0.22176964783561365, 0.28002853437594316, 0.21539015775981638, 0.2781146083334714, 0.21543670016162542, 0.24329580605315893, 0.32213873425909884, 0.2547878516854441, 0.3495797570988633, 1, 0.3053468917059969, 0.32666791991171285, 0.37351650904284633, 0.3661153115111853, 0.361533458169201, 0.22673745330244421, 0.32145579023311205, 0.2850121641185876, 0.2609578096798577, 0.21410602613328067, 0.20747701578996988, 0.19508462467589124, 0.18103236391890365, 0.32858331675573377, 0.26690301878272893, 0.38238451293572134, 0.2351899333360958, 0.21518912993259834, 0.25496553942232053, 0.2655899804367343, 0.2692074755085681, 0.2619758736296516, 0.2597034639020851, 0.3099752053852235, 0.3167461958281068, 0.3231938113589697, 0.2898009198981925, 0.2026214774372367, 0.2580829255267345, 0.21767107005999242, 0.2894051396015908, 0.21258396595248544, 0.25319250721958103, 0.28314311538019804, 0.2763906406777067, 0.303036218772419, 0.32801436429957137, 0.31164628581601533, 0.31241775340275857, 0.2814009088215887, 0.2924931779790031, 0.2621462687573594, 0.3078141566235124, 0.2955032106985766, 0.3001931942022778, 0.36287119326140854, 0.39310736446412564, 0.317056098948212, 0.3689411243286655, 0.3681932760819232, 0.36146923636612954, 0.3044928242373965, 0.32968349517523576, 0.23544163332589416, 0.28353613797609273, 0.3407188704752903, 0.3695600571926323, 0.29180853156636744, 0.2259640453673038, 0.25279074562365367, 0.27074977524468735, 0.3488876574366454, 0.38813436534149226, 0.3578298299648444, 0.23663951569378616, 0.26045037651074576, 0.351229780292754, 0.22154610884828158, 0.2499741576512943, 0.41951346659272176, 0.24855283457265376, 0.24298669557692698]
[0.2656070357947556, 0.35047181166916025, 0.2766638860537625, 0.3528364674106106, 0.3357318426699112, 0.41805659161420416, 0.2990355791214382, 0.23927434351576865, 0.3174302308847879, 0.3364356507773578, 0.2461705273270769, 0.35872154948484736, 0.3142519791920818, 0.37270622654397695, 0.3595570759304631, 0.3053468917059969, 1, 0.3518150574528582, 0.38108385724433275, 0.4001520237623552, 0.3657930813514049, 0.2566157322654396, 0.2975708875433847, 0.24772684623640348, 0.2935621992318896, 0.3215771061489136, 0.30076294675587223, 0.2899797307319145, 0.24049618150994592, 0.29409484092200633, 0.2968096166931721, 0.3746769849040167, 0.25731341766265864, 0.32257452872208536, 0.3149208153618068, 0.3169794292682368, 0.33212351597636847, 0.3107769988910254, 0.29211674983587055, 0.33194179116972755, 0.35061681283642654, 0.28364713694351684, 0.31319907011124143, 0.28994879546565516, 0.34833706061084235, 0.31945685927375483, 0.3640187042642188, 0.3365785134941346, 0.3307427079309154, 0.2436808931384861, 0.2774049043647663, 0.3748252238328977, 0.331631760603793, 0.3779753518919179, 0.3038924035699759, 0.3195083452905281, 0.24433722898174767, 0.25947122522784355, 0.325320981093966, 0.37374866294921755, 0.2898884129404669, 0.36582123341762945, 0.36249372862686585, 0.3396844141767568, 0.39013497356096416, 0.2994840773409784, 0.3047008787766604, 0.3354741887163967, 0.3301907320490718, 0.23027726378737637, 0.2656195737060257, 0.334456769116894, 0.2764994676817859, 0.28291119589102787, 0.2983490624301868, 0.3036324454936498, 0.3641305901584593, 0.3446012358960338, 0.3844683780639502, 0.3700251098534179, 0.31352249614496275, 0.3845527241688826, 0.30300713202126855, 0.21193372885981643, 0.3223779671842704, 0.36076952243519844, 0.2687536177349069, 0.29592562880026557]
[0.33951149708965656, 0.39329062157475897, 0.281759241374697, 0.32384773295741043, 0.3192920636678853, 0.3549271814261599, 0.26130068415977437, 0.22049500768276625, 0.2683827883110537, 0.24631608509297306, 0.3134866853652505, 0.2728974455908536, 0.36246461962735355, 0.2812016756254774, 0.35683040850061737, 0.32666791991171285, 0.3518150574528582, 1, 0.35616624056960683, 0.380665152257298, 0.4076157621718184, 0.35885440910718336, 0.30754371505131833, 0.35170232849163197, 0.32273141098888253, 0.21665061793026344, 0.1952917460534024, 0.19678656990302676, 0.18021579422397394, 0.3431539774780038, 0.32666101758555327, 0.36371231949537985, 0.24144062327652846, 0.29788243985963225, 0.2668478879709776, 0.2494606487218889, 0.32461032953896946, 0.3212959306175637, 0.23511240326024277, 0.311779586628953, 0.35268220922879456, 0.33058390339526067, 0.31946448104398417, 0.3025807518960687, 0.336710816947654, 0.2904645078365329, 0.3428939153540489, 0.33239274612583886, 0.3124491328914551, 0.30542870768785557, 0.3047317769768009, 0.3421227556532145, 0.2427816640213903, 0.31050893310980154, 0.3081546839624022, 0.3355942067165213, 0.30434384796591524, 0.3139758645954448, 0.3178912914128972, 0.3000521909218629, 0.3799187258765039, 0.3571069630533225, 0.32152249042853587, 0.35879422718418974, 0.29657348499526387, 0.36996171839107395, 0.2999802215514018, 0.2700472676717416, 0.3232952188894334, 0.2694973166775119, 0.2550562247875824, 0.3179866974075223, 0.3408925353276066, 0.2564569774288172, 0.21307799571767821, 0.21361416780198422, 0.25822735882782244, 0.3488692148568059, 0.36933511026052135, 0.41310599585056224, 0.24389435101530416, 0.3253098581197731, 0.3132013707251807, 0.2041544733590533, 0.38216810120116806, 0.326949395183127, 0.29632832697330547, 0.26006560977043264]
[0.2512792340909493, 0.433412043435808, 0.33476546448057737, 0.4319525073576077, 0.3814100521147453, 0.3988657173495176, 0.2648979446138991, 0.18415743041435634, 0.2552724097528124, 0.2823095501444312, 0.1945207551183083, 0.27628014610596446, 0.30901402713580123, 0.27698022409412715, 0.31881021568502876, 0.37351650904284633, 0.38108385724433275, 0.35616624056960683, 1, 0.3710410744328941, 0.37234187906786154, 0.2552679530302702, 0.2451061725222817, 0.2891942352212953, 0.2519910155877938, 0.24018909070812786, 0.2416057661595683, 0.15120812084118268, 0.16775707491571884, 0.283451949137563, 0.35927436061430124, 0.4010240273124805, 0.25078986409340004, 0.26404533551780845, 0.2372414455852353, 0.22501406269614144, 0.30098472985196467, 0.2984041729211861, 0.22883190144149376, 0.3175173509969994, 0.3244533254621571, 0.3045264927112011, 0.32662760124289836, 0.2711488032370337, 0.30005369868855053, 0.18650814116695874, 0.31717025698004253, 0.21188262319557208, 0.2569310870789941, 0.30017803688298017, 0.24133785981541944, 0.32210898176361613, 0.22059826618271117, 0.38289796035610796, 0.3202016114482008, 0.30228522375525296, 0.23567368909415917, 0.2869492685506958, 0.2748689415310711, 0.289770816183508, 0.26979080410324047, 0.3674384658514431, 0.3588742135808274, 0.3207211551788981, 0.4179629514544809, 0.3727687705169833, 0.3482004785276953, 0.3230210695252742, 0.2923078866691406, 0.2287147161577844, 0.27018120993830935, 0.3632956624979579, 0.36875732248026727, 0.20461541017427765, 0.21724117727837675, 0.21546844592282827, 0.2472538145973854, 0.37813772558174297, 0.386256214812503, 0.43214151847686, 0.2538477467739254, 0.2763327927498754, 0.2762130296931877, 0.15288293526174002, 0.27105129445430953, 0.4161251439345884, 0.20944401962566234, 0.2692027767906007]
[0.30188347437372853, 0.3682118088384115, 0.3985603130065508, 0.38234022055401856, 0.37952367845370155, 0.4086960183206612, 0.3347255316839264, 0.2515700926494395, 0.32346099510703813, 0.27360703436682593, 0.2889813395432958, 0.23449453468819392, 0.3000802179196336, 0.27452968081390977, 0.2746418778893608, 0.3661153115111853, 0.4001520237623552, 0.380665152257298, 0.3710410744328941, 1, 0.3800457634735107, 0.23661760822375846, 0.368792944913321, 0.2960293194423309, 0.2799063029161511, 0.3308559617834152, 0.22638299430579736, 0.21914497411946413, 0.20769564012227854, 0.37305688548581245, 0.22970550286996727, 0.37993530897528244, 0.3370269422881487, 0.31819877739098085, 0.3260708901513357, 0.32350849292749906, 0.28621158699903687, 0.30450257104728184, 0.30893228897207825, 0.3611276029452359, 0.4121323664130252, 0.24739063676112166, 0.331358130160543, 0.273117705704936, 0.3368604653274943, 0.3402339312244229, 0.32761308032919045, 0.3412318272428582, 0.29919611395121914, 0.2746692161539539, 0.3038223539401162, 0.347707246890173, 0.2926111402706385, 0.4230947605672566, 0.25795865470135093, 0.3630304167417135, 0.31236642016468313, 0.23229327942841385, 0.34314875597919803, 0.3638655470526899, 0.3519190462852993, 0.40477150001014006, 0.36666101903821235, 0.3542656104937343, 0.2769438685911024, 0.3213352222954374, 0.36000421429641394, 0.2877335284922739, 0.2850596995056784, 0.2551404010678157, 0.3038068185631219, 0.3425553563067229, 0.34307085693069256, 0.3061308990018561, 0.27852839577349753, 0.25428937026141984, 0.31423494476260155, 0.39366361777580844, 0.38848364199242147, 0.3532512949221204, 0.28289716327171666, 0.3470194343636812, 0.32468657901554293, 0.24528247490884994, 0.391682596691211, 0.3178192739059076, 0.2825774634322902, 0.30271605382921685]
[0.3253863150465666, 0.4323874559510088, 0.3685516010453895, 0.4485109983889316, 0.4232216288808589, 0.4387535801273754, 0.30484200962567415, 0.26385497699165994, 0.30549373390052675, 0.29365684154017013, 0.24758898338500013, 0.29116659842327364, 0.3449571885182744, 0.3780417950380185, 0.3833900695205389, 0.361533458169201, 0.3657930813514049, 0.4076157621718184, 0.37234187906786154, 0.3800457634735107, 1, 0.29874150637221136, 0.3183134356996428, 0.3004184188309219, 0.3024474205096878, 0.27791623129290244, 0.29185391378991077, 0.22800936619923973, 0.18099882454115473, 0.3860592184780195, 0.37919693394920934, 0.4326780701891938, 0.273414712682086, 0.32116561026831447, 0.2756859732287215, 0.2658910418121267, 0.2649042499430132, 0.3148044659008862, 0.26754327888108054, 0.3148016309464925, 0.3748652700863913, 0.41899871007867207, 0.3196580921397303, 0.3775107219169349, 0.3528340984213956, 0.32066972469750255, 0.29931738367341465, 0.30333104153985496, 0.3783761745464474, 0.3238815198130212, 0.31387286191540964, 0.38519320671578916, 0.2702260750807743, 0.30054458283848584, 0.3387509427120043, 0.37809323737028583, 0.320382610205583, 0.3258376246424389, 0.3533753056389896, 0.4018170506234755, 0.3822045061294813, 0.3691606350927846, 0.3900759961667304, 0.3699137058130414, 0.391251257912088, 0.3913328400228247, 0.378757478998173, 0.3402781050399122, 0.3598872129850526, 0.277229419189472, 0.31198481678490825, 0.41356881325642847, 0.38840061487132904, 0.2899962012619677, 0.29284850375770743, 0.2884807147534646, 0.3264950242943083, 0.4497862034588205, 0.3618778284933964, 0.45872470384861064, 0.30882953120997475, 0.3201838101518691, 0.3971740361229321, 0.2694853794542607, 0.375282209680246, 0.3816908125586417, 0.256402436027572, 0.3030509959985354]
[0.3237111575142463, 0.3224824704121538, 0.205282289435513, 0.30826927877143695, 0.2607119345957174, 0.2324042203803921, 0.28824357685218827, 0.16836580125872128, 0.28489388851302505, 0.23916439044849147, 0.29409795922875404, 0.27641680223878046, 0.30866693472766765, 0.19697591362583639, 0.27665519105871095, 0.22673745330244421, 0.2566157322654396, 0.35885440910718336, 0.2552679530302702, 0.23661760822375846, 0.29874150637221136, 1, 0.3020883029182049, 0.38536838742333546, 0.35577508365954363, 0.1860658057968159, 0.1758008986412391, 0.26154364309055667, 0.2247459341096073, 0.22925117922481605, 0.2825120758480605, 0.23705388623727264, 0.24340948938534016, 0.2624713793903782, 0.24950873149567068, 0.19637627608251032, 0.2956795705887361, 0.30801451529094565, 0.21801276388243965, 0.27916268383232146, 0.30273363929445557, 0.3391851339693166, 0.39508369601438686, 0.3031491858223061, 0.29004283966176353, 0.25682878441629653, 0.32102794823892405, 0.2991733764053512, 0.30790904596975854, 0.23866941574916511, 0.2962447497303233, 0.26232257633481, 0.2934730362967422, 0.24690403685948314, 0.3288198561773938, 0.3061446234068045, 0.33059152387730545, 0.32531314187199706, 0.2737521654044099, 0.2743562281702043, 0.4114447511710806, 0.2971545880091038, 0.2684368709818015, 0.2640582406093613, 0.2517062313401796, 0.2847280907995606, 0.22376610999279245, 0.3782843894469892, 0.3443590915558271, 0.25925792078713983, 0.21726616274381363, 0.25487751464467967, 0.2762416902226824, 0.28640313850299165, 0.27710875237983074, 0.20759569905299172, 0.24810538625181303, 0.32769527230317747, 0.29954455696992044, 0.26953536999456545, 0.2498525788140969, 0.2526772896885501, 0.24265027382864965, 0.19351179882564665, 0.33692556246142646, 0.28171007695479816, 0.3233271202097546, 0.2499102479040693]
