[0.9999999999999999, 0.2008242983773339, 0.295055943427457, 0.21914710996200962, 0.45174200316964264, 0.27383838071403405, 0.11993672115080808, 0.12700223237338257, 0.4011332628768263, 0.0686585771303273, 0.298844585063971, 0.04998775079293228, 0.2830401735130439, 0.33945057486911134, 0.2971146835937612, 0.46628433247666157, 0.34148410400028517, 0.3801261180621006, 0.3248714613228173, 0.2633655287895692, 0.3303493595857205, 0.1989503230159391, 0.29362124687125274, 0.37260228392938377, 0.18001900831368203, 0.19681930791048743, 0.12626941520840504, 0.10249255047127862, 0.15384478036212548, 0.3534129746175737, 0.4787173718330447, 0.3164928341136406, 0.301868978533168, 0.3545765966267124, 0.301868978533168, 0.3765454249206572, 0.31782577613803803, 0.14994788285912478, 0.5407660780995452, 0.15841113857026257, 0.024420600520901614, 0.18498037715179735, 0.10794291959633355, 0.32371766476158464, 0.47413647486813704, 0.4285183066426064, 0.3114315327090088, 0.23287658188716054, 0.19458885924752944, 0.16336710833616644, 0.3887406138444231, 0.3347927367062122, 0.40485010061017085, 0.5105136879415331, 0.26602268549123176, 0.5135146332037479, 0.15762446221730042, 0.08397033619548137, 0.13182744363455431, 0.1330221391045991, 0.20163325281934724, 0.328056418378331, 0.37568513596154657, 0.2906474509700945, 0.4099977766672762, 0.4519663793865751, 0.318438011244649, 0.3744329949135491, 0.44381034202157704, 0.10902498913593553, 0.3276200789522164, 0.3324013379620582, 0.5041950580159626, 0.16933786890841127, 0.3484169169978044, 0.45111421128101353, 0.36714557539438397, 0.3369485246707177, 0.39773301890035534, 0.3284674461919754, 0.16096189592875973, 0.06582816523341026, -0.018587195528295027, 0.2906184772114966, -0.038834211743174925, 0.40254507086176156, 0.18983976144781758, 0.11639604972504254]
[0.2008242983773339, 1.0, 0.6494007795500396, 0.6544143607745698, 0.5283694426029505, 0.5529310262183992, 0.22567934604270637, 0.29854064635657, 0.16228813489211658, 0.39114254172081775, 0.07664825622253645, 0.3733298433072927, 0.45163882787797915, 0.5726701184931519, 0.6252148686706143, 0.5511681921983433, 0.44317421221312603, 0.4796770536017312, 0.4954503328548626, 0.49083097722446617, 0.39962233843684175, 0.3138788145406798, 0.19688450645407476, 0.1756453613823438, 0.32120265477375237, 0.2317667370744913, 0.187187881265097, 0.16853936851554843, 0.30562580580434395, 0.5133993584624356, 0.47315073286816484, 0.5486362449748878, 0.11776415423949504, 0.31230094661695573, 0.11776415423949504, 0.2459239790311022, 0.12897827678830864, 0.2355620056656418, 0.06098695505554841, 0.11917530225222493, 0.14611545974587403, 0.16659724460526115, 0.07531070702566174, 0.2552091068982034, 0.12922374448293408, 0.1888317792248612, 0.3140854072693798, 0.27718273266220783, 0.2785588120511899, 0.24792299810088894, 0.13716904178278316, 0.2584107142505457, 0.14731698377040794, 0.44283170090709884, 0.2568141969147801, 0.2641478143247481, 0.2345009360547987, 0.24891670099923324, -0.013802146624968353, -0.13241266238779398, 0.20289457693787954, 0.4484054353244363, 0.5195323670479122, 0.5062405246354087, 0.4666460453321537, 0.39025684204785427, 0.4806220655501382, 0.4678909472004263, 0.4130922151066335, 0.12801237298129764, 0.30926551765964383, 0.659195765400249, 0.5337500674412647, 0.16116729243559028, 0.07255589349261052, 0.11377049708038778, 0.21772521706142434, 0.3443679319198715, 0.49324585038669516, 0.5054536563347976, 0.2132749849568614, 0.35666497231123717, 0.4832897041239581, 0.08700198711414815, 0.2657674930530805, 0.4592655496456165, 0.2397582851197869, -0.06915362806680207]
[0.295055943427457, 0.6494007795500396, 1.0, 0.6255925058765154, 0.8448981935201654, 0.6649703839148059, 0.40201912620683156, 0.42552868925494713, 0.3229285531985227, 0.4634972807202096, 0.27563450114085863, 0.452635990143594, 0.6610942927204684, 0.683724530032525, 0.6638317867596947, 0.5197071409116831, 0.582475045575997, 0.5029643177258613, 0.7053330441849046, 0.6750075141995628, 0.46353879649093166, 0.2959011832854816, 0.23970416528132232, 0.3101094532154414, 0.3276808872070946, 0.2500131107640417, 0.17690806552180727, 0.22219115863734307, 0.1791885390965343, 0.856679820818283, 0.42606892117001205, 0.6424421006014487, 0.273650377908815, 0.48016575561355557, 0.273650377908815, 0.3549661288678188, 0.2764925382886624, 0.2648214193921075, 0.3178096648656366, 0.2087019720746339, 0.269852172382559, 0.2835633116215295, 0.12349377021267838, 0.2540366636407127, 0.20505165698821953, 0.44107684923552537, 0.39367213656864664, 0.31139533603418224, 0.2959025605099929, 0.2952046849051837, 0.3485541749941431, 0.3271594896294274, 0.3878841303075524, 0.6080186963416627, 0.28685565935503654, 0.3925654357450341, 0.30909678436330507, 0.30989453440519976, 0.07403803792993296, -0.07383608248584675, 0.22169765041406397, 0.5504142746909687, 0.5349106791167041, 0.53902389348006, 0.45194537241262145, 0.433290006241895, 0.4689732212577435, 0.48206186147596747, 0.6079640166029018, 0.30509790496560973, 0.3056416406388373, 0.6910236869335252, 0.6904183277183465, 0.24790507253633856, 0.05182359868590706, 0.20394078334002552, 0.4474756867585589, 0.3926034217652163, 0.6166408854267844, 0.6839997688017326, 0.28325988917380956, 0.37045217562317734, 0.5534925407382552, 0.15149088809325995, 0.2544301445823627, 0.5815514122323826, 0.2653918382390232, 0.1602743382106954]
[0.21914710996200962, 0.6544143607745698, 0.6255925058765154, 0.9999999999999999, 0.5617348816479123, 0.5696129124569447, 0.2816987217324324, 0.30211538011630557, 0.2273120200407314, 0.3064366287700014, 0.11479623768818827, 0.4266593246819095, 0.5210134623872358, 0.5681295067268494, 0.574312766899835, 0.40231432373035364, 0.4400922694791096, 0.4774618526716408, 0.5646340828630557, 0.5396151526406515, 0.42599354640257303, 0.3710926090804784, 0.24478664991403434, 0.23166596689527572, 0.49013191393002326, 0.18716825119189667, 0.18788274778373354, 0.15503260663724988, 0.3105695412643897, 0.574936035288712, 0.3184493992817945, 0.5576347689483977, 0.1856637174575314, 0.42185012599853583, 0.1856637174575314, 0.44481448398840057, 0.21790256585744144, 0.39401792274950936, 0.16688487276733296, 0.1740075867787027, 0.3393724914012145, 0.18472143625479548, 0.1388576880958534, 0.3367795657567017, 0.1272772230593276, 0.23410294197985645, 0.33244777531828135, 0.257062312731091, 0.24775939647811385, 0.3724360644741999, 0.26139870984223695, 0.1441993736884483, 0.1570590575305722, 0.4345015652110027, 0.3536566450542456, 0.1462011203738703, 0.19538513968270757, 0.07322237718475862, 0.007165741184034782, -0.001728873838400644, 0.28406454588685204, 0.38381261764212654, 0.4328074153064115, 0.4352823257164019, 0.38843755934809376, 0.31901623145602986, 0.3760189108615279, 0.35444278677209595, 0.5313234312550035, 0.19091268840584125, 0.2778944523430325, 0.6299461214748923, 0.5106518770587518, 0.1490426077386547, 0.011660120926783086, 0.13185664158602642, 0.2806792506809976, 0.4035741030145217, 0.6418502802769593, 0.5847318935445692, 0.3364853297635517, 0.26809910215285077, 0.4155943071775042, 0.10808417455490087, 0.2842706362366229, 0.5746477776547684, 0.3034030106203694, 0.06344463079326663]
[0.45174200316964264, 0.5283694426029505, 0.8448981935201654, 0.5617348816479123, 1.0, 0.6001026994662739, 0.24745222142834267, 0.2888069323949668, 0.3336356319573565, 0.3285212691896512, 0.21248677635214552, 0.3456456366477207, 0.7237631599748575, 0.7727108822957546, 0.6575350855010694, 0.5949054124814984, 0.5999354998460669, 0.49274580067945495, 0.7199599746341886, 0.6343566016953013, 0.5202081402319992, 0.1939011734789986, 0.18790620538154745, 0.255438591551653, 0.23426227540786337, 0.2915382279067652, 0.13960840756229992, 0.20021743220027988, 0.10654103372012416, 0.9151831728862204, 0.4697765447833606, 0.6152381963376681, 0.25175927479747046, 0.44020544471407635, 0.25175927479747046, 0.40574786271352425, 0.3352014803523409, 0.26688993437048186, 0.35524994030299156, 0.2345295382443564, 0.20857540005723157, 0.2758509627922267, 0.17252620970081634, 0.22286836304872462, 0.2790340254621431, 0.422561555114991, 0.4329687972528308, 0.33247310644656247, 0.27021501100665696, 0.26013616199214407, 0.5285817642160342, 0.26565597862054674, 0.4780261952016364, 0.6985604407703611, 0.2318363902312576, 0.4039700980105193, 0.2595423900041665, 0.18171668958628368, 0.05542584429638218, -0.05850260008082056, 0.1399289927293085, 0.5308461505316306, 0.5172055158445024, 0.5246510193116325, 0.42234067968618366, 0.4763946977140319, 0.45770070841802557, 0.5075455845378946, 0.6827707138243686, 0.33763414549392495, 0.285495433866522, 0.7330479226459784, 0.7969472698716592, 0.20627388174881817, 0.16944746306709196, 0.24892972274770261, 0.3872348058635998, 0.36979261161207194, 0.6716879373232, 0.6865860082741694, 0.23849837652190667, 0.3333482785418892, 0.4400634196292523, 0.10116381256153416, 0.09617771372443759, 0.6041229928100124, 0.11970505715694794, 0.06730244788492205]
[0.27383838071403405, 0.5529310262183992, 0.6649703839148059, 0.5696129124569447, 0.6001026994662739, 1.0, 0.2735529807266707, 0.27433774603652544, 0.2609450775637294, 0.49376935809216055, 0.20788308663581262, 0.532178179323171, 0.7670209648059463, 0.7520950213056649, 0.7174395419593298, 0.6102910187477965, 0.6648981960953658, 0.5876762445237909, 0.8127816950075446, 0.7610499832016738, 0.5349446266378458, 0.31873195619871336, 0.23939774021486218, 0.2810913106427757, 0.3373685735202545, 0.2605608165173608, 0.14254067906931595, 0.163304693344579, 0.2700335599397881, 0.7395502343288537, 0.5331924363697899, 0.937106384076823, 0.2768359821612036, 0.3458255002547854, 0.2768359821612036, 0.3226872683737049, 0.2679446740144146, 0.16276684422889318, 0.3330812959165509, 0.11452383015120243, 0.24787226231956885, 0.15408418425269121, 0.04568265002850874, 0.20626708545789496, 0.1688450171284598, 0.23243102616705658, 0.27237705314193406, 0.18723365578958012, 0.1913059591964665, 0.16887395247505485, 0.35503667081022255, 0.2555188125528911, 0.35722752933099056, 0.5618239224421981, 0.14703299588460544, 0.34002372839077494, 0.24192167153874472, 0.18628308041597993, 0.03002394822123893, 0.04076559432943827, 0.3228143945808743, 0.6176663642426139, 0.5986323211885665, 0.6564929465429381, 0.5889039275151292, 0.47394802250930135, 0.6253341215388942, 0.4604499437606253, 0.6116893486741597, 0.14906663524398242, 0.21281280238408634, 0.7437741342287463, 0.6043348664251251, 0.14551304213994598, 0.016380594547222974, 0.16576216269487154, 0.13397640905472935, 0.49552067791701226, 0.7678244263918564, 0.5950204551238909, 0.3752175917129476, 0.37527695839803016, 0.4099525512351106, 0.03302785986905773, 0.24922638369259842, 0.799946348983485, 0.4406980642305173, 0.0387306735229135]
[0.11993672115080808, 0.22567934604270637, 0.40201912620683156, 0.2816987217324324, 0.24745222142834267, 0.2735529807266707, 0.9999999999999999, 0.6686161743972711, 0.5995031206338624, 0.4361279516622439, 0.4031262885652761, 0.3450032634578051, 0.34062977532773403, 0.2952483839937046, 0.30956562168128027, 0.21819165654648423, 0.2821299636357702, 0.19810979212257132, 0.2772167281843693, 0.30476563768459985, 0.19755498961246554, 0.2782746387568914, 0.3761817498900934, 0.4297553052217672, 0.46595078634225806, -0.10564830389983591, 0.02643192962449786, 0.20707260478106226, 0.15051310729987397, 0.3331639504458063, 0.13152152855308788, 0.235977109482601, 0.12624067202964967, 0.4847926181618454, 0.12624067202964967, 0.29351320929459784, 0.11912904307566327, 0.20028815788151116, 0.2455547226550678, 0.12172306542385736, 0.2986464104506835, 0.0596695612364372, 0.09561632678287298, 0.22960053428655183, 0.0566500057571753, 0.19139781073138892, 0.07990625945054147, 0.050565496335603824, 0.050859634445338614, 0.15251219325533175, 0.10917577252979284, 0.24578293176701616, 0.19122205425848188, 0.3142964650544724, 0.280968581679723, 0.2692219463135531, 0.16672417567394535, 0.2472174584909174, 0.1901803919713107, 0.021295827612136196, 0.2180697013511868, 0.21517379827218594, 0.23371605590158087, 0.2328206212682031, 0.11455603275380512, 0.09224348539319449, 0.2672434520085686, 0.2821802799431378, 0.26386590548908734, 0.21882547805849023, 0.21114103148667002, 0.25972916723687095, 0.22261836031023827, 0.07942807049201794, 0.001319573404320464, 0.08201177269216206, 0.3567373184699761, 0.33105859494710754, 0.1953229934166821, 0.30485401845226573, 0.2746635790175387, 0.09061062090810394, 0.3715440419760792, 0.34940163573952154, 0.34631920664314236, 0.2817368563959683, 0.15524745901227752, 0.2126394031481945]
[0.12700223237338257, 0.29854064635657, 0.42552868925494713, 0.30211538011630557, 0.2888069323949668, 0.27433774603652544, 0.6686161743972711, 1.0, 0.4789627487888802, 0.2800169651944745, 0.2672874810103562, 0.24460414607363623, 0.33866932841308023, 0.26339095283637665, 0.35695475768356444, 0.2612683163472601, 0.24614065524830495, 0.15145671374856418, 0.24559092428266444, 0.2718243278254314, 0.2213438583295627, 0.46187734359747573, 0.3423256279373444, 0.25304340427475663, 0.331620211296959, -0.0498296783312434, 0.04045869051081094, 0.17872906138123687, 0.017933119843953228, 0.30791201978583277, 0.17720895776485293, 0.26698036777667444, 0.11504927577135501, 0.32556361871806677, 0.11504927577135501, 0.23601962285623737, 0.05388183123955129, 0.24816436476947, 0.1778495254402931, 0.16388337536845451, 0.24780722067516234, 0.10521835097422638, 0.1682923550892995, 0.26854003085914946, 0.10138095049125467, 0.29036602282671886, 0.2777534500362392, 0.24963691199281485, 0.2119071426318737, 0.1417465283405058, 0.08570996795423669, 0.19668322766506402, 0.14855209628976182, 0.23176307556978398, 0.13758618928061397, 0.18498152346595123, 0.15064785879305745, 0.19570759092513082, 0.09759570890998027, -0.05533324475117906, 0.13074763910668047, 0.2837780955206374, 0.28243890285102835, 0.28868948207547, 0.20200881057514533, 0.19173147471323285, 0.3160264366143511, 0.22928831532770755, 0.19127508174162453, 0.19956472487087992, 0.17648162561237274, 0.24951571058762517, 0.25323598374027656, 0.12558416022001698, 0.0057586013880256085, 0.11578116615360123, 0.3415497242580361, 0.1988658163604237, 0.21567299523314923, 0.31134025773822205, 0.28590886141671323, 0.08764474366892044, 0.29526228096241003, 0.26451183673389084, 0.2964818016756481, 0.2638230062937093, 0.1953074987253837, 0.23551387191697815]
[0.4011332628768263, 0.16228813489211658, 0.3229285531985227, 0.2273120200407314, 0.3336356319573565, 0.2609450775637294, 0.5995031206338624, 0.4789627487888802, 0.9999999999999999, 0.26443369521942145, 0.5091161521475855, 0.19386735429268853, 0.4058093503448071, 0.3560298386876502, 0.30693300296806303, 0.24011893578061097, 0.22015695442489733, 0.26429152924094473, 0.41588419385028114, 0.3196385184105754, 0.3047325404602131, 0.1675451375080919, 0.27589329581375527, 0.5774139945101776, 0.16123449156009492, 0.033348456101697684, 0.01773407307345117, 0.20843848279320978, 0.033902743456591264, 0.36076138421687065, 0.28154453213851505, 0.27852156937511735, 0.19338106659555013, 0.5390437674754575, 0.19338106659555013, 0.38147184576370097, 0.25754194868087305, 0.16467040171309297, 0.5269808165260297, 0.06947400770061811, 0.1554433533252326, 0.09490190664124014, 0.20409726403792178, 0.1191943888443011, 0.24446664057291154, 0.4109405162854462, 0.13068245200958936, 0.0641499506786046, 0.03252335381880002, 0.11421873001764667, 0.12474899752042401, 0.3051210681535123, 0.20888366192467678, 0.36468688683633055, 0.24829638541188565, 0.3487161134121561, 0.15162157416358016, 0.16604020406558362, 0.13802307384219847, 0.0023413158382131908, 0.10203005836675551, 0.2011934614323991, 0.230889405994066, 0.2168908604544742, 0.2163301215633433, 0.238729981454916, 0.22418413876420887, 0.28429279424601667, 0.35112660271553875, 0.162606913381189, 0.18660676080283442, 0.23634773262352562, 0.29779054933402754, 0.10763645962417769, 0.08400823297941393, 0.27982261845912826, 0.46121912368890944, 0.32130338295078753, 0.27913875420352324, 0.2973366105376475, 0.21156337994078045, 0.0024390064908136094, 0.158339626133058, 0.4087174195636315, 0.15352848067841426, 0.30117566156551734, 0.1323970618732431, 0.13331970857787112]
[0.0686585771303273, 0.39114254172081775, 0.4634972807202096, 0.3064366287700014, 0.3285212691896512, 0.49376935809216055, 0.4361279516622439, 0.2800169651944745, 0.26443369521942145, 1.0000000000000002, 0.3578633412481876, 0.784288145942946, 0.4818382021690004, 0.44765016320972045, 0.42285137124510147, 0.33171844705958287, 0.29575034500746594, 0.3755587639351507, 0.46576857606789257, 0.3505376990765448, 0.19716210152843192, 0.18311404322635708, 0.3781845253714808, 0.31319218382483055, 0.3558417219728844, 0.21748626769837304, 0.07019363748304762, 0.1897652675035444, 0.151124777615916, 0.44267094380161404, 0.24798459762192362, 0.4307541655670175, 0.055708129471869365, 0.2914502110541161, 0.055708129471869365, 0.29414064602973033, 0.09133780820251576, 0.16995040749105764, 0.1333524070361085, 0.13635821026590125, 0.1966200371648457, 0.2382559919328778, -0.07058594846955867, 0.1695092754217866, -0.05615988807443686, 0.08499526435885488, 0.06694210443186317, 0.12482942958473749, 0.21424246904638716, 0.13778094607819075, 0.22163470218810605, 0.2511508078861229, 0.1918443805941777, 0.3209889833021443, 0.2400976436563807, 0.31847493959440126, 0.16137658742672936, 0.29753260139878107, 0.09888708834299442, 0.029354345092428367, 0.13550230480939177, 0.3606464556904366, 0.2979914402275741, 0.33263931953288745, 0.23036351280672485, 0.14702322921665878, 0.3469713372158856, 0.2534797099711826, 0.3045714842844293, 0.22702557951568691, 0.2645537017588765, 0.4272881603590649, 0.19029074843455987, 0.08104693599433696, -0.011043277970188935, -0.027369448340263034, 0.09103195234197964, 0.4244496802171382, 0.3396418014234228, 0.4107643810286293, 0.2307132732602483, 0.31551362629733004, 0.4631034106663335, 0.001801622271545877, 0.24857058854078984, 0.3834014139430786, 0.2806801026396846, 0.06284278723160887]
[0.298844585063971, 0.07664825622253645, 0.27563450114085863, 0.11479623768818827, 0.21248677635214552, 0.20788308663581262, 0.4031262885652761, 0.2672874810103562, 0.5091161521475855, 0.3578633412481876, 0.9999999999999999, 0.31371024454893626, 0.19479446424691257, 0.22879396840943386, 0.2076559443110416, 0.24456699363708778, 0.19644319291412904, 0.24005712361138337, 0.22166218009083402, 0.18108117135545332, 0.15166943865429064, 0.07837066855449087, 0.26114163471954, 0.3836568415673289, 0.23510246125183037, 0.1277986547585124, -0.08883032389494337, 0.1049273875550437, 0.027160972462954226, 0.24699511157902193, 0.2637687791182624, 0.23111267218415643, 0.032623153834939515, 0.34428589514113467, 0.032623153834939515, 0.15131084299162623, -0.0438839148292409, -0.09903221063077532, 0.32889376534181447, 0.04321737048543054, 0.029259935132462323, 0.014717019227216854, 0.023428150135694, 0.06433789943373372, 0.1711843299863171, 0.3325825524903617, 0.12099221516647896, 0.08421311719116176, 0.11964172365701103, -0.08967430254730396, 0.10735527941689382, 0.18379894745302475, 0.23634280642094, 0.20263792879419049, 0.14639947406186948, 0.47279091427026054, 0.2054572701089448, 0.28114693865266444, 0.22960023520198328, 0.14992858413339774, 0.13219125471053828, 0.1957259355601318, 0.22112274830551806, 0.1634869910271962, 0.20243091135304245, 0.1785250928933201, 0.19800638741684315, 0.21464140005911264, 0.15851914775065257, 0.14556227380664316, 0.10234963897737648, 0.2789533004492053, 0.14618034085055326, 0.05777794521105017, 0.02095034361365043, 0.22149298064950665, 0.32949112248063533, 0.21078684926684052, 0.1510338569601806, 0.14730139807020973, 0.15634947052036804, 0.14635519662946364, 0.1397164274983013, 0.23567614632236528, 0.05086788900766214, 0.27071335795110374, 0.21873811001174692, 0.06647779903223344]
[0.04998775079293228, 0.3733298433072927, 0.452635990143594, 0.4266593246819095, 0.3456456366477207, 0.532178179323171, 0.3450032634578051, 0.24460414607363623, 0.19386735429268853, 0.784288145942946, 0.31371024454893626, 1.0000000000000002, 0.4124687917468497, 0.41389801422845257, 0.3745665777214545, 0.34815618934704823, 0.3120167872599813, 0.3145507399229496, 0.47158167408987534, 0.33738891872417137, 0.11816779168555329, 0.11870572651877873, 0.1861434797678822, 0.04536653126459733, 0.3825270038260356, 0.3480485558034939, 0.03944993763525988, 0.1087953300726402, 0.11387891365943693, 0.43245147236583004, 0.3405517971944458, 0.46693379331890916, -0.05250328009495181, 0.1425685677437436, -0.05250328009495181, 0.243089568181852, -0.011931705625872695, 0.18623389411493468, 0.034949720897017936, -0.037579202267121234, 0.12370916513158302, 0.12833882505269475, -0.08905497239044285, 0.05488458834242641, -0.0942249287473833, 0.09041700897957777, 0.15741221800692184, 0.1631623299131666, 0.19676239533159046, 0.10004988029953796, 0.14055720725785253, 0.22576266664787906, 0.13004213244846183, 0.21841644255416184, 0.08334147902808434, 0.21706417943238326, 0.010759299080890078, 0.06570795429154117, 0.03718726343858661, 0.1437680170951484, 0.08052616880563578, 0.34610435018629027, 0.2896145030722217, 0.334851801827232, 0.2740316275594107, 0.12315747910819375, 0.3313548013530593, 0.2754917637386903, 0.2931981928219972, 0.1573154793565334, 0.0940559865895196, 0.5279310671965506, 0.27397585206617137, 0.10773552153275533, -0.1705928004361771, -0.07558738572907275, 0.059325455099219826, 0.30334936078151276, 0.5003856011886454, 0.34055696950642234, 0.21537388186519055, 0.28700449593239963, 0.34962706453652537, -0.09631916379194416, 0.18108464724445617, 0.4391546692372373, 0.2472459621376329, 0.14389011379456265]
[0.2830401735130439, 0.45163882787797915, 0.6610942927204684, 0.5210134623872358, 0.7237631599748575, 0.7670209648059463, 0.34062977532773403, 0.33866932841308023, 0.4058093503448071, 0.4818382021690004, 0.19479446424691257, 0.4124687917468497, 1.0, 0.8578987765304954, 0.7330123833666427, 0.5698662136880827, 0.6347349401041082, 0.5280805683519183, 0.8511768979658011, 0.7687452362108714, 0.6377527500421958, 0.20783615332257332, 0.22720021166237525, 0.3315945483964262, 0.2611303971420144, 0.08515141690906111, 0.02391046172802471, 0.16824844442556333, 0.11650412239780304, 0.8187970080918257, 0.4441936853652664, 0.7401471693085002, 0.29353856698114067, 0.46232634644021336, 0.29353856698114067, 0.4556306980109233, 0.34383714692268613, 0.19057192260753783, 0.40416535923572067, 0.09427958341059023, 0.14887075662027563, 0.13569327766621844, 0.06272552138368029, 0.09504012117756823, 0.10507015095700493, 0.19319902333686648, 0.3099903293898126, 0.23590471423861997, 0.18980587358021453, 0.15515678322798962, 0.4961372193000811, 0.23221848837260917, 0.4387023950165381, 0.6305446609515485, 0.20469966172671833, 0.2550816605245452, 0.2673427175986956, 0.1656847968472809, 0.07049235832681451, -0.04961057122032382, 0.2786856981852483, 0.5940140821026468, 0.5845949791875197, 0.6068715595764483, 0.5055306228059214, 0.4864705341983167, 0.5794438844590305, 0.4639068606517034, 0.7063350570839214, 0.33266569361428167, 0.23798535742954446, 0.6880446274134712, 0.6143263149347887, 0.06694352393417775, 0.05632275788618408, 0.10529403786442759, 0.1756345154566392, 0.5312361068095015, 0.6801690168725929, 0.683617796756643, 0.39569526782061065, 0.3159414896719039, 0.4665809875273359, 0.11309200169188091, 0.2257875708242346, 0.6855082834903498, 0.26701783359719267, -0.0038705968280015103]
[0.33945057486911134, 0.5726701184931519, 0.683724530032525, 0.5681295067268494, 0.7727108822957546, 0.7520950213056649, 0.2952483839937046, 0.26339095283637665, 0.3560298386876502, 0.44765016320972045, 0.22879396840943386, 0.41389801422845257, 0.8578987765304954, 1.0000000000000002, 0.8899860362908872, 0.7382720405240293, 0.7083204178360546, 0.5040559798569503, 0.8202282685861452, 0.7460284359902081, 0.6377827331580258, 0.2715692584370468, 0.2986217198500752, 0.30279474791970107, 0.3241687445668843, 0.1819552389717025, 0.052288222481547755, 0.12867505470729868, 0.1885724184741849, 0.8228758074055, 0.4886517624593517, 0.7259355285816036, 0.2087772364271307, 0.41155877259022594, 0.2087772364271307, 0.4225430560087304, 0.3300863010596986, 0.18616518799272608, 0.3602023057823694, 0.16647581113994656, 0.18021543139629467, 0.17622163223681153, 0.12467913553044127, 0.1358052978752264, 0.14497919810415333, 0.19202719515028424, 0.28891128744492445, 0.1967322138506801, 0.14663935381506646, 0.1514726443021113, 0.5180599242117481, 0.26736238324972494, 0.4359221849492164, 0.6911087905070692, 0.2464677148513834, 0.34496561259642833, 0.2608991002165723, 0.16253278269988614, 0.17331670106680747, -0.002723417704531482, 0.34093492096451966, 0.6487366479255595, 0.6837903467014661, 0.7166771503216162, 0.5162343889864454, 0.5784285648107157, 0.6173659138460161, 0.5133831132808274, 0.7182262657671388, 0.28958283389200934, 0.2792846679575422, 0.7739574945549138, 0.6470402615085047, 0.04813608205596154, 0.11114680171640161, 0.1340218205822911, 0.1845867100169601, 0.5518026844331626, 0.6931481239221504, 0.7109023355859999, 0.4530522523063615, 0.43056566330108303, 0.522011400993825, 0.06650445101298506, 0.25018633833469367, 0.7236679732784516, 0.2749238987881616, -0.07586316078963007]
[0.2971146835937612, 0.6252148686706143, 0.6638317867596947, 0.574312766899835, 0.6575350855010694, 0.7174395419593298, 0.30956562168128027, 0.35695475768356444, 0.30693300296806303, 0.42285137124510147, 0.2076559443110416, 0.3745665777214545, 0.7330123833666427, 0.8899860362908872, 1.0, 0.7228714482979252, 0.7628665356067406, 0.4246940881570048, 0.7676884617420249, 0.7082487799940405, 0.5742124656444826, 0.40079523183291915, 0.43354529176387663, 0.2746244513788219, 0.3670439213080723, 0.1951348585303522, 0.0906830064508503, 0.049068686646612986, 0.23922041308560557, 0.700428323393562, 0.4207462270403642, 0.6619870656825462, 0.19781413331178435, 0.4218651150795063, 0.19781413331178435, 0.41783958179312425, 0.3309248672116654, 0.24277461606396827, 0.33074761185422347, 0.23974355235645392, 0.2476931535000846, 0.22157849517163297, 0.15799938197137445, 0.2408125391134393, 0.09893106734200909, 0.11794205809260641, 0.2831858998705715, 0.22334696589437245, 0.20349830183483184, 0.23765652708603038, 0.45285862667074783, 0.3207382398345971, 0.40365972121832583, 0.6684586225304904, 0.32696153162214653, 0.35118060921663125, 0.3263921472845498, 0.23619345000455483, 0.24156342048257656, 0.040093620711331907, 0.44507028886911465, 0.6220613774968822, 0.6559253768402935, 0.6572666729932081, 0.47795951428410255, 0.5231658387333311, 0.5941531489830627, 0.5053602744652606, 0.6704537225346054, 0.2995133592390558, 0.3733424727894234, 0.7135234686078983, 0.5705510851259877, 0.10529675490285045, 0.15627538068675517, 0.09555973142675275, 0.16994497223587013, 0.5458711645895156, 0.6060545178367934, 0.6563176169332812, 0.46948475075355534, 0.4458466365949898, 0.5607086362445699, 0.11626599238034035, 0.32666143599831965, 0.7495355096797502, 0.31864705263314685, -0.03483815242303207]
[0.46628433247666157, 0.5511681921983433, 0.5197071409116831, 0.40231432373035364, 0.5949054124814984, 0.6102910187477965, 0.21819165654648423, 0.2612683163472601, 0.24011893578061097, 0.33171844705958287, 0.24456699363708778, 0.34815618934704823, 0.5698662136880827, 0.7382720405240293, 0.7228714482979252, 1.0, 0.6780310793692955, 0.46583849543703676, 0.5754081425684346, 0.6222484198139329, 0.6443772388130901, 0.47869544285947824, 0.37695294207094493, 0.269129197705646, 0.35542406208762245, 0.39722322291574785, 0.17105160459553545, 0.09360630620722447, 0.22513961341039593, 0.5667574171353851, 0.6086515737842175, 0.6033850684795389, 0.2442287781504086, 0.38968475998052426, 0.2442287781504086, 0.3796994121432112, 0.2721862326120299, 0.2276566736730427, 0.3826123487259126, 0.2332804413230722, 0.18020458302207082, 0.24385096067256853, 0.15987033580023965, 0.24388288574641057, 0.22350788159762508, 0.17470325022016367, 0.32643068279690385, 0.175643806797049, 0.1785524700899925, 0.19980545317234344, 0.45689656964511494, 0.45589828595714454, 0.4322207407992635, 0.7123175663399334, 0.24395221125858077, 0.4376075738906478, 0.26001774235878, 0.17911923419721157, 0.2032436883599949, 0.04343275408751343, 0.29069437650014923, 0.6953058396599905, 0.7490582567270078, 0.7571695687722992, 0.6217147199587727, 0.7090122010375857, 0.6832730470740181, 0.664581314610913, 0.6170622032558087, 0.35445484770922786, 0.4003190376259799, 0.5899610516736862, 0.5919812621114646, 0.15002094217663042, 0.24503259791955861, 0.1839360795596653, 0.14374083480151106, 0.5260246897153088, 0.5882681059207024, 0.5792895762085928, 0.4092772772329788, 0.5479091810971737, 0.4275477898576905, 0.05693130115418795, 0.15546845929271103, 0.6456503048991835, 0.24417832415650653, 0.09117467237378198]
[0.34148410400028517, 0.44317421221312603, 0.582475045575997, 0.4400922694791096, 0.5999354998460669, 0.6648981960953658, 0.2821299636357702, 0.24614065524830495, 0.22015695442489733, 0.29575034500746594, 0.19644319291412904, 0.3120167872599813, 0.6347349401041082, 0.7083204178360546, 0.7628665356067406, 0.6780310793692955, 1.0, 0.33300754998301074, 0.6785270703682393, 0.6450157361310297, 0.5717883692091832, 0.31196630200611153, 0.2983258995237023, 0.2807594964178357, 0.2631860853091066, 0.1827542109851902, 0.06706262389993606, 0.10441686248816548, 0.22209950424176023, 0.6316695875754617, 0.349061839190258, 0.6616869134520378, 0.3313215855823237, 0.43665029416648254, 0.3313215855823237, 0.42384329487033406, 0.4459173724991555, 0.2782312837306207, 0.38615658302048245, 0.29106621896541235, 0.2715248912239005, 0.2614681535308025, 0.16432754278474607, 0.349633833816085, 0.13929491340633454, 0.12187315268975397, 0.17250937350618833, 0.129514873673761, 0.12836383113691544, 0.255305726777582, 0.4845986370667188, 0.4135614989516071, 0.5063895156160758, 0.6460026281922727, 0.361779019387024, 0.35863074068650486, 0.3526997821552562, 0.29497675081774966, 0.30462709376762603, 0.11831196174532017, 0.5603947001681829, 0.5680748007609997, 0.5423378324647526, 0.5358150073556066, 0.418643332629053, 0.4824551706988841, 0.5038587410397414, 0.46423619043402853, 0.7080303605203616, 0.43976738999483855, 0.3420030547744558, 0.6047907306549412, 0.5459553677294321, 0.07167427017677268, 0.1724338016165551, 0.12425111210428429, 0.16354401167375335, 0.5675815226393947, 0.5999568172327119, 0.5831893885812156, 0.3427158291651724, 0.48867958261701383, 0.5356400625086228, 0.18397025943941264, 0.2794732144103717, 0.6914366870207382, 0.31758341173409405, 0.0006330194444827012]
[0.3801261180621006, 0.4796770536017312, 0.5029643177258613, 0.4774618526716408, 0.49274580067945495, 0.5876762445237909, 0.19810979212257132, 0.15145671374856418, 0.26429152924094473, 0.3755587639351507, 0.24005712361138337, 0.3145507399229496, 0.5280805683519183, 0.5040559798569503, 0.4246940881570048, 0.46583849543703676, 0.33300754998301074, 1.0000000000000002, 0.6271751771648083, 0.512917270453226, 0.39040958724362385, 0.3306727911333741, 0.22576577516038926, 0.27697389279493917, 0.33156812346833203, 0.2863954409339357, 0.2929234393509648, 0.23550793375087942, 0.316383070537396, 0.535642988164144, 0.40883436944025653, 0.6124979223759975, 0.21380589824398513, 0.35572425942495645, 0.21380589824398513, 0.3726723360735349, 0.1964566233477203, 0.1807990377753519, 0.31441412748928976, 0.167918423895587, 0.13738547661717818, 0.12617768150953187, 0.07049245432089327, 0.2731909664413979, 0.29158205098800155, 0.3738896860132242, 0.3560891813391821, 0.30021609029007335, 0.31401442537042457, 0.2696903553853901, 0.30827067156653687, 0.1532016484572201, 0.2526570466553806, 0.4917757678553492, 0.24080887190998232, 0.2990383793313351, 0.23078567199095223, 0.24346723785061514, -0.025043725809145868, 0.010872533437254263, 0.20913828349530347, 0.4709381583722463, 0.42978699529233033, 0.4091175699053125, 0.5762729319780391, 0.4314643297389479, 0.5095307649704722, 0.48952698051579946, 0.48865738139149034, 0.10117667287564827, 0.226786049691963, 0.5706691898518861, 0.5674880537085826, 0.23336504531725671, 0.08645589866854006, 0.3205135445367943, 0.23605139690829263, 0.4239419262316863, 0.5953781871838768, 0.4853793354388544, 0.27519150526558006, 0.26428906597766744, 0.27351542737826945, 0.01539867500726722, 0.08519410410276992, 0.5136514358747644, 0.24557183632559654, 0.18141169652648878]
[0.3248714613228173, 0.4954503328548626, 0.7053330441849046, 0.5646340828630557, 0.7199599746341886, 0.8127816950075446, 0.2772167281843693, 0.24559092428266444, 0.41588419385028114, 0.46576857606789257, 0.22166218009083402, 0.47158167408987534, 0.8511768979658011, 0.8202282685861452, 0.7676884617420249, 0.5754081425684346, 0.6785270703682393, 0.6271751771648083, 1.0000000000000002, 0.7705599686820787, 0.6136824990439765, 0.23640639010048284, 0.2257430355708607, 0.32756795967437563, 0.27787385524238406, 0.26205902819623883, 0.0876980029860188, 0.20522816686060805, 0.18574899736275277, 0.8066502238569476, 0.427747139768183, 0.7896326877542121, 0.3407135779556157, 0.46015438939427616, 0.3407135779556157, 0.44523344061594733, 0.3806361524225957, 0.2246369336091611, 0.4250947650242636, 0.07966411662020781, 0.1923278265499619, 0.12448945343083818, 0.09609277095943296, 0.12333747524992843, 0.17230271377704132, 0.2416218159379925, 0.26961134312107427, 0.17881702550115358, 0.15351852347465114, 0.2443305612807241, 0.4206452152299144, 0.266573513340546, 0.4128349479627919, 0.6378759020590694, 0.1949480859624305, 0.2567478908199954, 0.292820512390824, 0.14710904564764218, 0.08691970882229602, 0.03479614983324658, 0.31081587202219496, 0.5645196067844931, 0.5407855455359502, 0.5659228626746963, 0.502577549478278, 0.466847165617818, 0.57154889812114, 0.532297696386285, 0.7451900830234014, 0.3637271385015852, 0.26013987682715645, 0.7397009904222902, 0.6489520990044981, 0.14447067838688343, 0.018322585171453288, 0.1941638659695885, 0.19704319892792796, 0.4773185102406141, 0.7233895164419378, 0.6540886588100112, 0.3450206560220203, 0.41435836230815987, 0.4194592724383342, 0.03256860134510442, 0.18390047311445534, 0.7280580739940902, 0.2558598135472447, 0.054042574088592366]
[0.2633655287895692, 0.49083097722446617, 0.6750075141995628, 0.5396151526406515, 0.6343566016953013, 0.7610499832016738, 0.30476563768459985, 0.2718243278254314, 0.3196385184105754, 0.3505376990765448, 0.18108117135545332, 0.33738891872417137, 0.7687452362108714, 0.7460284359902081, 0.7082487799940405, 0.6222484198139329, 0.6450157361310297, 0.512917270453226, 0.7705599686820787, 1.0, 0.5827028021889391, 0.24148033263822286, 0.16208411102263395, 0.30536196965267437, 0.2626614755705541, 0.2117320924215193, 0.19756392736469877, 0.22367737367352256, 0.2688523758451433, 0.7139786071787014, 0.5106958366073665, 0.6874155163167354, 0.2989638821677237, 0.46245603821414966, 0.2989638821677237, 0.319275108716655, 0.22043304475643635, 0.1775337460944364, 0.3885734440943058, 0.13236107232810812, 0.18983685393262179, 0.11341981402438941, 0.13808754649253407, 0.1622201583136795, 0.2261012096425693, 0.2732558993608825, 0.3515832294440144, 0.2430387292439719, 0.2160311181453086, 0.19767365352711858, 0.309133698874326, 0.3409488313788258, 0.47779248191005996, 0.5673644851995002, 0.16145293301959895, 0.28494707938517827, 0.26337578424606667, 0.1726905108039952, 0.13840195796689717, 0.055011826759801964, 0.36524970499197335, 0.6785913705939727, 0.7000173712921216, 0.716457909812048, 0.6466712023954118, 0.630396022221131, 0.6913680718578167, 0.5017398945328415, 0.5859825544664615, 0.310308821480039, 0.21070868175146262, 0.5618054784406015, 0.5511714593210407, 0.07585261308578527, 0.10524188954369024, 0.21796104684817827, 0.23857310407097213, 0.4608611200192881, 0.6235451090397159, 0.5912605471133003, 0.34889444773581324, 0.4428914221448365, 0.477166154164555, 0.14699952037718747, 0.2480063236057455, 0.6886131961610905, 0.30932977246583915, 0.05627226378826245]
[0.3303493595857205, 0.39962233843684175, 0.46353879649093166, 0.42599354640257303, 0.5202081402319992, 0.5349446266378458, 0.19755498961246554, 0.2213438583295627, 0.3047325404602131, 0.19716210152843192, 0.15166943865429064, 0.11816779168555329, 0.6377527500421958, 0.6377827331580258, 0.5742124656444826, 0.6443772388130901, 0.5717883692091832, 0.39040958724362385, 0.6136824990439765, 0.5827028021889391, 1.0, 0.3503823212596125, 0.2968009431808635, 0.41383498668966656, 0.2290034690768352, 0.17675119781862372, 0.1836866301910459, 0.2892528396281607, 0.3046845236323883, 0.5852139903705232, 0.37807725212276183, 0.5708640354895543, 0.49032247729027645, 0.562967297880797, 0.49032247729027645, 0.455656842529209, 0.4345896464088402, 0.31791579397362885, 0.4349451123556007, 0.20932755925855379, 0.242310045578721, 0.2408855298451049, 0.1927591455241742, 0.2310536869645058, 0.21677658968780433, 0.1114229072706351, 0.20486803444056792, 0.06723428455286601, 0.04867967926802847, 0.3336090752252616, 0.48909559713529016, 0.41957715588957867, 0.387096807700158, 0.719427764244079, 0.2736366282785043, 0.2639180696313894, 0.4715951936823624, 0.24390936235998145, 0.0953931578072508, -0.02051183325787667, 0.3504516273916412, 0.549896485646766, 0.5409539178897042, 0.5800958872617011, 0.4826620883960235, 0.5369175313350644, 0.5076567588162595, 0.6660506099052359, 0.7245608449046024, 0.5517390156115103, 0.5544504522460698, 0.5305244453472535, 0.5101065518779692, 0.08341881498377281, 0.2129229264844209, 0.23902129485950135, 0.11106339255385665, 0.474278983396789, 0.5948057669508572, 0.5246099433152749, 0.42575614035847326, 0.4984807302128024, 0.38203965655753375, 0.17353465922706246, 0.2063343844725131, 0.5458742374873174, 0.1865705149782283, 0.04148288407301022]
[0.1989503230159391, 0.3138788145406798, 0.2959011832854816, 0.3710926090804784, 0.1939011734789986, 0.31873195619871336, 0.2782746387568914, 0.46187734359747573, 0.1675451375080919, 0.18311404322635708, 0.07837066855449087, 0.11870572651877873, 0.20783615332257332, 0.2715692584370468, 0.40079523183291915, 0.47869544285947824, 0.31196630200611153, 0.3306727911333741, 0.23640639010048284, 0.24148033263822286, 0.3503823212596125, 1.0, 0.5538498190669926, 0.3737264425212728, 0.43307786552440536, 0.23507117581589448, 0.3666273344541897, 0.20923438530901178, 0.27408090840278376, 0.1787931446271519, 0.10877415969924294, 0.31094891213435616, 0.259762117606504, 0.3536449895506127, 0.259762117606504, 0.28509937689287296, 0.27414524028225257, 0.4242791579539207, 0.31108946339134175, 0.5294949401163349, 0.5648739677251516, 0.3984836840721853, 0.37632557813895673, 0.5516004833782174, 0.2567834073813892, 0.16566751971918134, 0.2819514886234044, 0.17910685889085098, 0.23324135804373664, 0.44570010386012476, 0.3135588094332879, 0.208119881626364, 0.13107021261904445, 0.4067494842387093, 0.358156522720196, 0.29232726549803056, 0.35875561306446213, 0.2574300916599392, 0.2838190882369672, 0.13762921743840625, 0.41824752893973405, 0.23632008176728372, 0.23997546930504868, 0.252059592820088, 0.18260585178552843, 0.20939072768496805, 0.28565308196640177, 0.2908879093020787, 0.2814538143022132, 0.08382725504636777, 0.3159049007540014, 0.2522922673529442, 0.21739854552653537, 0.17975210254017823, 0.3845220344475027, 0.21459950769233788, 0.20356329513278118, 0.33059059087540066, 0.24965703898524788, 0.2668265595106844, 0.4804558667337312, 0.16876814286450792, 0.295457198155263, 0.19267241978433683, 0.34001178463706194, 0.33239787033721696, 0.2849602877343365, 0.31377721834613975]
