[1, 0.165217215215074, 0.03719298166482449, 0.031840864565320696, 0.04589624389245174, 0.02426472348549706, 0.044638867875478154, 0.04472036863645948, 0.04611530717653161, 0.03860779429849657, 0.04611530717653161, 0.042248551475043826, 0.03340226845565147, 0.02801216830587487, 0.03140584897267976, 0.03230342822654939, 0.04706790655941056, 0.04155466282597238, 0.04248864146461712, 0.03784130968219776, 0.05078109750399361, 0.03888221021611507, 0.039082959190126644, 0.04199164224361755, 0.035297741905826234, 0.033845035135069944, 0.060088462121810904, 0.016128022957025197, 0.04087213378945647, 0.023104286272932525, 0.02510863990109772, 0.017483403967398697, 0.0342294349692056, 0.018446187306934102, 0.04465664222907622, 0.04325610751125504, 0.03816574180346437, 0.041797709097689706, 0.03516922650576626, 0.0354103881395617, 0.03046040005672795, 0.042617157852609826, 0.04446834898566943, 0.03627102575170569, 0.022483499554338683, 0.050612284235639154, 0.030939885651341318, 0.0486639997204494, 0.038069768075879404, 0.03657663262963342, 0.055461990425548495, 0.021623662599615914, 0.03830142690132164, 0.016402430052211484, 0.040430024060050015, 0.044536598019944744, 0.044758839781496376, 0.0354103881395617, 0.037839335255363475, 0.04230561650982367, 0.03968633696644238, 0.03655039081492313, 0.04039750339754756, 0.034703637296297454, 0.052165236180400816, 0.0377591470786334, 0.03826727037517387, 0.043308385140055666, 0.03703329848762939, 0.0344382093199565, 0.0428245175681716, 0.04651649291301086, 0.02845806487568314, 0.04344425304522048, 0.025262932760231064]
[0.165217215215074, 1, 0.04292213418601397, 0.03681235704435764, 0.04422476735836113, 0.02851246442988808, 0.04720721952946551, 0.05393743563659285, 0.04737447328708523, 0.04351790988377642, 0.047374473287085224, 0.04439735928772985, 0.03848633411124925, 0.03070595014724383, 0.03673558459590548, 0.0341438384362407, 0.04954280183959842, 0.04284532318641639, 0.05101045159893984, 0.0444845211413519, 0.06545778199393124, 0.044476390124343027, 0.04182271133034259, 0.041681236962501755, 0.04793210675343763, 0.03391622521321081, 0.0876174140757507, 0.019270220779712386, 0.051383060534655925, 0.026789782672108787, 0.028276895270015458, 0.020535285588724733, 0.04347635188802709, 0.01768937351924303, 0.04566291844251001, 0.045810688222901644, 0.041702154493500496, 0.052635268774927246, 0.040112599410145625, 0.042229506648014156, 0.03241484136758797, 0.04881146947706724, 0.0465537006472594, 0.0422296402031757, 0.026287933907026093, 0.05180238038650764, 0.032569265252897064, 0.0557381883399747, 0.046724260445065634, 0.042601119286303335, 0.06175981669990159, 0.025637944605144812, 0.04380394781287411, 0.019157836274640613, 0.044344329697531173, 0.052787844596814716, 0.044658209917996676, 0.042229506648014156, 0.04547353207651719, 0.05152143805311197, 0.04113493220218391, 0.0452031381433609, 0.045200119123158515, 0.03250592958847067, 0.05239094470730309, 0.04581295866696913, 0.04455242857223808, 0.037457626413543374, 0.043405581357960014, 0.036633528463945804, 0.04427082290350123, 0.05613444401873082, 0.03295238275241386, 0.047015719057062706, 0.024789453320263322]
[0.03719298166482449, 0.04292213418601397, 1, 0.21167374728098218, 0.15991796480713275, 0.1058812142772452, 0.3156626575642609, 0.15662376054152413, 0.18596285270719762, 0.4069898560330134, 0.26215640227779663, 0.31885956723799286, 0.1396138905855025, 0.07836192817047695, 0.0906369884893476, 0.06632443617224347, 0.09690666314556935, 0.28310956911255714, 0.16511055611338796, 0.1354127252135436, 0.08901609537532178, 0.22814510354118578, 0.12164796324943246, 0.08471784969302752, 0.052909030181269974, 0.08389511028680736, 0.0441561998123493, 0.06207346719281942, 0.3013269550539495, 0.1176657725959285, 0.12337265346482303, 0.06677931605712603, 0.08410085984643956, 0.032500607397174815, 0.12397408889377635, 0.2912888956447695, 0.14336670977343458, 0.22042038774880193, 0.2238510701659387, 0.45680494696218044, 0.09813377645871056, 0.3138706951379072, 0.1642574718267269, 0.2359761977911781, 0.10147529943541683, 0.050726494198096515, 0.11070423737617018, 0.1169491450767477, 0.2104062277842023, 2.2071302994216855, 0.0653043061372021, 0.06792664293363425, 0.33624569505439766, 0.0652728149172351, 0.04508889679906886, 0.14717985588619587, 0.11082251194231557, 0.45680494696218044, 0.3137058427113583, 0.18901897951239233, 0.24269430152571675, 0.12539052400493045, 0.07247908252130998, 0.08465397113776672, 0.0982328391661267, 0.14474062074474936, 1.177355041262499, 0.03611273963291566, 1.4497002336921254, 0.10823373119480148, 0.3041044508613594, 0.12160356873033824, 0.15733311775414444, 0.051042448804770844, 0.07177467222146174]
[0.031840864565320696, 0.03681235704435764, 0.21167374728098218, 1, 0.11430992287472386, 0.07789728970223905, 0.19884971583235986, 0.08857476976757153, 0.15098567975293656, 0.24810967126688713, 0.1808109564162818, 0.2185076473960206, 0.09773807587496951, 0.06600578591239266, 0.06576825373794501, 0.05225346977290215, 0.06766244814660104, 0.21028868032993497, 0.08980667484187177, 0.08997859754575811, 0.06141347116419722, 0.11238138156222574, 0.08758506791419718, 0.08096429912386274, 0.039504417496922344, 0.07193380241708337, 0.0345870910742421, 0.04201404277904566, 0.1361334649606606, 0.13649389174440504, 0.11252314578530874, 0.045625013106198695, 0.05413030115391364, 0.028198859752675012, 0.13466103572762692, 0.21449744741502147, 0.13898327131529575, 0.10928388110454007, 0.11212356394851179, 0.13928933000337665, 0.07101450970940651, 0.13472316197550224, 0.13830142710830018, 0.11856212275877727, 0.07128386385786144, 0.044162308325962345, 0.08151938807491174, 0.0958966323037899, 0.09815873006065992, 0.20364138357900796, 0.04557400645523419, 0.04831969691717832, 0.18764117320576412, 0.04373948702055214, 0.0437105676491754, 0.11859935892495047, 0.07037733814665316, 0.13928933000337665, 0.12525193398932807, 0.10604220122273766, 0.24230655092497155, 0.07989441427046073, 0.055879432992141306, 0.06050860026393779, 0.08935117476227494, 0.08975933190722646, 0.17514267528745506, 0.03174005246878055, 0.20002983684351128, 0.0827204846508045, 0.18815649973527818, 0.07451064251242175, 0.1305811557463637, 0.045566501753379896, 0.06590900036819147]
[0.04589624389245174, 0.04422476735836113, 0.15991796480713275, 0.11430992287472386, 1, 0.055943117611794935, 0.1534200369208425, 0.12256312962812964, 0.11777206944149919, 0.1660698751871307, 0.13944197141566245, 0.15509451937310065, 0.10867808915865483, 0.07751602718713008, 0.07938769988777626, 0.06142989333325842, 0.09176581824328948, 0.14688547926425907, 0.16104224681409146, 0.12152578211318245, 0.08957613097603584, 0.1620627130259555, 0.1313625376422161, 0.11551825363117932, 0.04769580775651684, 0.1018415583280855, 0.04224523787668918, 0.039342454933922466, 0.10819858898730216, 0.06764811954188713, 0.07483827256922618, 0.04333175201468146, 0.07231070551264555, 0.034039736289678366, 0.10299215133533776, 0.15171718920701543, 0.1162390675236689, 0.11447292734770345, 0.11197900286880937, 0.1620761415194337, 0.08136069209405118, 0.1527488787003954, 0.20871464827764394, 0.12876072952368461, 0.06696696195002441, 0.0582417745412427, 0.08974428533117135, 0.17983821264349736, 0.11515944052783818, 0.14718976989507448, 0.06648147727626498, 0.051022529266873985, 0.19209217029546616, 0.04139449128993416, 0.05121725747337121, 0.1578125881831388, 0.23473651248252822, 0.1620761415194337, 0.12566259416765055, 0.1397056048951063, 0.12779509716574247, 0.08713903658983359, 0.0762734124488796, 0.0971736780643089, 0.11491702261027481, 0.09775412640054175, 0.1978224316912055, 0.04785038477263426, 0.14403296773777813, 0.08161210369776316, 0.14305200431183712, 0.11194760883013152, 0.08931983326511853, 0.059842934260313986, 0.06082673377558651]
[0.02426472348549706, 0.02851246442988808, 0.1058812142772452, 0.07789728970223905, 0.055943117611794935, 1, 0.09675876480904286, 0.05696235075404632, 0.0957348745277222, 0.09329841897059642, 0.08885216014778975, 0.08851011498515117, 0.09143205211267244, 0.04601699841542055, 0.054871359894865634, 0.04813301837284739, 0.05011546454216911, 0.08819349434138497, 0.05478041809065252, 0.049763285657392006, 0.0448949047698755, 0.07518934476354125, 0.04830299770636275, 0.06231771999958293, 0.033733470506127954, 0.05797639272931935, 0.028972367602215696, 0.0307361361863335, 0.09139935461101514, 0.06237191282861448, 0.056536173990947784, 0.03468720782977513, 0.04859558840352094, 0.02541928497148932, 0.0737218817560073, 0.09262359587710282, 0.0883551744635964, 0.0985676393713494, 0.07863998062316056, 0.08745229472947386, 0.06276887401624939, 0.09012358268699797, 0.06373201762045755, 0.10371640066266435, 0.0552512288385491, 0.0329696220424047, 0.05338155053452205, 0.06106393019421681, 0.061832280990636534, 0.11779022730117002, 0.03505457709156083, 0.03764832499319924, 0.08992003492487848, 0.032296169564858875, 0.0334744884601755, 0.06544360455103992, 0.04752210070734667, 0.08745229472947386, 0.08765238316084653, 0.07915817989699492, 0.08352924874227814, 0.07498213776492524, 0.04245311815836468, 0.054561628118242174, 0.07109917396464481, 0.08177070508312334, 0.09153034854946254, 0.023648225860465714, 0.12280394746857222, 0.06937922988068687, 0.10594588629823151, 0.05430584886718232, 0.08306338314370453, 0.0303464632247192, 0.038577395830368774]
[0.044638867875478154, 0.04720721952946551, 0.3156626575642609, 0.19884971583235986, 0.1534200369208425, 0.09675876480904286, 1, 0.1183893814747464, 0.40949475431069093, 0.5327110751820963, 0.5171679510782322, 2.6355416754825622, 0.10514524517682132, 0.06968762615327508, 0.07694635223926677, 0.0736566109254912, 0.10872125018682444, 0.6886527191572978, 0.12696891867885174, 0.10335085692425222, 0.08010666946865572, 0.1556043248277655, 0.10349148904322421, 0.10893997976060192, 0.051110267512944126, 0.07858271442444244, 0.04405276061264261, 0.06168866820159723, 0.19331089192062795, 0.11033329971456986, 0.14998733458586436, 0.06527586455241095, 0.0746751601703123, 0.04179910252141702, 0.16634136920832973, 4.970778674888162, 0.2236067322725892, 0.13189671187551177, 0.1349366842499098, 0.17916756382896787, 0.0850271726760172, 0.26804397866139407, 0.23552570669933973, 0.1667603356189436, 0.0773884937430294, 0.06187232402731546, 0.0956264173584304, 0.1265530805973427, 0.13025986438121032, 0.29666090013901414, 0.059771169147822274, 0.06146828050407668, 0.2964646204950454, 0.06509642023458988, 0.06113787245308772, 0.13878441764376886, 0.09523359632634254, 0.17916756382896787, 0.157337102550398, 0.15108937967901365, 0.7260330622589877, 0.09906220835149301, 0.06855691272817119, 0.09015581009883432, 0.14804606546310267, 0.11167914775296635, 0.25860802351724016, 0.04169389215993055, 0.3077397777922379, 0.13690559532396795, 0.5834565293970325, 0.09880909131939461, 0.11168379281824037, 0.06567286482409763, 0.0811533411806767]
[0.04472036863645948, 0.05393743563659285, 0.15662376054152413, 0.08857476976757153, 0.12256312962812964, 0.05696235075404632, 0.1183893814747464, 1, 0.12719372523096345, 0.12624540967937764, 0.141585259918212, 0.11655341514468369, 0.12165152925284142, 0.09863756352136799, 0.13312147092670337, 0.06920987278285284, 0.11728233097989603, 0.11560531238454148, 0.519500780639896, 0.27115060421580417, 0.22428830005309075, 0.26239492965808087, 0.17673197584702544, 0.06803960920515832, 0.051942848311235926, 0.10206627527442078, 0.05166692079000915, 0.03806608329980769, 0.10332486916308709, 0.06592017419460196, 0.07583637690836507, 0.0422400362017337, 0.10982592743567572, 0.026403200949303117, 0.09977155655071328, 0.11606034013761422, 0.0938513189450012, 0.143775404524929, 0.15465523895852198, 0.17607891275396756, 0.08338449971073902, 0.2180168301752286, 0.14375279322073206, 0.1408001960070825, 0.06030491829639765, 0.06735939447722196, 0.08908538826436359, 0.19106600673958238, 0.4544350604462483, 0.15161037863896237, 0.09271994419672916, 0.048651402451600816, 0.15362728095287662, 0.04028153174825527, 0.05836707446915004, 0.146810041387251, 0.0895063405051644, 0.17607891275396756, 0.1824514526034231, 0.13490248602139215, 0.10459888174524366, 0.10738303871759852, 0.0932482474617711, 0.06637316572109454, 0.10158154099717377, 0.13957179958729274, 0.1929301311808933, 0.04611791047889625, 0.15003939161114657, 0.06047680798921307, 0.11909668785598704, 0.461635300595497, 0.09348255512859464, 0.07147477193376288, 0.04542665214288736]
[0.04611530717653161, 0.04737447328708523, 0.18596285270719762, 0.15098567975293656, 0.11777206944149919, 0.0957348745277222, 0.40949475431069093, 0.12719372523096345, 1, 0.38372784746457594, 1.1133636958260429, 0.41528746219367413, 0.119188602608899, 0.0732967878954541, 0.08151876373837215, 0.08877759554415625, 0.13788613434736668, 0.5277767093560333, 0.11004270347684174, 0.09648823070395467, 0.0875145943447028, 0.16726584403031344, 0.09650471653717672, 0.10738502257377193, 0.05280356534917969, 0.0742157560846929, 0.045817590202939504, 0.056376269959543326, 0.13289312596067376, 0.09099660847891707, 0.1278022166174236, 0.0600745076287283, 0.06347125094617118, 0.038481283873251206, 0.2544402247806644, 0.4390059962757889, 0.1472688652392624, 0.12663069085188164, 0.2159899347687848, 0.14452717002913473, 0.10561787271974385, 0.2932242806158004, 0.18298489094100254, 0.18750119757348646, 0.08076237272152505, 0.07433485582511418, 0.12150497134353094, 0.1736379842583455, 0.11064223701067462, 0.21204943644038557, 0.06232899405906919, 0.06501597973337428, 0.2969971856784241, 0.05924159812925339, 0.058227606442878256, 0.16259535438947337, 0.07804069791554245, 0.14452717002913473, 0.16771351346402819, 0.13426646905856934, 0.4225378594109893, 0.10444578470552161, 0.06203442246665674, 0.07673777273367309, 0.3012687119707351, 0.13701978650367203, 0.16438856703031432, 0.04111073768830958, 0.2164413402436347, 0.11720598145432591, 0.5190236068142172, 0.1138974760876302, 0.12331580998764596, 0.06661386856783978, 0.07590835616170215]
[0.03860779429849657, 0.04351790988377642, 0.4069898560330134, 0.24810967126688713, 0.1660698751871307, 0.09329841897059642, 0.5327110751820963, 0.12624540967937764, 0.38372784746457594, 1, 0.5850276551060397, 0.7582263350972673, 0.12327104489634229, 0.07444519828088551, 0.08270419445274164, 0.06340620760475174, 0.09205127404208843, 1.0439675140417388, 0.13362833986821296, 0.11083268454446694, 0.07870577253435691, 0.19955418824446572, 0.1095760819580802, 0.08999935754264797, 0.04848385800004318, 0.0749368117965025, 0.04194488884531058, 0.057451748985763954, 0.17363842341841318, 0.102265436301886, 0.14187514032960072, 0.06240688461268885, 0.0684896908939006, 0.036281007733866846, 0.21177827977052838, 0.6194671913339678, 0.13958424946845174, 0.1323475880390075, 0.1868380008869748, 0.21298802296718622, 0.09177108231420918, 0.31339606901640393, 0.26404855143405975, 0.20085338251027993, 0.08656015247683811, 0.06190592828852975, 0.10587294211948359, 0.13877016532594152, 0.14070103124461183, 0.38649667005386634, 0.05910953883058654, 0.0631908821712219, 0.46963812500181584, 0.0608855356116168, 0.05362908377609167, 0.16094456146460429, 0.08853154884964451, 0.21298802296718622, 0.17355842585911463, 0.12582659398522048, 0.5018202148527324, 0.09682532126914113, 0.06270919162073581, 0.07448027406836114, 0.14293421118158736, 0.11333032733596958, 0.30711634915982017, 0.0361865772364044, 0.3545750945070686, 0.11612869514934206, 0.39009184160832044, 0.10246687157436554, 0.1347554331011628, 0.06312357034204265, 0.07363730776972613]
[0.04611530717653161, 0.047374473287085224, 0.26215640227779663, 0.1808109564162818, 0.13944197141566245, 0.08885216014778975, 0.5171679510782322, 0.141585259918212, 1.1133636958260429, 0.5850276551060397, 1, 0.7356329163704336, 0.1088093099793396, 0.07189491669806186, 0.07980056146094502, 0.07770496442250063, 0.1237458835075918, 1.0195606456678963, 0.12064088227125362, 0.10003073490029643, 0.08461955742835013, 0.16726584403031344, 0.10297094701210456, 0.09935798395066672, 0.053855471095905445, 0.0742157560846929, 0.045817590202939504, 0.058939444125867144, 0.14128643591246243, 0.09810864598220828, 0.1278022166174236, 0.06294999325997225, 0.06508485889224745, 0.039570061480358, 0.29393582392429735, 0.5847978151307812, 0.1472688652392624, 0.1418052374365206, 0.2159899347687848, 0.16297403980970232, 0.10561787271974385, 0.3376706489948974, 0.26972751882691653, 0.1592518604385948, 0.08076237272152505, 0.07616221921833749, 0.12150497134353094, 0.15155908251623873, 0.12100709281061502, 0.2562701468456407, 0.06541636499079474, 0.06994412821226435, 0.2969971856784241, 0.062108248594221614, 0.058227606442878256, 0.1764132481497721, 0.0832276757595219, 0.16297403980970232, 0.18055897555805978, 0.13426646905856934, 0.5313864838424215, 0.10444578470552161, 0.06067781897653488, 0.08185953382765782, 0.18896449970194684, 0.1156371681845548, 0.22112896658783662, 0.041110737688309584, 0.23932295607793974, 0.12937847020769555, 0.43396210769994337, 0.10866288371795679, 0.1193410505353638, 0.06831719740759624, 0.0812400841811184]
[0.042248551475043826, 0.04439735928772985, 0.31885956723799286, 0.2185076473960206, 0.15509451937310065, 0.08851011498515117, 2.6355416754825622, 0.11655341514468369, 0.41528746219367413, 0.7582263350972673, 0.7356329163704336, 1, 0.10159006236095351, 0.06764317305603522, 0.07497458925490787, 0.06821244179294675, 0.10127247289161499, 1.725060159390178, 0.12443006867009776, 0.09906453050508546, 0.07444291490220956, 0.15418899254389698, 0.10103442166759474, 0.09975679617710233, 0.04854229022558866, 0.07377636733689048, 0.04207714748851415, 0.058739737821266375, 0.16801496395610302, 0.10826359634348139, 0.14431083494629893, 0.06300312689619154, 0.06892176486280696, 0.040333293154573596, 0.21656797650128215, 8.107651297135293, 0.18471396755813377, 0.12308239593853569, 0.1408633329625893, 0.17285815474778413, 0.08329173405197449, 0.24201565807746164, 0.32936254494279055, 0.15629601069874333, 0.0754799286355587, 0.06332036431995616, 0.09384238839321185, 0.12037727732849265, 0.12526786111876387, 0.2846529521938803, 0.05734566763478495, 0.060321348389383925, 0.3052261328519047, 0.06198465379004654, 0.05959084424560852, 0.14115907383279402, 0.08895630475883884, 0.17285815474778413, 0.14731025751846316, 0.1304137485656434, 0.7708995841415821, 0.09141596396561921, 0.06273446841888278, 0.08730376649714584, 0.13892791507332317, 0.09967049003666444, 0.258572536971749, 0.03933278389522115, 0.27592584385448976, 0.1342495339024807, 0.5030178172733771, 0.09097106835262313, 0.10998513037841469, 0.06741716180750718, 0.0879639255508097]
[0.03340226845565147, 0.03848633411124925, 0.1396138905855025, 0.09773807587496951, 0.10867808915865483, 0.09143205211267244, 0.10514524517682132, 0.12165152925284142, 0.119188602608899, 0.12327104489634229, 0.1088093099793396, 0.10159006236095351, 1, 0.10351685650023318, 0.12693662635593483, 0.06069230317696213, 0.08698245207083163, 0.11020161872049217, 0.1183853950098921, 0.10971105529437988, 0.08404331750065513, 0.2297828536299117, 0.10243899002996394, 0.09026758700639692, 0.04670183944177912, 0.07231184488070601, 0.042064092132765435, 0.0420263954611478, 0.10378152572929873, 0.07424921989791552, 0.09109546966276101, 0.047688465559940614, 0.06227226884463027, 0.026178556289425333, 0.0858107419142345, 0.10246444474805369, 0.10401574036119816, 0.15426670489085728, 0.1548112969737211, 0.2016182088554177, 0.12365386973760732, 0.1601224605983375, 0.12103160448465242, 0.38312219578511447, 0.08445133934571965, 0.05580613228804781, 0.09836301447934238, 0.12845116479003182, 0.12663580639148536, 0.1568880644898626, 0.05426118552775194, 0.05078314583161051, 0.17843012917091977, 0.0444674627239096, 0.051641369032879456, 0.09766419778412912, 0.08695835149945086, 0.2016182088554177, 0.15409724455116192, 0.10729334920697518, 0.10034623671662385, 0.09494360821466673, 0.0681691137536918, 0.06318692144833786, 0.10958140094051338, 0.1496305673358416, 0.16699873408611274, 0.032283062029871384, 0.1583871692442077, 0.05880182337477856, 0.1352623546127161, 0.11049050188590877, 0.293629629101112, 0.04952971764406817, 0.04923963054646674]
[0.02801216830587487, 0.03070595014724383, 0.07836192817047695, 0.06600578591239266, 0.07751602718713008, 0.04601699841542055, 0.06968762615327508, 0.09863756352136799, 0.0732967878954541, 0.07444519828088551, 0.07189491669806186, 0.06764317305603522, 0.10351685650023318, 1, 0.13686031110509111, 0.05484863447557889, 0.0683362972073357, 0.0709057017220585, 0.11447699521300607, 0.09441024830110449, 0.07408340244738301, 0.09951933673179676, 0.07893046997126504, 0.058882866287032924, 0.02792856927884381, 0.07543745551514561, 0.029150019517361365, 0.019272841949288806, 0.06089607165109372, 0.04103753882832885, 0.046830531636500035, 0.023050199756034777, 0.05142872044332643, 0.016367804409564906, 0.06670834360826995, 0.06820125260769623, 0.06948856564656683, 0.07736534227108484, 0.07045436739083669, 0.07894855558846016, 0.04768950470963396, 0.08639465505906696, 0.07437037024164671, 0.09037651144139978, 0.05123216446732557, 0.044569913077431494, 0.04731563567519363, 0.08491397716132963, 0.09635725894419045, 0.07845566765922256, 0.04542388906163545, 0.028843570848817907, 0.07868271960295029, 0.021225485838421498, 0.04949604204109695, 0.0723939761990402, 0.05596990198136701, 0.07894855558846016, 0.07422855370755796, 0.07015239463636651, 0.0729081561892532, 0.05251745595976618, 0.07616269041414343, 0.03930484251245294, 0.07869964862679436, 0.07194032139901099, 0.08362933896036906, 0.03150322968559592, 0.07881720818206073, 0.041196767450522476, 0.07442273936020377, 0.111466685566352, 0.07025176625864735, 0.04413273760336541, 0.03311637999957435]
[0.03140584897267976, 0.03673558459590548, 0.0906369884893476, 0.06576825373794501, 0.07938769988777626, 0.054871359894865634, 0.07694635223926677, 0.13312147092670337, 0.08151876373837215, 0.08270419445274164, 0.07980056146094502, 0.07497458925490787, 0.12693662635593483, 0.13686031110509111, 1, 0.059844889278122614, 0.06994809858223414, 0.07914948968138012, 0.16764373031635302, 0.13599953789684652, 0.09886831303388807, 0.12576377855554569, 0.08132681721824495, 0.0755194905549666, 0.03375357145780582, 0.09099949503449913, 0.034655624586809826, 0.022832420947110875, 0.07016126588358129, 0.04353444899176455, 0.05397565750521349, 0.02658618789712924, 0.06301963303271459, 0.017619134038374517, 0.070537139725745, 0.07549728226904215, 0.08082697557389094, 0.09438921724709531, 0.08484643368302137, 0.09828458952246812, 0.05636607346957176, 0.09636338993192177, 0.08597825942885112, 0.11324178879152802, 0.06196132055283245, 0.05330963532159496, 0.054848566693570834, 0.1114336698267749, 0.13354928343830322, 0.09422298823631359, 0.0528823463549728, 0.03222324625646675, 0.09440683430105812, 0.024672171074300964, 0.06263452865537171, 0.09350015829456743, 0.0609700275213695, 0.09828458952246812, 0.08898305400843028, 0.08862274699244727, 0.07096824658390964, 0.06298965146379387, 0.09015301468707064, 0.041400928487542864, 0.08908274405250963, 0.08577023079081343, 0.09888298788110826, 0.03320058022651409, 0.09463327168648979, 0.04612041060562665, 0.08501888119069505, 0.14535870743952137, 0.08563924677891817, 0.05191512127899607, 0.0375945175487558]
[0.03230342822654939, 0.0341438384362407, 0.06632443617224347, 0.05225346977290215, 0.06142989333325842, 0.04813301837284739, 0.0736566109254912, 0.06920987278285284, 0.08877759554415625, 0.06340620760475174, 0.07770496442250063, 0.06821244179294675, 0.06069230317696213, 0.05484863447557889, 0.059844889278122614, 1, 0.10829200858531224, 0.06862817285007936, 0.06937887630103662, 0.06829072546791264, 0.0682407846245244, 0.08147317773189633, 0.05439629981682212, 0.08166683909677487, 0.04122167581808015, 0.057552738049730344, 0.03498761741886331, 0.02709803230222968, 0.06710413253591838, 0.04184618558491703, 0.04688834224908756, 0.029166373960898263, 0.04605996637675563, 0.02116817721814321, 0.0687290883551882, 0.0717533886590485, 0.07931170005240704, 0.07914312808037634, 0.07710583898683929, 0.07329907012205565, 0.046644904179681104, 0.0832746292431432, 0.06366307316207534, 0.07567401564746527, 0.053601511901934136, 0.045301853359941885, 0.051669684618270054, 0.10967531059746718, 0.0659329938482002, 0.0735468397821062, 0.043006606504715515, 0.037161645683319755, 0.07288781892483691, 0.02787152877536381, 0.04060374662617196, 0.1104707007002041, 0.05776906140969478, 0.07329907012205565, 0.08270513067928169, 0.11191461365272047, 0.06665702321545386, 0.06899407975438294, 0.05707596135586073, 0.04473903795551422, 0.11219044148151416, 0.10770054693187318, 0.07028616226768174, 0.037419413658352545, 0.07643502213500869, 0.04948529831836948, 0.08209509981498264, 0.08101378352624633, 0.05638679296457015, 0.03998451417304999, 0.040006979043514135]
[0.04706790655941056, 0.04954280183959842, 0.09690666314556935, 0.06766244814660104, 0.09176581824328948, 0.05011546454216911, 0.10872125018682444, 0.11728233097989603, 0.13788613434736668, 0.09205127404208843, 0.1237458835075918, 0.10127247289161499, 0.08698245207083163, 0.0683362972073357, 0.06994809858223414, 0.10829200858531224, 1, 0.10252180878073769, 0.1154931880129819, 0.09811490832976781, 0.17080097892911128, 0.14717870024690674, 0.09999753643189872, 0.07809726255679669, 0.052833008306501776, 0.061574008431568544, 0.04894412269734823, 0.03478044484101719, 0.08102081691196995, 0.05222346557622956, 0.061893942312301456, 0.03536929844941317, 0.07067833994253823, 0.026323404872588697, 0.09699586551325712, 0.10542480944187504, 0.0890825877969577, 0.09571277000795311, 0.11121916856690349, 0.10218723402235812, 0.07782313395258557, 0.13982096973050626, 0.10186939526357246, 0.10755174283529505, 0.05548832721332339, 0.0678406067634107, 0.08854979952186465, 0.17956706838161335, 0.09239797313404892, 0.10179569228041577, 0.07117886117231557, 0.04429419817303844, 0.10983593886784465, 0.03383399058512911, 0.050879590106156045, 0.13307999924041428, 0.07314325256970368, 0.10218723402235812, 0.11203054993771834, 0.12512433318596758, 0.09719821327787481, 0.08109644325389202, 0.06823171067561389, 0.06688957368572138, 0.15888913181035433, 0.10995941736781295, 0.10792733719108222, 0.038820984046497316, 0.10449771694991417, 0.07444435719930194, 0.12213563062876526, 0.13205236044034843, 0.07314819204079608, 0.0595643553084146, 0.054791277761534314]
[0.04155466282597238, 0.04284532318641639, 0.28310956911255714, 0.21028868032993497, 0.14688547926425907, 0.08819349434138497, 0.6886527191572978, 0.11560531238454148, 0.5277767093560333, 1.0439675140417388, 1.0195606456678963, 1.725060159390178, 0.11020161872049217, 0.0709057017220585, 0.07914948968138012, 0.06862817285007936, 0.10252180878073769, 1, 0.12309891640142873, 0.09987950924356336, 0.07296943597146788, 0.1729189594611946, 0.1031766102319685, 0.09978949521739239, 0.04777080945544727, 0.07295001331786721, 0.04162428647674582, 0.05739354817941195, 0.1446667490736078, 0.0985921210876078, 0.13100905096501755, 0.06204718839171327, 0.06421885961604504, 0.039195167123496584, 0.2805019642666762, 1.065382201824727, 0.15361172939833417, 0.11580335797799504, 0.1668397330201121, 0.1681323090841879, 0.0880004557705048, 0.22608988621494702, 0.3854268709714412, 0.16429656074146184, 0.08023068518727644, 0.06888560378459906, 0.10000569359302086, 0.12464943397771747, 0.12211266199000742, 0.2749190702022757, 0.056947060051013215, 0.06093873112619293, 0.33691493141804363, 0.060560416446291156, 0.05929375565250347, 0.14310374256936303, 0.08282501466335575, 0.1681323090841879, 0.1405664449802478, 0.11036289203365739, 0.7706373267682007, 0.0889155561802921, 0.05977026231957199, 0.08302934239880819, 0.15834106824622826, 0.09805930336304114, 0.23382346281263675, 0.037951244458586095, 0.2547980948034164, 0.13301967946114868, 0.5125069037886391, 0.091085304731684, 0.12057044236455088, 0.07129327998703192, 0.08766169930705796]
[0.04248864146461712, 0.05101045159893984, 0.16511055611338796, 0.08980667484187177, 0.16104224681409146, 0.05478041809065252, 0.12696891867885174, 0.519500780639896, 0.11004270347684174, 0.13362833986821296, 0.12064088227125362, 0.12443006867009776, 0.1183853950098921, 0.11447699521300607, 0.16764373031635302, 0.06937887630103662, 0.1154931880129819, 0.12309891640142873, 1, 0.5581154150279496, 0.21063704340050113, 0.26930376510594994, 0.16998228949775085, 0.07776586101880074, 0.04904045348867922, 0.11991169812219776, 0.04902773988750439, 0.03538480907686795, 0.10564446181238489, 0.06281706177112052, 0.07397070712193589, 0.03979550820675296, 0.1333294444826712, 0.025213741324395317, 0.0915129080579562, 0.12445473379747106, 0.09601817207034952, 0.11620294556906591, 0.12085778447961631, 0.17629593943991095, 0.06783229329859997, 0.1672434427970444, 0.15394879135218656, 0.1399657238033835, 0.06601168676332639, 0.06613898291148314, 0.07320202948400063, 0.20235996981065335, 0.4232559392807685, 0.1574518671054693, 0.08478331174879741, 0.046075515496144255, 0.15835146467807218, 0.03762054753024388, 0.06429154404996454, 0.15394983727890932, 0.10725347536056157, 0.17629593943991095, 0.13751864253098336, 0.1425400751877706, 0.10940113342308902, 0.08896575756544374, 0.10962462814775428, 0.06430040322606818, 0.10817279818571038, 0.11233334322437798, 0.20387453780113557, 0.04549763564687978, 0.1561904499196652, 0.06804765558048848, 0.12475889420156566, 0.45515572695831225, 0.08980354919717141, 0.08100435687691321, 0.04929321814345447]
[0.03784130968219776, 0.0444845211413519, 0.1354127252135436, 0.08997859754575811, 0.12152578211318245, 0.049763285657392006, 0.10335085692425222, 0.27115060421580417, 0.09648823070395467, 0.11083268454446694, 0.10003073490029643, 0.09906453050508546, 0.10971105529437988, 0.09441024830110449, 0.13599953789684652, 0.06829072546791264, 0.09811490832976781, 0.09987950924356336, 0.5581154150279496, 1, 0.17303310891040843, 0.20409202909666105, 0.1232131142989678, 0.07302002069099423, 0.04315083582453106, 0.127377855313496, 0.04251549707318584, 0.029872969498519246, 0.09762186484208388, 0.06116171968708367, 0.07377650917728505, 0.03370579456706287, 0.10855608016865154, 0.022708915379591167, 0.07926088375125571, 0.09968504412187203, 0.08089326191366575, 0.10843434234080805, 0.11005475513603437, 0.16629689100305206, 0.0579867714856295, 0.14208374680843913, 0.11239475550309773, 0.12974267419130542, 0.06282536707544586, 0.05855547849800814, 0.06317290445117489, 0.17600180161537185, 0.33395729890778614, 0.13965820559591272, 0.0692751061688016, 0.04020920547998384, 0.132744866758989, 0.03155701706913411, 0.054751014816876865, 0.14622542412309508, 0.09204747318498294, 0.16629689100305206, 0.1362781737512231, 0.13917186066419449, 0.0911124779585667, 0.08286491908513226, 0.09602642929519481, 0.05481512664486782, 0.10172053896560757, 0.11694868104640116, 0.1580175986338544, 0.04133752816609741, 0.1403703305035795, 0.05957185207745301, 0.11001771515690714, 0.3596358289943256, 0.1033627185330587, 0.06717484415071356, 0.043742350855382424]
[0.05078109750399361, 0.06545778199393124, 0.08901609537532178, 0.06141347116419722, 0.08957613097603584, 0.0448949047698755, 0.08010666946865572, 0.22428830005309075, 0.0875145943447028, 0.07870577253435691, 0.08461955742835013, 0.07444291490220956, 0.08404331750065513, 0.07408340244738301, 0.09886831303388807, 0.0682407846245244, 0.17080097892911128, 0.07296943597146788, 0.21063704340050113, 0.17303310891040843, 1, 0.12319936963929241, 0.11811520204581334, 0.06400065698116246, 0.05200682916915408, 0.08000391539897288, 0.053420773227590326, 0.029552741309143944, 0.07933230457550786, 0.04604692528316008, 0.05290752686989289, 0.030395438417568733, 0.11384033961043155, 0.022884264503167988, 0.070162479293086, 0.07720122257108265, 0.0700271828260728, 0.10371244708864312, 0.09336593196891153, 0.1064812804686052, 0.06449782762234359, 0.11628574296752674, 0.08207917738396514, 0.09542582628370155, 0.052308399899459374, 0.0636282328373455, 0.06962431431116847, 0.15647055117696448, 0.1611485736518886, 0.09484408433996636, 0.11093773965757357, 0.039801388850836034, 0.09149460444193885, 0.02876898002272261, 0.05603719682896866, 0.12207707434565111, 0.07674183598006247, 0.1064812804686052, 0.11692159386959083, 0.12890124026314306, 0.07014356697733695, 0.08502370985616865, 0.10727454191798752, 0.055589924765551454, 0.094970272741627, 0.11699549031793804, 0.09879840541248137, 0.042548180124548016, 0.09794949628493782, 0.055529967199851205, 0.08257909549289022, 0.28287799108511796, 0.06494631506536742, 0.06690016639602464, 0.04165716793795831]
[0.03888221021611507, 0.044476390124343027, 0.22814510354118578, 0.11238138156222574, 0.1620627130259555, 0.07518934476354125, 0.1556043248277655, 0.26239492965808087, 0.16726584403031344, 0.19955418824446572, 0.16726584403031344, 0.15418899254389698, 0.2297828536299117, 0.09951933673179676, 0.12576377855554569, 0.08147317773189633, 0.14717870024690674, 0.1729189594611946, 0.26930376510594994, 0.20409202909666105, 0.12319936963929241, 1, 0.21772391252655737, 0.09153890771804281, 0.05647876520787886, 0.09471902596076583, 0.048923518833094995, 0.046649361536593006, 0.1352956061585092, 0.08459032110152008, 0.10199330628253761, 0.051815080001575725, 0.08667272125105137, 0.02916786281735909, 0.11523424008722002, 0.1504876135193702, 0.1173167496076872, 0.14497457568209027, 0.2390203766336413, 0.28167290905222153, 0.1023698514358112, 0.27496788378096604, 0.18943993365587147, 0.31243189023679324, 0.08231405827744642, 0.06587036481770012, 0.11656824452224006, 0.254662725849422, 0.24890623257862374, 0.2452823270514282, 0.0691889502320498, 0.0541057566355749, 0.321951354907352, 0.049485979594069994, 0.05253575188373082, 0.17196760177764234, 0.11109570418053925, 0.28167290905222153, 0.19021418623977704, 0.13110981165307106, 0.15030098913004908, 0.11321090911077121, 0.07827014737349827, 0.07927338074460023, 0.14038492756469204, 0.15531119714156455, 0.3131039734135043, 0.03887451465218923, 0.2363595275149456, 0.07630376651632628, 0.21264608647174424, 0.18371932884883255, 0.15924217033644342, 0.06514288826997636, 0.0544176255732751]
[0.039082959190126644, 0.04182271133034259, 0.12164796324943246, 0.08758506791419718, 0.1313625376422161, 0.04830299770636275, 0.10349148904322421, 0.17673197584702544, 0.09650471653717672, 0.1095760819580802, 0.10297094701210456, 0.10103442166759474, 0.10243899002996394, 0.07893046997126504, 0.08132681721824495, 0.05439629981682212, 0.09999753643189872, 0.1031766102319685, 0.16998228949775085, 0.1232131142989678, 0.11811520204581334, 0.21772391252655737, 1, 0.06897092494874558, 0.039971458090591265, 0.0767624543193335, 0.041310219869246434, 0.034696878520076406, 0.08705545832413365, 0.06111024044635193, 0.0629948116685783, 0.03544385084322003, 0.06751827787283997, 0.02438143003905978, 0.0850944316861256, 0.10036270089049269, 0.08074214353929886, 0.09217001305144393, 0.10150332100818583, 0.12110452332176862, 0.08555348113078405, 0.13367812332421744, 0.12692311290633798, 0.11130163838578849, 0.050004373649909874, 0.05478618774816977, 0.09724487539004299, 0.12102607454978472, 0.1431051661192837, 0.1174469477018778, 0.061597111181035426, 0.037674873555354406, 0.121740494363432, 0.03355584219007075, 0.05098111027250081, 0.0941957405463904, 0.09505397112505366, 0.12110452332176862, 0.10055401484483346, 0.08593427082986342, 0.11183024135740043, 0.07500007569556613, 0.07121595780191989, 0.06540862066260171, 0.08658600571910703, 0.08865448090815103, 0.14161169547641234, 0.038745820665418304, 0.11578147240187965, 0.053923198906691575, 0.10708888217314402, 0.12326084221447764, 0.07646182160799363, 0.06362720512584377, 0.05024914988448138]
[0.04199164224361755, 0.041681236962501755, 0.08471784969302752, 0.08096429912386274, 0.11551825363117932, 0.06231771999958293, 0.10893997976060192, 0.06803960920515832, 0.10738502257377193, 0.08999935754264797, 0.09935798395066672, 0.09975679617710233, 0.09026758700639692, 0.058882866287032924, 0.0755194905549666, 0.08166683909677487, 0.07809726255679669, 0.09978949521739239, 0.07776586101880074, 0.07302002069099423, 0.06400065698116246, 0.09153890771804281, 0.06897092494874558, 1, 0.0427487661470158, 0.08630648508955567, 0.03818358931437777, 0.02977885132629452, 0.11913823807525689, 0.0543282784536538, 0.06025165538778425, 0.03213137469757057, 0.04856290480370208, 0.02625858059035918, 0.08170021609364449, 0.10430388206971579, 0.1468271019400032, 0.09062979031020287, 0.08229299465269503, 0.09821927285340919, 0.06293962825054523, 0.09149908250646296, 0.0977239535137954, 0.09415167229178603, 0.07672590435868827, 0.059166735833525524, 0.07061530950824829, 0.11123019877099251, 0.07343320114213034, 0.09537559229073873, 0.04653910773774782, 0.03855727632710976, 0.11022684173664685, 0.03061428724015166, 0.06639301595923072, 0.11480472469963118, 0.10759088022815823, 0.09821927285340919, 0.0907821305260756, 0.11039346292572158, 0.09555234799521725, 0.07509200688777126, 0.07885541127236655, 0.06062991900951697, 0.127171615791216, 0.0892141317389578, 0.09238427753705201, 0.04403749748290245, 0.09847804604853479, 0.0652695030435531, 0.126722286117778, 0.07328597438580604, 0.07981064393099326, 0.05826226326296624, 0.05407204917423115]
[0.035297741905826234, 0.04793210675343763, 0.052909030181269974, 0.039504417496922344, 0.04769580775651684, 0.033733470506127954, 0.051110267512944126, 0.051942848311235926, 0.05280356534917969, 0.04848385800004318, 0.053855471095905445, 0.04854229022558866, 0.04670183944177912, 0.02792856927884381, 0.03375357145780582, 0.04122167581808015, 0.052833008306501776, 0.04777080945544727, 0.04904045348867922, 0.04315083582453106, 0.05200682916915408, 0.05647876520787886, 0.039971458090591265, 0.0427487661470158, 1, 0.03321664114652708, 0.0441701012862206, 0.022183456561814318, 0.05649992683765005, 0.030225150370097785, 0.03169886493528443, 0.02420741464804339, 0.046291730570782605, 0.018047222503273258, 0.05094940523844137, 0.04945420485516956, 0.043476613485312926, 0.07565287645500962, 0.051311234023673206, 0.05316579136525123, 0.0345759519280671, 0.06150232612029405, 0.05057898357143079, 0.052907474391911236, 0.034086677540611066, 0.040963440824450005, 0.03468706601997401, 0.06292452413888097, 0.04605228578586465, 0.05402166338120645, 0.055287948559792355, 0.03653541730360265, 0.0490588432681294, 0.02344780954274686, 0.0311625788952243, 0.06539709089309109, 0.0477521699146532, 0.05316579136525123, 0.05834792386084202, 0.06643299440615807, 0.045255030952915866, 0.07833701770036075, 0.03676021439394991, 0.04310142588830134, 0.058418747602600955, 0.05533943875024878, 0.05530101708219112, 0.029754830193156438, 0.054678218689857117, 0.04655990548799367, 0.04975639163088854, 0.05280418392811788, 0.044830946036673446, 0.030761589328223024, 0.025362973268485814]
