[0.0, 0.4944391529796674, 0.47376988413296794, 0.5571758595166542, 0.3261106433606085, 0.23115885727211902, 0.29916029146764306, 0.4191633364540943, 0.4104464113490302, 0.2377430165338432, 0.23894929954216843, 0.3589352114907499, 0.22910575164800207, 0.22437113118264515, 0.37224660366514156, 0.3944284859819647, 0.28760347930768815, 0.2931929056303419, 0.25605360368486657, 0.39742272964627073, 0.2372764776884193, 0.3454529171342798, 0.24468673421486134, 0.25782644268303395, 0.26096168902033434, 0.451611908976335, 0.14154532026520342, 0.20350857564371758, 0.3403838873340329, 0.24240314863344287, 0.22617605421473216, 0.36408746119152163, 0.29593017833030316, 0.23671748672366721, 0.2607858099084753, 0.4889872353504831, 0.29299198620644606, 0.8648941576991692, 0.22027049016843517, 0.3205156712931442, 0.2435927710700098, 0.23567665399338034, 0.41407750074752137, 0.37870638818722413, 0.24365854034843434, 0.2638394319406445, 0.19064716911780535, 0.24055543787167083, 0.26008393831998844, 0.3515019225940019, 0.20711698321432354, 0.15465395943343724, 0.43013702697890377, 0.18156461140838903, 0.2234566518845482, 0.233406964533551, 0.40292278115216046, 0.37950589724027434, 0.45103317547409083, 0.22264825678439865, 0.24707650036401274, 0.37926282016516094, 0.631274007355669, 0.19282659872027572, 0.2495530112886277, 0.2738027138897872, 0.3431261888662886, 0.6096740184794452, 0.32219067054479394, 0.26530124596945254, 0.6154440747462909, 0.604251158548926, 0.31108575111480685, 0.2212666642483943, 0.19848196821702024]
[0.4944391529796674, 0.0, 0.621125337481662, 0.5477333960135333, 0.4931832095454528, 0.5522879117654663, 0.6224236751894395, 0.6228337476601877, 0.6045428154132996, 0.6156109632491756, 0.6054845506264102, 0.6163115847435694, 0.5445783975132161, 0.6570560927878634, 0.6386203079841132, 0.5964427806037239, 0.6612844032209984, 0.6057960989593156, 0.5504877060014469, 0.7471719620024591, 0.657665402813601, 0.6301974638481957, 0.5592428394418405, 0.6173489846244178, 0.7087305390008575, 0.5484128052843261, 0.5320002882270516, 0.40713795477690373, 0.7538053142509966, 0.6589980397236388, 0.5329700382388788, 0.5709521123276777, 0.6365594201168278, 0.7051944878595516, 0.6609775459645751, 0.6405750598804273, 0.7023849258218174, 0.6129223483597219, 0.5971900673321463, 0.47180364715239603, 0.7132576563610292, 0.6991507895198249, 0.5194597037428796, 0.42159735862715875, 0.6504405979760493, 0.5479366155187434, 0.6654358880793243, 0.6892615015303915, 0.650767790994027, 0.5188251121536471, 0.6396719542078989, 0.6361214507394637, 0.5453389241018467, 0.4568207531054571, 0.6338709083224796, 0.5509008955090314, 0.49769407411212024, 0.5032177209410441, 0.3349461082672416, 0.6552147895772082, 0.7089791593158716, 0.6812519598488366, 0.8378629386286375, 0.6164508573103586, 0.7171402064346378, 0.44585346807895837, 0.5894597658498664, 0.8484818232138024, 0.5710705877124098, 0.6290855205564935, 0.8749838056539536, 0.669142932725525, 0.7222284372620905, 0.6137004707609904, 0.5180638874263622]
[0.47376988413296794, 0.621125337481662, 0.0, 0.5571268613289426, 0.6039520932380402, 0.476958159055476, 0.6038455253170056, 0.715885587735208, 0.7205468198364122, 0.5015434971495217, 0.5333739911678296, 0.6871724942637503, 0.44071609755286617, 0.41708439779382417, 0.5152950598156724, 0.5609445530492108, 0.5136659438294479, 0.664880742774672, 0.6270157891616095, 0.7049042835231564, 0.4872194938778076, 0.37306695933357215, 0.39286753073444897, 0.49149461685072815, 0.5080423269616324, 0.47284595918832223, 0.5114269900599699, 0.4800172284419522, 0.6391711861349657, 0.5834069323950531, 0.3851816307336581, 0.7136804831770246, 0.6439183098236811, 0.5237733704797555, 0.626836478715527, 0.7416558166523008, 0.46873108767417154, 0.8520631049869878, 0.46693500225042567, 0.43677810199519607, 0.5290558862422761, 0.49594464121088455, 0.24437305175697552, 0.5738911673803542, 0.5818167635482345, 0.5143110982643756, 0.500295412439796, 0.4762109442121274, 0.5617373202656306, 0.4810407418617389, 0.49113387882883086, 0.5072803647629213, 0.5848465417540581, 0.5048725401485353, 0.43724602498708975, 0.40616350468570417, 0.4299921349599054, 0.3419810107968246, 0.6585477227651981, 0.6019198986962143, 0.508337161773775, 0.6853808131613642, 0.8086250597034929, 0.4703464164200188, 0.528079292686165, 0.5517842918018523, 0.2227102870424236, 0.6295637014262898, 0.6606845285385807, 0.6442110787291137, 0.7669433413792188, 0.5805358634796363, 0.47579386755064473, 0.4613630596058622, 0.5256750320254059]
[0.5571758595166542, 0.5477333960135333, 0.5571268613289426, 0.0, 0.4719208534038478, 0.6089555326718256, 0.6998097520537452, 0.7937747651613084, 0.8035982327876567, 0.6390599122645738, 0.6424545262164942, 0.7681946300152365, 0.3856348172462969, 0.5906219238569564, 0.551125416145398, 0.679509146968547, 0.6562116988765405, 0.7391480443891986, 0.6605962025736567, 0.7412648842008449, 0.6139197305932336, 0.4921468678550687, 0.5448001879694859, 0.5459424775800091, 0.599684081713623, 0.6669417383901379, 0.6081473415447056, 0.5474097415021122, 0.7031591066872638, 0.6114056652404354, 0.427360290232048, 0.7706782557920798, 0.7384744306841305, 0.6557056920033154, 0.7261585140293565, 0.8263579685160944, 0.6143090901206013, 0.6321061366479984, 0.4529151394308123, 0.3277503942855383, 0.6609076444723084, 0.6437266372315155, 0.3917274007485038, 0.3287554378530819, 0.6912642208956674, 0.43160916410454564, 0.6075047081272028, 0.633565075715556, 0.6802034907874784, 0.23707555456789672, 0.5774083927595081, 0.6106614091908988, 0.5771076856862521, 0.5674212294702469, 0.5198914104942394, 0.5629121335860399, 0.6172412823562429, 0.4053355910935027, 0.4257356582109691, 0.6829017520775366, 0.6483720719670585, 0.7542859207279444, 0.8673328673931128, 0.6030762055593848, 0.6600298306404889, 0.4338536589262738, 0.568889740081357, 0.8189636128211616, 0.7397606857452202, 0.7310183949470042, 0.8914766132924071, 0.30277116923115566, 0.6514596096843261, 0.5347041391711524, 0.5449126454542416]
[0.3261106433606085, 0.4931832095454528, 0.6039520932380402, 0.4719208534038478, 0.0, 0.4217607223153342, 0.38156577413930154, 0.5219295583554012, 0.5326100475958511, 0.4563792469587563, 0.43458688775149623, 0.49114616960106466, 0.3124297726490242, 0.4210428663645917, 0.43437775882109686, 0.5375547610026793, 0.47086254682153816, 0.43102380776224025, 0.40564167887448643, 0.5557435389887102, 0.4570060268554035, 0.4999498187176174, 0.39088155926719237, 0.42361312778366683, 0.43346574592998005, 0.5019760357583304, 0.3220457940428075, 0.2539042802122725, 0.4147058401809024, 0.3112682747737538, 0.2692639834408265, 0.4424059539638795, 0.4674494740403339, 0.43992597403765454, 0.41604591135883, 0.6087740718986214, 0.4908872418966785, 0.6610823638954084, 0.3411615587008686, 0.3725027733437037, 0.4380711525603665, 0.43704273252036846, 0.4528449144407904, 0.2377643438424425, 0.3689650956384064, 0.30649556630245417, 0.4060800493525262, 0.44945868639654196, 0.35482524511831154, 0.3336489167506138, 0.4199552678869111, 0.37454544795760963, 0.46782453591845563, 0.26039434696449415, 0.4033925027763018, 0.4089980210148542, 0.44044541585567154, 0.4122738258191548, 0.41347207512241535, 0.38657042075452475, 0.4480074142074734, 0.5469590531880425, 0.6709850755283836, 0.37956614487523077, 0.4403209798123941, 0.13151522404622204, 0.46667011950004555, 0.7568881892356615, 0.4359033529055792, 0.4195476484705627, 0.6686566721339648, 0.5500091613893171, 0.5055355162373619, 0.38262935224009315, 0.28657876340682853]
[0.23115885727211902, 0.5522879117654663, 0.476958159055476, 0.6089555326718256, 0.4217607223153342, 0.0, 0.23909047669768235, 0.3077691663657851, 0.3424889073556058, 0.1596573381882351, 0.1894986681716365, 0.30340108214422423, 0.29996259219360877, 0.28272277595849926, 0.3982674737581488, 0.22293159015215125, 0.16641925519500841, 0.29512058382028095, 0.2187492466126722, 0.4424529796791614, 0.28264930572036506, 0.3642103707454229, 0.22993861967128812, 0.31024293803916386, 0.32947167549402895, 0.44156586807246223, 0.24760854389013492, 0.28343812307133726, 0.39620551551652305, 0.34131453855708593, 0.28997242460168227, 0.4578698013263168, 0.2464774809794742, 0.29126976436455176, 0.2549752585279699, 0.37166592706842405, 0.3214385168338493, 0.8716239281394279, 0.3053858140476326, 0.3437592035700668, 0.29727404364690024, 0.2879599167704459, 0.45074903160221896, 0.44600708997569616, 0.28164088343559823, 0.34010355107744666, 0.2687985300931942, 0.2743040851727513, 0.31233816999563646, 0.4154800759612181, 0.20085611661653, 0.25611564856415375, 0.42262963055173575, 0.31828946001628217, 0.28106708263264896, 0.19509152115149972, 0.37612448531474324, 0.38572471956943094, 0.4978488544419934, 0.2678596763987615, 0.2911771905200747, 0.35764099531365323, 0.5820062587831454, 0.21423857983711597, 0.29644986983602456, 0.3502376577737823, 0.37669681640548686, 0.5997672350903132, 0.29619460244955587, 0.24933929618517528, 0.5540416838008325, 0.6153214065014125, 0.34277717875899305, 0.275511092184257, 0.3370726879503416]
[0.29916029146764306, 0.6224236751894395, 0.6038455253170056, 0.6998097520537452, 0.38156577413930154, 0.23909047669768235, 0.0, 0.24760283168144367, 0.28610624538383245, 0.26565937368584663, 0.23896436237498517, 0.2363366842981259, 0.4071330924299495, 0.3436652504349898, 0.4616253596482944, 0.31648411927579545, 0.23254535433820656, 0.19317114612467523, 0.1946599321011223, 0.44897905003821487, 0.3593318048311061, 0.5181382316820099, 0.3067392482001238, 0.40984230314083353, 0.3814813140362369, 0.4674897858995633, 0.24751536812059152, 0.30052288327247473, 0.2933484751734692, 0.28812229351380453, 0.34409653239622506, 0.3714361087672392, 0.22222093240759633, 0.32294834762063235, 0.15052302195696252, 0.3667406447762207, 0.4327578687091132, 0.8844940004319637, 0.39261255767022435, 0.47219262350951885, 0.31910305806563183, 0.3239914189373652, 0.5402538533001928, 0.4821991726051246, 0.20931617199866598, 0.4172747837735331, 0.3245255845737415, 0.3442672575990047, 0.20314738641862026, 0.5166885600014313, 0.2918795980517521, 0.2906703082327556, 0.488541907511999, 0.3221283854198675, 0.3970900510365867, 0.3172069989441396, 0.39213657778010375, 0.5049033544520641, 0.5648281183747308, 0.2398141126490138, 0.3344651826209997, 0.37106256960795025, 0.5680716920452337, 0.2730544847226464, 0.3165045736758072, 0.3306934451718751, 0.43711184188434427, 0.7180981334514536, 0.21089624565135182, 0.15022942881629175, 0.4467511618614215, 0.6686146777621094, 0.44517473413292996, 0.3624967283878212, 0.3192409698614246]
[0.4191633364540943, 0.6228337476601877, 0.715885587735208, 0.7937747651613084, 0.5219295583554012, 0.3077691663657851, 0.24760283168144367, 0.0, 0.1202932719242645, 0.3311837502305327, 0.28758192430792967, 0.15255776105669583, 0.5340268306766457, 0.4957519309284664, 0.5825737083592524, 0.3196742084208458, 0.34381095836235614, 0.2051829604778735, 0.2109614966131623, 0.5535187858727189, 0.49903055881380504, 0.6223931677245165, 0.4456724887419293, 0.515878131847068, 0.5217642807870707, 0.5647172208284127, 0.3751631451560369, 0.4103952526753892, 0.48186907180677424, 0.47124058083635156, 0.5141562093378993, 0.3898546478553755, 0.24497375393333198, 0.47751150075283316, 0.30613653454633905, 0.21830615436202294, 0.5522282732054571, 0.9475653515645543, 0.5314505697457421, 0.5601149459179591, 0.47774097013250627, 0.4811454228413527, 0.6683178377131117, 0.5860094879970213, 0.3755508044195234, 0.5294345548307483, 0.47886094566275444, 0.4921344238261466, 0.40612835914419304, 0.6278787648877279, 0.4259065641796332, 0.44137609039820397, 0.5291997254614631, 0.44283638928492003, 0.5275211845608132, 0.4156405663819656, 0.4898360057001177, 0.6299435516618499, 0.568969381229227, 0.3766075424755985, 0.48580462834879695, 0.38742948775188774, 0.5995402731212334, 0.418298257726009, 0.47722370391816904, 0.46690804295035226, 0.5900202548993343, 0.7693829855054386, 0.2519880726614124, 0.2373685546254414, 0.6092780078471732, 0.7662997505513545, 0.5696733301970447, 0.4905085937536795, 0.4627717003700469]
[0.4104464113490302, 0.6045428154132996, 0.7205468198364122, 0.8035982327876567, 0.5326100475958511, 0.3424889073556058, 0.28610624538383245, 0.1202932719242645, 0.0, 0.33808417510042915, 0.2854175910903063, 0.10945229450553141, 0.5413640493709987, 0.5052670057397045, 0.5829303613634966, 0.3434947021132517, 0.3678402596508972, 0.18249326608062497, 0.21838181185653047, 0.5637159655699471, 0.5092058155596416, 0.6296037690913263, 0.45100377626380006, 0.5247834523774133, 0.5300594111040697, 0.5697843405386603, 0.365337686076293, 0.3998814178572744, 0.5014597539930499, 0.4893135733915524, 0.5286573530867812, 0.3300298722908558, 0.2369680050997188, 0.49044981795963527, 0.3313436431634251, 0.18850910194601803, 0.5540152744907668, 0.9557157856912805, 0.5415755195628897, 0.5635168112955182, 0.49121480466282086, 0.4940989275634699, 0.6748887665237822, 0.5967990250527235, 0.40172719960560516, 0.5326717703069942, 0.4897285261437627, 0.5044694321678461, 0.4259134990610197, 0.6375970401313483, 0.4445096964421309, 0.4459738298773699, 0.5079845592537194, 0.42680189678301905, 0.5317722458967263, 0.41599962022689146, 0.49652396614786787, 0.6381039317764472, 0.5505366985824283, 0.40299959446924055, 0.4988250286114175, 0.37158739322957474, 0.606917307684064, 0.4278461030739713, 0.4899702186946501, 0.47769018470535624, 0.5979634833568168, 0.7407503900113487, 0.24946447408294975, 0.2536384572368502, 0.6370759245922973, 0.776461065039065, 0.5662654733410429, 0.4896697638240332, 0.4597356424516025]
[0.2377430165338432, 0.6156109632491756, 0.5015434971495217, 0.6390599122645738, 0.4563792469587563, 0.1596573381882351, 0.26565937368584663, 0.3311837502305327, 0.33808417510042915, 0.0, 0.08779751228629297, 0.2778087453625167, 0.30201561031293844, 0.23348133972758395, 0.4210224714581484, 0.2667753523209502, 0.12453104725684862, 0.26819152712156924, 0.23698539317904097, 0.4228655723345889, 0.26455544543559223, 0.33803931466281056, 0.20518378809848623, 0.3459689144513732, 0.3069581870623602, 0.522548925416986, 0.2208895658053809, 0.31845849179515756, 0.3620597280963686, 0.32353291737490675, 0.3093613938739469, 0.4342090987155039, 0.2233139703759859, 0.23855042592335132, 0.2596426514439068, 0.3747949067336173, 0.2783953628937328, 0.9422730448688801, 0.3188856339087066, 0.36400122250444933, 0.24238371094135275, 0.2329352038733167, 0.49150739973254326, 0.5083688751897759, 0.2945067750200498, 0.38582417031335364, 0.2541078798234474, 0.2088881757474575, 0.32596726270257204, 0.43581979793495557, 0.17335811885288158, 0.219507806612424, 0.4639133107090412, 0.3173247533451121, 0.2542918916398577, 0.1517879855773784, 0.45154634697757895, 0.4160644112799935, 0.5528781095418628, 0.28241106209850597, 0.22701575083382905, 0.3019069389957117, 0.6072632027393152, 0.2171055431891641, 0.24264942981921309, 0.3976627466380559, 0.4064859699397769, 0.5923730029306401, 0.3376545804911924, 0.24799479649375156, 0.5714023823440525, 0.6102495674495655, 0.3219611702586398, 0.26275695475533933, 0.36289142040536576]
[0.23894929954216843, 0.6054845506264102, 0.5333739911678296, 0.6424545262164942, 0.43458688775149623, 0.1894986681716365, 0.23896436237498517, 0.28758192430792967, 0.2854175910903063, 0.08779751228629297, 0.0, 0.23036982108749302, 0.31775775320438165, 0.24664895563854336, 0.4252478692216541, 0.2960391768468848, 0.15936482925672, 0.20776501473880638, 0.205116633051273, 0.43588786239696525, 0.2943568002143971, 0.3829429428140136, 0.23518161436190804, 0.35661741119611207, 0.3093106397643931, 0.5270302650046201, 0.19577383572473048, 0.30650807069512825, 0.3355157548219534, 0.30717213148653966, 0.3204574896738253, 0.3707741321722356, 0.20479629667519716, 0.24782247310251748, 0.23927459227793563, 0.3547495480353409, 0.2978243566315962, 0.9420402638632527, 0.3268919337191889, 0.38909219754835744, 0.2497808937268502, 0.24465300165836568, 0.5021335012167873, 0.5007183368761294, 0.26941080072264295, 0.37568162774836733, 0.2631216008051878, 0.24341302907297102, 0.30542407802051746, 0.4455191856449106, 0.20156336230138, 0.21905923407658207, 0.4533477526657288, 0.29885837195908593, 0.2746817511854384, 0.1994860683673522, 0.45531729975465485, 0.45559962728060743, 0.5292024588716964, 0.26543669564699, 0.2433450661570607, 0.31406145198140095, 0.5932551539520605, 0.22297222165378897, 0.24806948894142652, 0.3803158604856849, 0.4217177191746639, 0.5962303480791998, 0.29805230186988885, 0.21007428487197, 0.5807344473009569, 0.6040851811053641, 0.336689377680255, 0.2629879454867028, 0.3367267362165785]
[0.3589352114907499, 0.6163115847435694, 0.6871724942637503, 0.7681946300152365, 0.49114616960106466, 0.30340108214422423, 0.2363366842981259, 0.15255776105669583, 0.10945229450553141, 0.2778087453625167, 0.23036982108749302, 0.0, 0.48528599219760543, 0.4445302946517222, 0.5440677274842072, 0.3277336171876023, 0.3144176333039176, 0.1324516565261735, 0.1612769518691506, 0.4982599318753981, 0.44646655111207995, 0.5844090382879655, 0.4061352978699573, 0.48329676245868725, 0.47272280362858315, 0.550108028942016, 0.32409412928540066, 0.37537101831064235, 0.43394372821387445, 0.42202662787276035, 0.4737943124309979, 0.33801741838915317, 0.1498129482784312, 0.4267536298229767, 0.27098383594733677, 0.2006732577938551, 0.5029015067523315, 0.9487583444079595, 0.4881317395788223, 0.5206690603843614, 0.4263254250601787, 0.42929189203610313, 0.6383699371294353, 0.5623087660014972, 0.34678438359804475, 0.4939517095498739, 0.4296162133379051, 0.4419349060229392, 0.36577225421293225, 0.5924082204418523, 0.3837999677278554, 0.3833936096667589, 0.4973078372800071, 0.3948172377848973, 0.47647856423078216, 0.363236036760188, 0.4768674981200048, 0.5966107167779572, 0.5505761063739155, 0.3493288021482731, 0.4350690524602813, 0.2812159459872144, 0.6047759693270226, 0.37594645777331503, 0.4256122944726133, 0.4376160404506981, 0.5537610681454936, 0.7273708601039439, 0.25436156248438285, 0.1931719658200568, 0.6082575466519247, 0.7429671203783405, 0.5195194769564017, 0.44356054508936915, 0.415972139955467]
[0.22910575164800207, 0.5445783975132161, 0.44071609755286617, 0.3856348172462969, 0.3124297726490242, 0.29996259219360877, 0.4071330924299495, 0.5340268306766457, 0.5413640493709987, 0.30201561031293844, 0.31775775320438165, 0.48528599219760543, 0.0, 0.24955226862934338, 0.3188302723762182, 0.43901588358738863, 0.3320853222225571, 0.4405834491733741, 0.3776124952648319, 0.4719966674663446, 0.29014564575605184, 0.23984735855492414, 0.2527776554439043, 0.26829197917396935, 0.2709179549696409, 0.5069376974871164, 0.28332740911304033, 0.29890675492100677, 0.3981152685238077, 0.2930541398751566, 0.1519562492668669, 0.5171205956586258, 0.4210205842370493, 0.2930059468646361, 0.3971003878567907, 0.5857844022141403, 0.2794555815442122, 0.7974871636154227, 0.13831074280863734, 0.19328869693555087, 0.29945994400524406, 0.28476045665708055, 0.34572555595648796, 0.30128399771913755, 0.3648263786363008, 0.19955586040481804, 0.24748062169572044, 0.2700412784864621, 0.37392975278913565, 0.15965276302502912, 0.2311354988235263, 0.2448048532822736, 0.4091423192552541, 0.2918186342209918, 0.1616812120206023, 0.2494929441026002, 0.45573871408851, 0.28067138005842773, 0.4242212437570927, 0.344039351037466, 0.28577510996375766, 0.46624575535282187, 0.6541826502049208, 0.2505955408244768, 0.3006984686928418, 0.26400668888965656, 0.3677267048609504, 0.5991903535832773, 0.461556621480341, 0.4097076188429791, 0.6666587135900659, 0.44711292682612036, 0.3188703054864713, 0.1980186851412695, 0.29023512166635973]
[0.22437113118264515, 0.6570560927878634, 0.41708439779382417, 0.5906219238569564, 0.4210428663645917, 0.28272277595849926, 0.3436652504349898, 0.4957519309284664, 0.5052670057397045, 0.23348133972758395, 0.24664895563854336, 0.4445302946517222, 0.24955226862934338, 0.0, 0.36247782980432786, 0.45127860177308965, 0.2566542666788849, 0.37597766992155024, 0.3753158872554102, 0.42625096246106675, 0.2073521158589675, 0.28512259080053254, 0.22323798801078043, 0.31996319997270284, 0.2150413267285087, 0.5050180876458996, 0.218910219794937, 0.33577707493318715, 0.2691340968859315, 0.22426135445188738, 0.21808144980692237, 0.4681469943307994, 0.3724060198913881, 0.11821080909227658, 0.30203273862200913, 0.5808119588572196, 0.1843069846535415, 0.9645952904230428, 0.24345071802434132, 0.3874948136658377, 0.12123567180636659, 0.08773690174730932, 0.39765189187800576, 0.4933621672099595, 0.24649620295637617, 0.34452739929918147, 0.15257211056320932, 0.1079928099784392, 0.26383478734680876, 0.39068233736725483, 0.17758604378515935, 0.13788231714656765, 0.5014217105623814, 0.2934201510588838, 0.1577493948019023, 0.23867643129084534, 0.4646230636350825, 0.40151104790127273, 0.6015007055854208, 0.2615284728199703, 0.10437087499595497, 0.44579756298840645, 0.6513803021383022, 0.1672264254436872, 0.12354510487832585, 0.3874542696690086, 0.2889696833209901, 0.5738614622250895, 0.4248039862047654, 0.33455241440614975, 0.6042728345708342, 0.5703117968698233, 0.2298398285105562, 0.1887149405139269, 0.28816401286034005]
[0.37224660366514156, 0.6386203079841132, 0.5152950598156724, 0.551125416145398, 0.43437775882109686, 0.3982674737581488, 0.4616253596482944, 0.5825737083592524, 0.5829303613634966, 0.4210224714581484, 0.4252478692216541, 0.5440677274842072, 0.3188302723762182, 0.36247782980432786, 0.0, 0.5306977429654017, 0.44142500556073677, 0.4854476115694057, 0.4641678432594535, 0.5528269280184479, 0.3798135405902664, 0.3595790597874006, 0.37189736079970886, 0.39688056061594007, 0.40617956002529226, 0.3786642378772219, 0.38880762432251836, 0.40070959263364864, 0.4521427563483344, 0.3925118828960257, 0.33179934406303363, 0.5672810394083421, 0.4909496252789339, 0.3820265503224547, 0.44526694883732115, 0.6492522301041987, 0.4122557648556898, 0.8720867222380249, 0.34755963825011704, 0.3975448516707729, 0.39167292216811517, 0.3774338677055906, 0.4638210094541486, 0.4209437623410179, 0.40562561793990143, 0.3624240306165682, 0.3661966891951699, 0.3717440702813799, 0.39614519581853763, 0.39307422135970677, 0.3809597477307965, 0.3706140624810178, 0.24639103027062284, 0.3980458986610064, 0.3437303545042761, 0.37608336427867267, 0.40219398173017545, 0.42588601867261405, 0.5134398313724478, 0.3972144800622451, 0.3821124703133854, 0.5547574887319103, 0.7021665329549995, 0.25699662580250593, 0.39312458983128107, 0.39537909751665806, 0.42602880675843713, 0.6769508266442368, 0.49140684252004535, 0.4596204561595595, 0.6983400317847811, 0.5888809501109045, 0.41568435967306905, 0.3509052346878861, 0.31559264616757143]
[0.3944284859819647, 0.5964427806037239, 0.5609445530492108, 0.679509146968547, 0.5375547610026793, 0.22293159015215125, 0.31648411927579545, 0.3196742084208458, 0.3434947021132517, 0.2667753523209502, 0.2960391768468848, 0.3277336171876023, 0.43901588358738863, 0.45127860177308965, 0.5306977429654017, 0.0, 0.23413620886397546, 0.3796672085133806, 0.2950455783467684, 0.5396775607189803, 0.4275832094717967, 0.47581150572114855, 0.3102384520049161, 0.44408421933489933, 0.4816040426715459, 0.5282714934332985, 0.39056562592290617, 0.3888869503749561, 0.5412447134963132, 0.5071849566618424, 0.4275173442891472, 0.542477954696985, 0.32106295764745435, 0.46183089689076784, 0.3835147249225708, 0.2871650565831944, 0.47582269120404513, 0.8545280773177878, 0.4559010135251884, 0.40225930833866425, 0.4648527972806041, 0.4579929407300023, 0.548461916986962, 0.5387247445748572, 0.4584366897203255, 0.4798387165067052, 0.44527473848893206, 0.4291067801528761, 0.4648815599435203, 0.5182361046955786, 0.34365946372882933, 0.43012695316698085, 0.49334202828983703, 0.4489911184573473, 0.44273016859955455, 0.28674518358731493, 0.430566042811309, 0.4393134228535878, 0.5511294568083824, 0.4455888711802961, 0.4545362824600992, 0.39287156033357895, 0.6032720228431206, 0.3915798429919442, 0.46078118829343606, 0.45065578215227603, 0.5023609250171802, 0.6770553066011202, 0.3630082763711204, 0.3685521219310389, 0.5150004593844992, 0.6476266157046168, 0.49758684587952173, 0.4275484448922003, 0.497012073334871]
[0.28760347930768815, 0.6612844032209984, 0.5136659438294479, 0.6562116988765405, 0.47086254682153816, 0.16641925519500841, 0.23254535433820656, 0.34381095836235614, 0.3678402596508972, 0.12453104725684862, 0.15936482925672, 0.3144176333039176, 0.3320853222225571, 0.2566542666788849, 0.44142500556073677, 0.23413620886397546, 0.0, 0.30410656902485916, 0.26449201719602833, 0.4307000015075079, 0.2773155958003206, 0.3779677622622279, 0.20305357681903885, 0.36348087441730426, 0.3163855026430661, 0.5338055332169449, 0.25845084221897957, 0.34878924921707605, 0.3429845170704688, 0.33071099131240017, 0.3126068802462569, 0.4727071783743201, 0.2570548556825333, 0.24968497534517278, 0.24848239202641428, 0.39243518239264746, 0.289772956503224, 0.943035678136661, 0.3322323981641058, 0.3940280623729928, 0.25006261709736227, 0.24646536752852857, 0.4951863501858786, 0.5257201651630128, 0.29703619198482034, 0.398836848886476, 0.2622625024014884, 0.22873617307362293, 0.3181724865781924, 0.4577232365868859, 0.16691471456420134, 0.24659256473735988, 0.49713956481133137, 0.35857756150753106, 0.2776890716453059, 0.20266876513080506, 0.4589387326129139, 0.42426829149200795, 0.5915477062111884, 0.29636526766441024, 0.2406236476391832, 0.3551566638673253, 0.5809233917810781, 0.23764531266278344, 0.2424288315915623, 0.4058780687373287, 0.40879302028774095, 0.5914200022714402, 0.32772005660043, 0.2626560511616108, 0.4707416268461022, 0.5993822120837345, 0.3245302705598802, 0.2715294702122618, 0.38842446799863894]
[0.2931929056303419, 0.6057960989593156, 0.664880742774672, 0.7391480443891986, 0.43102380776224025, 0.29512058382028095, 0.19317114612467523, 0.2051829604778735, 0.18249326608062497, 0.26819152712156924, 0.20776501473880638, 0.1324516565261735, 0.4405834491733741, 0.37597766992155024, 0.4854476115694057, 0.3796672085133806, 0.30410656902485916, 0.0, 0.1489353467444873, 0.4396623020119024, 0.38251243339306734, 0.5486617140084964, 0.3749202596023823, 0.4360182979744171, 0.40765219953748394, 0.5199188098490739, 0.24387167802607218, 0.3308768542429591, 0.3379058165703896, 0.32663806828707753, 0.4207067897096659, 0.26487403189708136, 0.16739037009854854, 0.3469066657181766, 0.1868529114867014, 0.32399502857481394, 0.4519725409878267, 0.9587998437343288, 0.4305676138448596, 0.5057573485317419, 0.3460572235091038, 0.3527059826976728, 0.6044597886932306, 0.5262213363699191, 0.2485171987661886, 0.44444352213976884, 0.35508517706089726, 0.3781308735336686, 0.2716417393885703, 0.5535424214620261, 0.3326887059078074, 0.3050564984094151, 0.47978027309987, 0.32459089069220604, 0.423515102099627, 0.354540822832252, 0.4617708590811301, 0.5824151615159171, 0.5411227256519865, 0.2550320088621759, 0.36155100609504187, 0.31618381019942704, 0.6009015687549283, 0.3060061687717824, 0.34728313114811726, 0.38614174629860476, 0.5098425386433352, 0.7203727215325897, 0.21172627279732043, 0.11470478959862729, 0.5907912794231337, 0.7172252656863021, 0.46977702091708884, 0.3866545297857647, 0.31934297375499093]
[0.25605360368486657, 0.5504877060014469, 0.6270157891616095, 0.6605962025736567, 0.40564167887448643, 0.2187492466126722, 0.1946599321011223, 0.2109614966131623, 0.21838181185653047, 0.23698539317904097, 0.205116633051273, 0.1612769518691506, 0.3776124952648319, 0.3753158872554102, 0.4641678432594535, 0.2950455783467684, 0.26449201719602833, 0.1489353467444873, 0.0, 0.40978288617082514, 0.3493195409045378, 0.5034291375542225, 0.3450734590236429, 0.37040899739686745, 0.38395358048129163, 0.49613798070789106, 0.26316933277330723, 0.31306818281840687, 0.3755023321574461, 0.3347888602830474, 0.3773998830153603, 0.3543839681428959, 0.1485054245919424, 0.3531448172025263, 0.1999472222727764, 0.29122361874855934, 0.43852941711810234, 0.893004718825184, 0.3707044061119309, 0.4179016425782084, 0.3556956107001121, 0.35872722709145644, 0.5560937259938747, 0.4476494665918872, 0.2791477034336378, 0.3799318494232428, 0.33186804064275416, 0.37246985189013604, 0.29800047088598247, 0.4771924465624554, 0.2805988566588844, 0.2978933656970706, 0.4458336557042192, 0.3350948962233056, 0.38888563844749346, 0.3156850886461819, 0.4306232484061224, 0.5158224494204999, 0.46409262503525955, 0.25518005630169727, 0.3659842515958315, 0.2760215571264851, 0.5889539303694851, 0.29610647563850034, 0.35647224484796686, 0.3316232450526114, 0.4906159086909269, 0.7133326457490637, 0.21968618199851334, 0.14495964873656106, 0.5735864150641772, 0.6629027540408097, 0.46012027652180587, 0.3602640278458468, 0.3111364053796858]
[0.39742272964627073, 0.7471719620024591, 0.7049042835231564, 0.7412648842008449, 0.5557435389887102, 0.4424529796791614, 0.44897905003821487, 0.5535187858727189, 0.5637159655699471, 0.4228655723345889, 0.43588786239696525, 0.4982599318753981, 0.4719966674663446, 0.42625096246106675, 0.5528269280184479, 0.5396775607189803, 0.4307000015075079, 0.4396623020119024, 0.40978288617082514, 0.0, 0.2504185592701414, 0.5808887873355137, 0.4951133645330958, 0.5057714291793126, 0.4634164390538763, 0.62863887459673, 0.44294956001748925, 0.538813275978413, 0.3993727123750931, 0.3858107722800044, 0.47847968385632933, 0.573785825591619, 0.3812457319503971, 0.3821018227973969, 0.3462412638198624, 0.6092920820195574, 0.46449526699829985, 1.0796677613202765, 0.4686716774895669, 0.5234985950923591, 0.37829585493747137, 0.388272434420061, 0.62234336123196, 0.6211899494484869, 0.3952585751446753, 0.5290980577992943, 0.4004817311430347, 0.40531552271914917, 0.3963462830472024, 0.5622019774756954, 0.3454608505644842, 0.3948938668391193, 0.6627076637679308, 0.507967316012569, 0.4552759567585273, 0.49382448360221, 0.6223580578990269, 0.6268218698780672, 0.7130547908804982, 0.3992185672526997, 0.3976642681889691, 0.3556011183848241, 0.725852563593537, 0.4193136920011804, 0.37954974320168117, 0.5070125006136275, 0.5744720811341879, 0.7879492516638839, 0.523492235796401, 0.40561196866253707, 0.699809334503299, 0.7229261552428116, 0.5113911562392087, 0.44333855110997633, 0.4126161703393335]
[0.2372764776884193, 0.657665402813601, 0.4872194938778076, 0.6139197305932336, 0.4570060268554035, 0.28264930572036506, 0.3593318048311061, 0.49903055881380504, 0.5092058155596416, 0.26455544543559223, 0.2943568002143971, 0.44646655111207995, 0.29014564575605184, 0.2073521158589675, 0.3798135405902664, 0.4275832094717967, 0.2773155958003206, 0.38251243339306734, 0.3493195409045378, 0.2504185592701414, 0.0, 0.3586500894621342, 0.29598104703390143, 0.32695769898325566, 0.2754042943232696, 0.4929964818474725, 0.28870833119844136, 0.3884114837977988, 0.32028680804793225, 0.2756798871430958, 0.28968081974520693, 0.5091781659658983, 0.33558239180267313, 0.20091804025402663, 0.2797573709511401, 0.5640258862320255, 0.2603332115342881, 0.9837477960685638, 0.2818902389929417, 0.3728046757947582, 0.2019018788326031, 0.19472857545358835, 0.44316526832474734, 0.5088991732456788, 0.2838392542022781, 0.36981105550928695, 0.20716480997256265, 0.19743374292935967, 0.2881847374511816, 0.41207327652764525, 0.15967929918972548, 0.2136058479483727, 0.5160435578456631, 0.3611680672914119, 0.23898776358560986, 0.30140273313749466, 0.4741881420461841, 0.4397805241505571, 0.6123317751106301, 0.28167525775681684, 0.2060593934909924, 0.36988592278669574, 0.6584589325665614, 0.21679085890483651, 0.20289421274305885, 0.4024279691306719, 0.36947280554917655, 0.624759992762747, 0.4410350121653337, 0.3380058285659491, 0.6220117002895812, 0.6060759989979861, 0.30489687186284997, 0.24947226600682598, 0.2928162393036842]
[0.3454529171342798, 0.6301974638481957, 0.37306695933357215, 0.4921468678550687, 0.4999498187176174, 0.3642103707454229, 0.5181382316820099, 0.6223931677245165, 0.6296037690913263, 0.33803931466281056, 0.3829429428140136, 0.5844090382879655, 0.23984735855492414, 0.28512259080053254, 0.3595790597874006, 0.47581150572114855, 0.3779677622622279, 0.5486617140084964, 0.5034291375542225, 0.5808887873355137, 0.3586500894621342, 0.0, 0.2645851037141393, 0.3491872916555796, 0.3486822448513209, 0.5566443216510978, 0.3732565171543651, 0.40290214321365825, 0.518566286020321, 0.43546211178127564, 0.2923689117633686, 0.629541971398474, 0.5305016835341387, 0.34735220300773195, 0.5083504185604252, 0.6652803064227587, 0.3044668615538632, 0.899143396655574, 0.28960887820455883, 0.2920497833000289, 0.3585101618499268, 0.3332757064486106, 0.4093044995312086, 0.47929536267847556, 0.47901240733342093, 0.38135419084285677, 0.33352940707751255, 0.27597032653578174, 0.49317242138634176, 0.31605633608472355, 0.31372242640690196, 0.3380608157815219, 0.4676988246238219, 0.3930861940689892, 0.23402083805561805, 0.25810467136273996, 0.5083532895776716, 0.2844110825402283, 0.5633851590416468, 0.44935055131405327, 0.3208483810138017, 0.5631067474182331, 0.7475427754248368, 0.3148669377150363, 0.36443657783163247, 0.4561078534530355, 0.3885775746615799, 0.6118585083437051, 0.5680490701889267, 0.5211326223110624, 0.7152090094905525, 0.5284448303248419, 0.34723946911761394, 0.310000650862376, 0.43889785266182907]
[0.24468673421486134, 0.5592428394418405, 0.39286753073444897, 0.5448001879694859, 0.39088155926719237, 0.22993861967128812, 0.3067392482001238, 0.4456724887419293, 0.45100377626380006, 0.20518378809848623, 0.23518161436190804, 0.4061352978699573, 0.2527776554439043, 0.22323798801078043, 0.37189736079970886, 0.3102384520049161, 0.20305357681903885, 0.3749202596023823, 0.3450734590236429, 0.4951133645330958, 0.29598104703390143, 0.2645851037141393, 0.0, 0.34873053233695683, 0.32472519583841164, 0.4657532492287678, 0.21300713789807513, 0.247978227109334, 0.3835156657468952, 0.3328559712011205, 0.2026216749581812, 0.47391568131907663, 0.3695613959213688, 0.27726192075861356, 0.3432473556663368, 0.4902447757521951, 0.28624516048014176, 0.8288772623651213, 0.2879757288440314, 0.2956103805921876, 0.2811266880684029, 0.2625725456342694, 0.3786386962614197, 0.43845122017348787, 0.3389727521002481, 0.357375627463633, 0.2771986414424207, 0.22199378317232038, 0.3368939837406619, 0.36136928507686006, 0.22279836189354796, 0.25258645850620354, 0.43975648605329637, 0.2585971193326854, 0.2383326355725437, 0.11721154750007298, 0.37951046421906676, 0.26479733964247054, 0.5266253963046315, 0.3483361112540932, 0.2588263400184207, 0.4424451420232381, 0.655764190569017, 0.22781964968556956, 0.2788990096031128, 0.33691998523092537, 0.30758169418756687, 0.5964879711424234, 0.3878342053707237, 0.35609138993642986, 0.5085280921529018, 0.5119304024112068, 0.32168092016761946, 0.2602661416378054, 0.34197089696624505]
[0.25782644268303395, 0.6173489846244178, 0.49149461685072815, 0.5459424775800091, 0.42361312778366683, 0.31024293803916386, 0.40984230314083353, 0.515878131847068, 0.5247834523774133, 0.3459689144513732, 0.35661741119611207, 0.48329676245868725, 0.26829197917396935, 0.31996319997270284, 0.39688056061594007, 0.44408421933489933, 0.36348087441730426, 0.4360182979744171, 0.37040899739686745, 0.5057714291793126, 0.32695769898325566, 0.3491872916555796, 0.34873053233695683, 0.0, 0.17832448843330928, 0.5139384353992911, 0.3361012873332518, 0.3663363989206255, 0.45545222913527966, 0.36890132934058517, 0.31543419302127906, 0.532671029625667, 0.4260569592293371, 0.333326941948278, 0.38669179639213336, 0.5838515807905428, 0.34936199319397193, 0.9009881631937492, 0.1596746071677527, 0.3376991872317515, 0.3388567035359465, 0.33216221990756234, 0.46291544621737796, 0.40819435931414916, 0.3767761651704932, 0.20136431122982895, 0.22782150908098797, 0.33234067929579014, 0.38319840779274833, 0.34977427762327795, 0.265321115781918, 0.26000960198131, 0.4608478551964786, 0.3791969810881496, 0.25903898041189904, 0.34570338514966253, 0.46321241203392427, 0.42735960305044685, 0.48779667235918467, 0.2993233200241016, 0.3369070523803599, 0.5098120620355641, 0.6792453925270433, 0.27858027244409717, 0.34141773627863325, 0.3690112944837382, 0.40931830376024203, 0.6380956709786141, 0.4500130987950687, 0.40133926737679787, 0.672405123904938, 0.6275554103554767, 0.3341115089649944, 0.29325350829602437, 0.3301911173990277]
[0.26096168902033434, 0.7087305390008575, 0.5080423269616324, 0.599684081713623, 0.43346574592998005, 0.32947167549402895, 0.3814813140362369, 0.5217642807870707, 0.5300594111040697, 0.3069581870623602, 0.3093106397643931, 0.47272280362858315, 0.2709179549696409, 0.2150413267285087, 0.40617956002529226, 0.4816040426715459, 0.3163855026430661, 0.40765219953748394, 0.38395358048129163, 0.4634164390538763, 0.2754042943232696, 0.3486822448513209, 0.32472519583841164, 0.17832448843330928, 0.0, 0.5693539110116712, 0.2947311054442067, 0.3922712613129735, 0.33575866522152364, 0.2796020828531243, 0.29672299188532725, 0.5067351059004137, 0.4030009387205283, 0.21376233954265428, 0.33714963030445677, 0.6051022372682379, 0.251046469775965, 0.9871082195396235, 0.16415084634254143, 0.40242724261918034, 0.21309643069646816, 0.21164497869712168, 0.4804793225860278, 0.4848379647428579, 0.3068136261740018, 0.2590696019176302, 0.12869633654851684, 0.23327014403066645, 0.32078677341284506, 0.3909896590713679, 0.20849365651021534, 0.16602882316685313, 0.5229849698109709, 0.3685827162794181, 0.19023087651850387, 0.3344320999650816, 0.5213690037410396, 0.46779528647459984, 0.5872819895546881, 0.25132079764473564, 0.2162988340936329, 0.490260218693353, 0.6712347296693517, 0.23498343033382316, 0.21229530980403616, 0.40209642408029345, 0.3940026547639462, 0.5988231830384946, 0.4543365037728098, 0.3670341174402672, 0.6371711298081677, 0.6207630505259876, 0.24428330633680478, 0.23504742670952555, 0.3248203139850845]
[0.451611908976335, 0.5484128052843261, 0.47284595918832223, 0.6669417383901379, 0.5019760357583304, 0.44156586807246223, 0.4674897858995633, 0.5647172208284127, 0.5697843405386603, 0.522548925416986, 0.5270302650046201, 0.550108028942016, 0.5069376974871164, 0.5050180876458996, 0.3786642378772219, 0.5282714934332985, 0.5338055332169449, 0.5199188098490739, 0.49613798070789106, 0.62863887459673, 0.4929964818474725, 0.5566443216510978, 0.4657532492287678, 0.5139384353992911, 0.5693539110116712, 0.0, 0.48278704502352576, 0.4120583991742907, 0.5810030637250254, 0.5314171065310298, 0.4364304614107613, 0.5931107929992522, 0.5213829561740965, 0.5520347770707998, 0.4980307502260652, 0.6150918908934582, 0.5996578171383715, 0.7731409805422526, 0.5236141914675185, 0.5059906316915384, 0.5570240142733206, 0.5376400288949479, 0.44140844252687433, 0.48684365428754656, 0.47396911341143194, 0.5125492831563219, 0.5265679976266326, 0.5423177552540493, 0.42660988582756315, 0.5636373786724853, 0.5264384381695045, 0.5192651749755955, 0.37757383860474314, 0.4640686866029721, 0.5437424181317924, 0.4645612081519041, 0.15498788260470733, 0.4834738599537449, 0.5669099603929244, 0.5030621613649204, 0.5584467465971007, 0.5888374326381886, 0.7369849468121331, 0.41268837478577186, 0.5588379991121531, 0.44713390389515545, 0.3664359542452321, 0.7945595367697833, 0.5008496710511205, 0.5057123587800367, 0.7112458771657195, 0.7229330362069375, 0.5881301033202815, 0.5248679029120158, 0.3909820536739586]
