[0, 51.33730158730159, 60.463157894736845, 65.08292682926829, 62.24, 66.15346534653466, 62.03517587939699, 60.288372093023256, 62.577669902912625, 61.39523809523809, 65.13432835820896, 56.76881720430107, 57.105555555555554, 59.367924528301884, 62.008810572687224, 61.894444444444446, 61.24215246636771, 59.765853658536585, 60.818627450980394, 63.642857142857146, 56.25, 56.8390243902439, 63.944186046511625, 61.93, 64.92857142857143, 68.64081632653061, 45.56439393939394, 63.794701986754966, 62.78604651162791, 59.04433497536946, 60.79611650485437, 61.07035175879397, 53.56547619047619, 61.45522388059702, 57.75, 56.76881720430107, 62.26767676767677, 48.5187969924812, 61.13368983957219, 60.73376623376623, 62.01401869158879, 51.483870967741936, 64.15789473684211, 62.943127962085306, 61.359375, 52.66206896551724, 64.28695652173913, 48.64462809917355, 62.06666666666667, 61.764102564102565, 55.616279069767444, 58.3768115942029, 57.46875, 60.12290502793296, 56.25714285714286, 47.857142857142854, 60.90277777777778, 60.73376623376623, 58.06145251396648, 51.21568627450981, 59.26341463414634, 59.66, 60.89940828402367, 63.327777777777776, 61.78504672897196, 63.09952606635071, 60.46560846560847, 56.166666666666664, 55.81437125748503, 59.201149425287355, 63.72769953051643, 53.791666666666664, 66.40948275862068, 55.011428571428574, 61.10526315789474]
[51.33730158730159, 0, 61.94535519125683, 64.96039603960396, 62.076530612244895, 67.8974358974359, 63.145833333333336, 60.64921465968586, 63.456043956043956, 62.507936507936506, 65.36813186813187, 58.247058823529414, 60.333333333333336, 62.95477386934673, 63.180952380952384, 64.26666666666667, 64.08780487804879, 60.56060606060606, 63.647619047619045, 64.19277108433735, 59.01156069364162, 56.38277511961722, 64.71904761904761, 62.740932642487046, 64.22477064220183, 68.68778280542986, 45.474708171206224, 62.26623376623377, 64.54411764705883, 59.651162790697676, 60.46153846153846, 62.04210526315789, 59.50609756097561, 64.00373134328358, 51.75268817204301, 58.247058823529414, 62.729729729729726, 53.75229357798165, 60.13142857142857, 63.23030303030303, 64.36893203883496, 55.5, 62.64016736401673, 64.23618090452261, 63.74869109947644, 56.74264705882353, 66.62385321100918, 54.470588235294116, 63.055837563451774, 62.786458333333336, 59.305882352941175, 61.2112676056338, 58.00653594771242, 60.72159090909091, 59.895705521472394, 57.05194805194805, 62.842592592592595, 63.23030303030303, 57.642857142857146, 58.242105263157896, 60.71, 61.25925925925926, 65.09604519774011, 65.25308641975309, 63.7027027027027, 63.815, 61.94535519125683, 58.0974025974026, 57.144827586206894, 62.8343949044586, 63.84803921568628, 57.22292993630573, 65.76442307692308, 57.140243902439025, 61.57219251336898]
[60.463157894736845, 61.94535519125683, 0, 58.526315789473685, 59.1843137254902, 62.69911504424779, 57.24096385542169, 56.2593984962406, 59.51101321585903, 58.611570247933884, 59.80833333333333, 53.35981308411215, 52.42741935483871, 56.84444444444444, 56.25283018867925, 58.64903846153846, 60.173228346456696, 56.885714285714286, 56.9453125, 63.83464566929134, 55.49767441860465, 58.5962441314554, 64.5475113122172, 57.14901960784314, 63.525, 63.90298507462686, 59.871244635193136, 59.38202247191011, 59.05019305019305, 53.81782945736434, 55.68821292775665, 57.86607142857143, 52.53225806451613, 67.05416666666666, 79.50666666666666, 53.35981308411215, 55.02880658436214, 46.78658536585366, 55.29803921568627, 56.40686274509804, 57.4367816091954, 40.75238095238095, 74.1574074074074, 57.608, 60.767932489451475, 50.515625, 58.364285714285714, 42.438709677419354, 58.77906976744186, 54.94779116465863, 53.97572815533981, 57.05696202531646, 52.015075376884425, 59.153153153153156, 53.557522123893804, 48.888888888888886, 55.84496124031008, 56.40686274509804, 53.08898305084746, 50.15555555555556, 55.73725490196078, 57.663101604278076, 61.44600938967136, 57.38604651162791, 57.84322033898305, 56.17829457364341, 0.03838383838383838, 53.21145374449339, 50.256637168141594, 57.074418604651164, 58.36078431372549, 52.83743842364532, 61.6796875, 52.5945945945946, 55.030837004405285]
[65.08292682926829, 64.96039603960396, 58.526315789473685, 0, 43.25503355704698, 64.80590717299577, 57.66030534351145, 58.58, 59.13671875, 57.17154811715481, 61.24603174603175, 56.96482412060301, 56.292929292929294, 58.247747747747745, 59.19521912350598, 63.15865384615385, 62.353711790393014, 58.02325581395349, 58.50826446280992, 65.8715953307393, 59.70616113744076, 62.27979274611399, 67.33195020746888, 59.46861924686193, 65.83064516129032, 63.11439114391144, 61.78095238095238, 59.25, 60.54347826086956, 56.790393013100434, 57.760330578512395, 60.72300469483568, 53.93370165745856, 68.95019157088123, 78.71621621621621, 56.96482412060301, 58.59803921568628, 53.12244897959184, 58.52674897119341, 58.21989528795812, 59.452991452991455, 51.96022727272727, 75.99052132701422, 60.21800947867298, 63.02183406113537, 52.25966850828729, 61.235059760956176, 46.25409836065574, 60.81884057971015, 58.51417004048583, 57.88826815642458, 58.41463414634146, 55.34313725490196, 59.67821782178218, 56.44859813084112, 55.27731092436975, 59.581673306772906, 58.21989528795812, 55.828947368421055, 55.82089552238806, 56.71836734693878, 60.167539267015705, 65.1078431372549, 59.95609756097561, 60.305936073059364, 62.47950819672131, 55.54545454545455, 55.101522842639596, 52.933673469387756, 55.502262443438916, 60.0739299610895, 56.288770053475936, 62.697095435684645, 55.04347826086956, 59.31018518518518]
[62.24, 62.076530612244895, 59.1843137254902, 43.25503355704698, 0, 64.6, 57.01556420233463, 57.40585774058577, 57.01255230125523, 56.59362549800797, 57.864541832669325, 52.36065573770492, 53.71859296482412, 56.3640350877193, 59.70038910505836, 61.58910891089109, 60.26160337552743, 56.15767634854772, 58.87698412698413, 63.746153846153845, 55.335, 58.59239130434783, 64.73303167420815, 58.82905982905983, 65.76623376623377, 64.87857142857143, 57.715025906735754, 58.5503355704698, 60.03041825095057, 57.45762711864407, 59.135458167330675, 57.28909952606635, 52.065934065934066, 65.34567901234568, 71.62, 52.36065573770492, 56.25925925925926, 51.46478873239437, 58.82819383259912, 58.910526315789475, 57.04932735426009, 48.875, 71.73604060913705, 60.51724137931034, 62.47417840375587, 52.336898395721924, 62.864541832669325, 43.46715328467153, 60.46586345381526, 57.587044534412954, 57.17142857142857, 58.625, 55.49732620320856, 59.35858585858586, 54.753488372093024, 53.91509433962264, 57.770833333333336, 58.910526315789475, 55.99090909090909, 54.868852459016395, 55.736, 59.974489795918366, 64.14356435643565, 60.16504854368932, 59.291845493562235, 60.70338983050848, 54.97652582159625, 54.54726368159204, 54.015957446808514, 55.90909090909091, 61.056179775280896, 53.03626943005181, 60.81739130434783, 54.34134615384615, 58.53917050691244]
[66.15346534653466, 67.8974358974359, 62.69911504424779, 64.80590717299577, 64.6, 0, 63.687747035573125, 63.716738197424895, 64.41532258064517, 63.82329317269076, 65.29338842975207, 53.8974358974359, 60.03883495145631, 63.597457627118644, 64.37130801687763, 59.671361502347416, 60.881278538812786, 63.217557251908396, 64.28048780487805, 67.76061776061776, 57.31553398058252, 62.821100917431195, 65.54893617021277, 63.8468085106383, 63.526315789473685, 67.28731343283582, 63.803827751196174, 62.51744186046512, 65.70967741935483, 64.38157894736842, 65.04032258064517, 61.78365384615385, 56.540284360189574, 70.88582677165354, 76.78205128205128, 53.8974358974359, 63.804761904761904, 44.62837837837838, 59.55172413793103, 63.24338624338624, 62.7, 46.556179775280896, 75.9245283018868, 61.288288288288285, 54.97540983606557, 51.523809523809526, 66.15116279069767, 46.432432432432435, 64.26190476190476, 62.65531914893617, 52.63978494623656, 53.93142857142857, 56.58163265306123, 61.799019607843135, 58.8469387755102, 40.14678899082569, 63.54385964912281, 63.24338624338624, 56.1244019138756, 45.093023255813954, 60.79752066115702, 51.872093023255815, 56.650442477876105, 61.4009900990099, 59.36244541484716, 64.41739130434783, 62.29816513761468, 55.230366492146594, 54.6497461928934, 59.68627450980392, 64.89019607843137, 54.18957345971564, 64.7117903930131, 57.03482587064676, 64.19534883720931]
[62.03517587939699, 63.145833333333336, 57.24096385542169, 57.66030534351145, 57.01556420233463, 63.687747035573125, 0, 52.87450980392157, 27.494791666666668, 37.650455927051674, 36.411764705882355, 46.60267857142857, 57.3013698630137, 59.90833333333333, 61.38167938931298, 59.33495145631068, 59.429718875502004, 43.19805194805195, 54.86590038314176, 65.7918215613383, 57.085470085470085, 61.87619047619047, 66.94690265486726, 59.87551867219917, 65.20164609053498, 64.52416356877323, 63.39351851851852, 58.81699346405229, 60.76171875, 58.385245901639344, 58.48076923076923, 59.53051643192488, 53.39698492462311, 68.58365758754864, 80.5, 46.60267857142857, 58.10232558139535, 48.682119205298015, 58.94238683127572, 57.6242774566474, 58.81404958677686, 51.02824858757062, 76.6606334841629, 60.70292887029289, 60.69230769230769, 54.11176470588235, 59.99239543726236, 44.64963503649635, 59.160919540229884, 55.8984375, 55.97206703910614, 58.241379310344826, 56.59405940594059, 59.473684210526315, 55.10344827586207, 48.68888888888889, 61.02390438247012, 57.6242774566474, 56.259574468085106, 50.7787610619469, 55.83673469387755, 55.11173184357542, 61.53694581280788, 57.54377880184332, 55.84848484848485, 61.13168724279836, 58.495535714285715, 55.56018518518518, 54.96954314720812, 57.049107142857146, 61.302158273381295, 53.56382978723404, 63.94117647058823, 54.77251184834123, 59.608333333333334]
[60.288372093023256, 60.64921465968586, 56.2593984962406, 58.58, 57.40585774058577, 63.716738197424895, 52.87450980392157, 0, 54.799196787148595, 55.09836065573771, 56.608163265306125, 49.34871794871795, 54.88793103448276, 58.388663967611336, 58.27205882352941, 60.55555555555556, 59.438202247191015, 55.15102040816326, 30.516339869281047, 64.66795366795367, 55.986607142857146, 61.5, 65.12556053811659, 60.145669291338585, 64.13223140495867, 63.8477508650519, 62.74008810572687, 60.66875, 60.5625, 56.35341365461847, 58.17786561264822, 57.353191489361706, 53.13953488372093, 69.4469696969697, 76.98809523809524, 49.34871794871795, 57.61924686192469, 49.11333333333334, 57.03896103896104, 58.927083333333336, 58.5187969924812, 51.06989247311828, 74.3393665158371, 59.7421875, 61.76548672566372, 54.773809523809526, 60.02909090909091, 47.74496644295302, 60.229885057471265, 57.19521912350598, 56.0, 57.875, 54.52284263959391, 61.07281553398058, 55.57339449541284, 48.159574468085104, 60.454887218045116, 58.927083333333336, 55.62770562770563, 50.49122807017544, 57.729838709677416, 55.45402298850575, 61.429951690821255, 58.60696517412935, 59.365546218487395, 59.97276264591439, 55.64255319148936, 57.45933014354067, 55.39698492462311, 57.74545454545454, 60.460076045627375, 54.27956989247312, 63.18072289156626, 56.32432432432432, 57.095435684647306]
[62.577669902912625, 63.456043956043956, 59.51101321585903, 59.13671875, 57.01255230125523, 64.41532258064517, 27.494791666666668, 54.799196787148595, 0, 37.38643067846608, 37.060171919770774, 44.15765765765766, 58.4, 59.45982142857143, 61.72874493927125, 60.056603773584904, 59.204166666666666, 43.46278317152104, 55.49236641221374, 65.47509578544062, 57.6228813559322, 62.24, 65.43961352657004, 59.61290322580645, 65.7, 66.34962406015038, 60.645502645502646, 60.97546012269939, 60.88326848249027, 59.21224489795918, 59.65758754863813, 61.31506849315068, 54.820388349514566, 68.6008064516129, 77.78688524590164, 44.15765765765766, 58.25675675675676, 49.308724832214764, 58.016597510373444, 59.31491712707182, 59.60434782608696, 50.168539325842694, 73.69543147208122, 61.61752988047809, 61.859030837004404, 53.854651162790695, 60.962406015037594, 47.07913669064748, 59.74045801526717, 56.233870967741936, 55.84699453551912, 57.053691275167786, 55.734693877551024, 61.47596153846154, 55.950892857142854, 49.02061855670103, 61.81376518218624, 59.31491712707182, 56.80349344978166, 52.6328125, 57.116, 56.27225130890052, 62.57425742574257, 57.03720930232558, 57.43801652892562, 61.44769874476987, 58.550925925925924, 55.29207920792079, 54.481283422459896, 56.54504504504504, 59.88235294117647, 54.064864864864866, 63.98717948717949, 55.004784688995215, 60.6431718061674]
[61.39523809523809, 62.507936507936506, 58.611570247933884, 57.17154811715481, 56.59362549800797, 63.82329317269076, 37.650455927051674, 55.09836065573771, 37.38643067846608, 0, 32.86871508379888, 42.528888888888886, 55.85221674876847, 59.839506172839506, 60.984848484848484, 59.84403669724771, 58.13414634146341, 39.77230769230769, 55.023622047244096, 63.3203125, 55.284444444444446, 60.097938144329895, 65.18095238095238, 59.050980392156866, 64.289592760181, 65.94326241134752, 58.443349753694584, 58.6025641025641, 60.32846715328467, 58.376, 58.016460905349795, 58.9237668161435, 52.91919191919192, 65.582995951417, 73.87931034482759, 42.528888888888886, 58.275109170305676, 48.0, 57.38306451612903, 58.03351955307262, 57.8, 48.26086956521739, 72.6321243523316, 60.264227642276424, 61.88284518828452, 53.62162162162162, 60.71062271062271, 45.21290322580645, 59.18181818181818, 55.88582677165354, 55.87431693989071, 55.479166666666664, 55.447236180904525, 59.35321100917431, 54.52232142857143, 49.53125, 60.285714285714285, 58.03351955307262, 55.924882629107984, 52.27049180327869, 56.11764705882353, 55.977777777777774, 60.961722488038276, 57.0622009569378, 56.52066115702479, 60.54237288135593, 57.914414414414416, 54.63333333333333, 52.950980392156865, 56.04867256637168, 60.55434782608695, 52.67368421052632, 62.28813559322034, 54.56277056277056, 59.57805907172996]
[65.13432835820896, 65.36813186813187, 59.80833333333333, 61.24603174603175, 57.864541832669325, 65.29338842975207, 36.411764705882355, 56.608163265306125, 37.060171919770774, 32.86871508379888, 0, 43.777272727272724, 57.06989247311828, 59.5921052631579, 61.17427385892116, 59.88317757009346, 60.11203319502075, 41.70860927152318, 56.848, 65.15702479338843, 56.54337899543379, 62.92079207920792, 65.31481481481481, 59.0, 67.54935622317596, 66.18888888888888, 61.12972972972973, 59.87837837837838, 60.44615384615385, 58.53941908713693, 59.08571428571429, 60.83561643835616, 54.12307692307692, 67.28395061728395, 78.71014492753623, 43.777272727272724, 57.925925925925924, 50.34057971014493, 58.8755364806867, 59.5, 60.7467248908297, 50.79558011049724, 73.7363184079602, 62.00873362445415, 62.529680365296805, 54.60919540229885, 61.93893129770992, 46.16778523489933, 58.34, 56.69477911646587, 56.8, 57.15384615384615, 56.601990049751244, 59.685, 55.763636363636365, 48.61797752808989, 61.5655737704918, 59.5, 57.52488687782805, 53.77777777777778, 57.599236641221374, 56.391061452513966, 62.48543689320388, 57.34782608695652, 59.244, 62.31330472103004, 58.93333333333333, 55.44845360824742, 55.043243243243246, 57.11555555555555, 61.268382352941174, 53.52272727272727, 63.99570815450644, 54.8792270531401, 60.19444444444444]
[56.76881720430107, 58.247058823529414, 53.35981308411215, 56.96482412060301, 52.36065573770492, 53.8974358974359, 46.60267857142857, 49.34871794871795, 44.15765765765766, 42.528888888888886, 43.777272727272724, 0, 53.29955947136564, 57.816, 57.88715953307393, 53.00425531914894, 54.6028880866426, 48.892857142857146, 54.72348484848485, 62.0, 50.94318181818182, 54.60986547085202, 56.73221757322176, 58.00361010830325, 60.685483870967744, 64.93818181818182, 56.248908296943235, 58.21081081081081, 59.227106227106226, 58.1875, 57.40466926070039, 55.54471544715447, 47.273092369477915, 60.44769874476987, 62.509803921568626, 0.0, 56.28636363636364, 42.33505154639175, 55.54826254826255, 57.380208333333336, 56.44705882352941, 43.99579831932773, 66.82857142857142, 57.4375, 51.42372881355932, 46.317535545023695, 58.35, 40.61764705882353, 59.59315589353612, 56.11153846153846, 48.161702127659574, 49.12290502793296, 50.585903083700444, 57.85344827586207, 50.35408560311284, 34.98449612403101, 57.094861660079054, 57.380208333333336, 51.39837398373984, 41.44736842105263, 55.244360902255636, 48.10619469026549, 51.37914691943128, 56.81481481481482, 51.47761194029851, 59.05384615384615, 56.26086956521739, 51.55118110236221, 49.33181818181818, 55.58943089430894, 59.74820143884892, 46.25221238938053, 61.55, 50.324894514767934, 58.1198347107438]
[57.105555555555554, 60.333333333333336, 52.42741935483871, 56.292929292929294, 53.71859296482412, 60.03883495145631, 57.3013698630137, 54.88793103448276, 58.4, 55.85221674876847, 57.06989247311828, 53.29955947136564, 0, 54.46715328467153, 57.03007518796993, 57.68269230769231, 58.15983606557377, 58.477178423236516, 58.2557251908397, 64.88122605363985, 52.789954337899545, 59.78440366972477, 60.22222222222222, 57.57959183673469, 60.252252252252255, 65.16216216216216, 59.638392857142854, 56.39664804469274, 58.62352941176471, 56.968503937007874, 57.8587786259542, 57.16017316017316, 48.65948275862069, 68.93656716417911, 76.59722222222223, 52.47441860465116, 56.71945701357466, 45.19879518072289, 57.287553648068666, 57.01449275362319, 57.58232931726908, 48.30348258706468, 73.1574074074074, 58.00751879699248, 59.08974358974359, 52.43783783783784, 60.20849420849421, 43.50955414012739, 59.554621848739494, 57.83534136546185, 50.36507936507937, 54.636986301369866, 53.470588235294116, 57.1747572815534, 55.02283105022831, 45.010989010989015, 56.736, 57.01449275362319, 53.81818181818182, 49.252252252252255, 56.8, 54.92896174863388, 58.62176165803109, 59.833333333333336, 56.78260869565217, 57.4106463878327, 53.35537190082645, 54.381188118811885, 52.32835820895522, 59.43497757847533, 61.77946768060836, 51.57920792079208, 60.3206106870229, 52.653333333333336, 56.633187772925766]
[59.367924528301884, 62.95477386934673, 56.84444444444444, 58.247747747747745, 56.3640350877193, 63.597457627118644, 59.90833333333333, 58.388663967611336, 59.45982142857143, 59.839506172839506, 59.5921052631579, 57.816, 54.46715328467153, 0, 53.74329501915709, 62.83173076923077, 60.858369098712444, 60.8724279835391, 59.941908713692946, 65.80232558139535, 56.716981132075475, 62.77777777777778, 63.10243902439024, 58.7563025210084, 63.32258064516129, 66.33574007220217, 61.630630630630634, 59.43975903614458, 59.30241935483871, 58.84322033898305, 60.22784810126582, 59.74407582938389, 54.443349753694584, 69.55645161290323, 75.78125, 58.326530612244895, 60.19090909090909, 52.48026315789474, 59.172413793103445, 59.957671957671955, 56.630522088353416, 51.1731843575419, 73.11848341232228, 59.29113924050633, 60.6, 56.57222222222222, 62.42040816326531, 49.35507246376812, 60.844897959183676, 59.108333333333334, 56.98421052631579, 58.95918367346939, 56.61224489795919, 61.024875621890544, 58.50684931506849, 52.75, 60.17142857142857, 59.957671957671955, 57.65367965367965, 54.45, 58.72103004291846, 59.8, 62.29081632653061, 60.45933014354067, 61.581497797356825, 59.92916666666667, 56.59471365638767, 57.15151515151515, 56.355, 58.91469194312796, 62.97276264591439, 56.03061224489796, 60.49794238683128, 56.570048309178745, 59.37777777777778]
[62.008810572687224, 63.180952380952384, 56.25283018867925, 59.19521912350598, 59.70038910505836, 64.37130801687763, 61.38167938931298, 58.27205882352941, 61.72874493927125, 60.984848484848484, 61.17427385892116, 57.88715953307393, 57.03007518796993, 53.74329501915709, 0, 61.648514851485146, 61.24034334763949, 59.426829268292686, 57.255639097744364, 63.298804780876495, 56.794642857142854, 59.57920792079208, 63.72115384615385, 58.11740890688259, 63.02643171806167, 65.14539007092199, 60.161137440758296, 57.27329192546584, 60.077220077220076, 56.11462450592885, 57.36078431372549, 57.431924882629104, 54.2648401826484, 67.92213114754098, 71.93548387096774, 55.57073170731707, 57.60633484162896, 50.847682119205295, 57.47639484978541, 57.835, 58.78632478632478, 50.596774193548384, 71.64285714285714, 59.58441558441559, 60.99568965517241, 53.47027027027027, 62.36015325670498, 46.82236842105263, 59.28744939271255, 57.26, 55.16489361702128, 57.191489361702125, 54.5929648241206, 59.28708133971292, 56.72330097087379, 50.770833333333336, 58.24603174603175, 57.835, 55.49561403508772, 53.39655172413793, 57.21900826446281, 57.575581395348834, 61.077319587628864, 60.455882352941174, 60.11818181818182, 58.38095238095238, 56.19665271966527, 57.6289592760181, 53.63681592039801, 58.80861244019139, 61.47843137254902, 53.361256544502616, 61.877049180327866, 57.394366197183096, 58.87394957983193]
[61.894444444444446, 64.26666666666667, 58.64903846153846, 63.15865384615385, 61.58910891089109, 59.671361502347416, 59.33495145631068, 60.55555555555556, 60.056603773584904, 59.84403669724771, 59.88317757009346, 53.00425531914894, 57.68269230769231, 62.83173076923077, 61.648514851485146, 0, 49.260714285714286, 61.14705882352941, 62.27205882352941, 66.74901960784314, 54.08510638297872, 61.74528301886792, 61.1, 61.21333333333333, 62.64705882352941, 67.98387096774194, 62.56363636363636, 63.24698795180723, 62.743478260869566, 62.61946902654867, 61.21848739495798, 58.21917808219178, 51.91489361702128, 69.98701298701299, 77.42666666666666, 50.26315789473684, 59.92626728110599, 39.0, 58.96330275229358, 61.73863636363637, 61.58102766798419, 47.945544554455445, 76.21052631578948, 61.00796812749004, 56.15677966101695, 53.79754601226994, 64.00392156862745, 41.92655367231639, 64.49795918367347, 61.45217391304348, 48.50660792951542, 52.36413043478261, 55.22613065326633, 61.040201005025125, 57.35526315789474, 34.7171052631579, 63.08571428571429, 61.73863636363637, 57.25688073394495, 38.536144578313255, 58.13636363636363, 49.54976303317535, 53.33179723502304, 62.64736842105263, 43.77777777777778, 62.394067796610166, 58.924882629107984, 56.33495145631068, 54.21649484536083, 59.248803827751196, 63.583657587548636, 53.88235294117647, 64.9957627118644, 55.71980676328502, 60.986486486486484]
[61.24215246636771, 64.08780487804879, 60.173228346456696, 62.353711790393014, 60.26160337552743, 60.881278538812786, 59.429718875502004, 59.438202247191015, 59.204166666666666, 58.13414634146341, 60.11203319502075, 54.6028880866426, 58.15983606557377, 60.858369098712444, 61.24034334763949, 49.260714285714286, 0, 61.806451612903224, 60.96078431372549, 65.53787878787878, 54.44957983193277, 60.58373205741627, 62.72103004291846, 60.65725806451613, 61.7292576419214, 65.90661478599222, 62.03111111111111, 59.484472049689444, 61.060483870967744, 62.03829787234042, 60.253846153846155, 59.163090128755364, 53.83116883116883, 69.05882352941177, 75.87179487179488, 51.27441860465116, 60.059322033898304, 45.65408805031446, 58.3421052631579, 61.74611398963731, 60.86742424242424, 50.02732240437158, 74.0047619047619, 59.824, 57.70422535211268, 55.412121212121214, 62.04961832061068, 45.86875, 63.03252032520325, 61.13821138211382, 53.72105263157895, 54.2037037037037, 54.328125, 59.713592233009706, 58.38493723849373, 40.03883495145631, 61.7093023255814, 61.74611398963731, 58.314410480349345, 44.354838709677416, 58.721774193548384, 56.07065217391305, 59.02732240437158, 61.671361502347416, 42.23529411764706, 61.02553191489362, 58.925581395348836, 56.55050505050505, 54.97894736842105, 59.81132075471698, 62.87769784172662, 54.995, 64.01619433198381, 56.066985645933016, 61.1353711790393]
[59.765853658536585, 60.56060606060606, 56.885714285714286, 58.02325581395349, 56.15767634854772, 63.217557251908396, 43.19805194805195, 55.15102040816326, 43.46278317152104, 39.77230769230769, 41.70860927152318, 48.892857142857146, 58.477178423236516, 60.8724279835391, 59.426829268292686, 61.14705882352941, 61.806451612903224, 0, 55.19318181818182, 63.142857142857146, 55.46976744186046, 56.11707317073171, 65.22790697674418, 59.32142857142857, 64.25311203319502, 65.57801418439716, 57.05314009661836, 57.28104575163399, 60.988461538461536, 57.249027237354085, 58.14942528735632, 59.31603773584906, 52.75, 66.18775510204081, 73.55737704918033, 41.33971291866029, 59.12605042016807, 47.63945578231292, 56.07604562737642, 56.25, 59.28870292887029, 47.36813186813187, 69.77900552486187, 59.75949367088607, 61.23144104803494, 50.38502673796791, 60.03846153846154, 44.76027397260274, 58.338181818181816, 57.27169811320755, 54.75252525252525, 53.80281690140845, 53.85446009389671, 57.39712918660287, 53.801762114537446, 46.87755102040816, 59.09885931558935, 56.25, 54.50877192982456, 50.52, 55.134328358208954, 55.5, 61.59808612440192, 55.841409691629956, 57.5374449339207, 60.89156626506024, 55.825688073394495, 52.70454545454545, 51.845794392523366, 57.390697674418604, 59.628, 52.35121951219512, 62.44705882352941, 53.02620087336245, 58.62396694214876]
[60.818627450980394, 63.647619047619045, 56.9453125, 58.50826446280992, 58.87698412698413, 64.28048780487805, 54.86590038314176, 30.516339869281047, 55.49236641221374, 55.023622047244096, 56.848, 54.72348484848485, 58.2557251908397, 59.941908713692946, 57.255639097744364, 62.27205882352941, 60.96078431372549, 55.19318181818182, 0, 65.1498127340824, 56.48672566371681, 61.81651376146789, 66.2927927927928, 59.536, 64.70081967213115, 63.81071428571428, 61.45945945945946, 60.32941176470588, 60.77407407407407, 58.03174603174603, 58.36742424242424, 59.55603448275862, 53.22429906542056, 69.70260223048327, 77.89285714285714, 53.35111111111111, 57.579166666666666, 51.63030303030303, 57.48684210526316, 60.04347826086956, 59.11553784860558, 52.84656084656085, 75.51101321585904, 59.801587301587304, 61.132701421800945, 54.2906976744186, 60.74729241877257, 49.52866242038217, 59.934865900383144, 58.61538461538461, 55.25130890052356, 59.21511627906977, 55.59278350515464, 60.671497584541065, 57.50660792951542, 50.45132743362832, 61.12015503875969, 60.04347826086956, 55.310810810810814, 53.00763358778626, 57.43724696356275, 56.331460674157306, 61.785714285714285, 58.89523809523809, 59.81818181818182, 60.5984555984556, 56.25819672131148, 57.174311926605505, 54.66831683168317, 57.57657657657658, 60.86988847583643, 55.854166666666664, 63.56349206349206, 55.94805194805195, 57.672340425531914]
[63.642857142857146, 64.19277108433735, 63.83464566929134, 65.8715953307393, 63.746153846153845, 67.76061776061776, 65.7918215613383, 64.66795366795367, 65.47509578544062, 63.3203125, 65.15702479338843, 62.0, 64.88122605363985, 65.80232558139535, 63.298804780876495, 66.74901960784314, 65.53787878787878, 63.142857142857146, 65.1498127340824, 0, 52.146341463414636, 59.12307692307692, 63.74654377880184, 63.1695652173913, 65.36065573770492, 67.38951310861424, 60.68518518518518, 62.148387096774194, 63.420833333333334, 59.82648401826484, 59.782051282051285, 60.33653846153846, 56.87428571428571, 66.06666666666666, 62.54666666666667, 56.35828877005348, 61.731818181818184, 53.714285714285715, 60.24757281553398, 62.09444444444444, 62.936708860759495, 54.470238095238095, 65.6826923076923, 64.23809523809524, 62.83653846153846, 56.0377358490566, 63.393574297188756, 52.940298507462686, 52.87692307692308, 61.55607476635514, 58.05172413793103, 59.05921052631579, 58.215384615384615, 61.14070351758794, 59.53398058252427, 54.666666666666664, 62.888888888888886, 62.09444444444444, 58.722772277227726, 56.072072072072075, 59.68, 61.496815286624205, 65.03535353535354, 62.5531914893617, 62.71945701357466, 62.31674208144796, 59.84688995215311, 58.101604278074866, 56.651685393258425, 60.54054054054054, 62.863436123348016, 55.375, 66.02032520325203, 58.728205128205126, 60.40909090909091]
[56.25, 59.01156069364162, 55.49767441860465, 59.70616113744076, 55.335, 57.31553398058252, 57.085470085470085, 55.986607142857146, 57.6228813559322, 55.284444444444446, 56.54337899543379, 50.94318181818182, 52.789954337899545, 56.716981132075475, 56.794642857142854, 54.08510638297872, 54.44957983193277, 55.46976744186046, 56.48672566371681, 52.146341463414636, 0, 56.53431372549019, 56.070484581497794, 58.196, 58.99173553719008, 65.98287671232876, 58.56872037914692, 57.174418604651166, 59.40157480314961, 58.79399141630901, 58.91372549019608, 57.328, 50.76106194690266, 65.04878048780488, 67.37931034482759, 49.31304347826087, 59.549107142857146, 45.84795321637427, 57.77777777777778, 59.02094240837696, 58.50197628458498, 47.46192893401015, 70.95238095238095, 59.83203125, 57.0042194092827, 50.191489361702125, 62.140221402214024, 43.98780487804878, 58.615094339622644, 58.642857142857146, 51.286384976525824, 52.6271186440678, 52.44186046511628, 57.15492957746479, 54.45748987854251, 45.811023622047244, 58.07142857142857, 59.02094240837696, 53.829787234042556, 48.14685314685315, 57.109375, 53.642857142857146, 56.611374407582936, 58.30288461538461, 57.022222222222226, 60.28915662650602, 57.055813953488375, 54.54504504504504, 53.21938775510204, 57.61842105263158, 61.91449814126394, 45.629629629629626, 62.036144578313255, 52.75675675675676, 59.24267782426778]
[56.8390243902439, 56.38277511961722, 58.5962441314554, 62.27979274611399, 58.59239130434783, 62.821100917431195, 61.87619047619047, 61.5, 62.24, 60.097938144329895, 62.92079207920792, 54.60986547085202, 59.78440366972477, 62.77777777777778, 59.57920792079208, 61.74528301886792, 60.58373205741627, 56.11707317073171, 61.81651376146789, 59.12307692307692, 56.53431372549019, 0, 58.46320346320346, 59.43119266055046, 61.63865546218487, 65.04615384615384, 55.43968871595331, 54.86335403726708, 61.166666666666664, 57.816964285714285, 58.321739130434786, 56.04477611940298, 52.92929292929293, 64.0, 50.602409638554214, 51.473404255319146, 58.625, 49.18120805369127, 52.32857142857143, 58.104166666666664, 61.01357466063349, 45.9080459770115, 61.07111111111111, 60.670833333333334, 57.470319634703195, 50.53551912568306, 63.292, 44.7972972972973, 60.36625514403292, 58.82327586206897, 52.178378378378376, 51.89102564102564, 47.41206030150754, 56.69047619047619, 54.55, 45.87, 59.257510729613735, 58.104166666666664, 52.47727272727273, 48.916666666666664, 55.20796460176991, 55.69005847953216, 59.26237623762376, 58.58288770053476, 59.24878048780488, 60.25560538116592, 56.759803921568626, 50.99473684210526, 48.024875621890544, 58.60427807486631, 60.43043478260869, 50.91752577319588, 63.94820717131474, 51.871428571428574, 59.022624434389144]
[63.944186046511625, 64.71904761904761, 64.5475113122172, 67.33195020746888, 64.73303167420815, 65.54893617021277, 66.94690265486726, 65.12556053811659, 65.43961352657004, 65.18095238095238, 65.31481481481481, 56.73221757322176, 60.22222222222222, 63.10243902439024, 63.72115384615385, 61.1, 62.72103004291846, 65.22790697674418, 66.2927927927928, 63.74654377880184, 56.070484581497794, 58.46320346320346, 0, 61.52450980392157, 62.55982905982906, 69.96470588235294, 61.04854368932039, 61.0125786163522, 62.4954954954955, 61.72115384615385, 63.31390134529148, 58.93719806763285, 52.63297872340426, 67.2560975609756, 53.27777777777778, 52.645, 61.67487684729064, 47.014388489208635, 61.02116402116402, 60.3905325443787, 60.13809523809524, 48.14375, 64.93908629441624, 61.45412844036697, 57.441624365482234, 54.92413793103448, 63.35390946502058, 43.27333333333333, 65.36190476190477, 60.76119402985075, 52.189655172413794, 51.833333333333336, 56.08426966292135, 60.6875, 56.059701492537314, 38.68316831683168, 61.96396396396396, 60.3905325443787, 57.92696629213483, 45.00819672131148, 59.417910447761194, 54.90853658536585, 59.28358208955224, 62.978142076502735, 58.74107142857143, 63.336405529953915, 60.65, 57.595238095238095, 56.82051282051282, 60.774193548387096, 64.80257510729614, 54.74585635359116, 64.30044843049328, 56.14689265536723, 62.50485436893204]
[61.93, 62.740932642487046, 57.14901960784314, 59.46861924686193, 58.82905982905983, 63.8468085106383, 59.87551867219917, 60.145669291338585, 59.61290322580645, 59.050980392156866, 59.0, 58.00361010830325, 57.57959183673469, 58.7563025210084, 58.11740890688259, 61.21333333333333, 60.65725806451613, 59.32142857142857, 59.536, 63.1695652173913, 58.196, 59.43119266055046, 61.52450980392157, 0, 59.36563876651982, 64.38947368421053, 62.39737991266376, 57.89349112426036, 18.527536231884056, 59.42622950819672, 59.37109375, 58.99551569506726, 52.81132075471698, 69.6887159533074, 79.44047619047619, 54.58910891089109, 58.666666666666664, 49.357142857142854, 58.44308943089431, 57.6951871657754, 58.68674698795181, 51.111111111111114, 74.3125, 60.20967741935484, 60.35497835497836, 54.57219251336898, 62.16541353383459, 45.406451612903226, 60.024, 57.743801652892564, 55.916256157635466, 57.79245283018868, 55.468599033816425, 60.825892857142854, 56.00448430493274, 50.8921568627451, 58.530534351145036, 57.6951871657754, 56.09871244635193, 54.25, 58.279661016949156, 58.59473684210526, 61.7536231884058, 59.15311004784689, 59.705128205128204, 59.54618473895582, 55.53125, 54.01010101010101, 53.98453608247423, 60.08370044052864, 60.31153846153846, 53.57754010695187, 62.01162790697674, 55.03738317757009, 59.76190476190476]
[64.92857142857143, 64.22477064220183, 63.525, 65.83064516129032, 65.76623376623377, 63.526315789473685, 65.20164609053498, 64.13223140495867, 65.7, 64.289592760181, 67.54935622317596, 60.685483870967744, 60.252252252252255, 63.32258064516129, 63.02643171806167, 62.64705882352941, 61.7292576419214, 64.25311203319502, 64.70081967213115, 65.36065573770492, 58.99173553719008, 61.63865546218487, 62.55982905982906, 59.36563876651982, 0, 68.89105058365759, 63.47142857142857, 60.203821656050955, 60.44588744588744, 63.142857142857146, 64.77272727272727, 62.699029126213595, 57.39887640449438, 68.147859922179, 63.0, 58.342696629213485, 64.38028169014085, 49.92805755395683, 60.94711538461539, 62.93333333333333, 63.23963133640553, 53.703947368421055, 70.03738317757009, 61.89954337899543, 57.4537037037037, 55.520270270270274, 67.17991631799163, 49.95867768595041, 65.1470588235294, 63.7887323943662, 54.69318181818182, 57.082191780821915, 57.688235294117646, 62.02, 60.75806451612903, 49.857142857142854, 62.269406392694066, 62.93333333333333, 58.086486486486486, 51.824074074074076, 62.67727272727273, 59.84615384615385, 59.23834196891192, 63.79255319148936, 62.282407407407405, 64.07234042553192, 61.472636815920396, 58.522222222222226, 57.54320987654321, 61.54857142857143, 63.94017094017094, 54.32258064516129, 65.29910714285714, 58.151041666666664, 63.74162679425837]
[68.64081632653061, 68.68778280542986, 63.90298507462686, 63.11439114391144, 64.87857142857143, 67.28731343283582, 64.52416356877323, 63.8477508650519, 66.34962406015038, 65.94326241134752, 66.18888888888888, 64.93818181818182, 65.16216216216216, 66.33574007220217, 65.14539007092199, 67.98387096774194, 65.90661478599222, 65.57801418439716, 63.81071428571428, 67.38951310861424, 65.98287671232876, 65.04615384615384, 69.96470588235294, 64.38947368421053, 68.89105058365759, 0, 64.9590909090909, 62.65853658536585, 63.739669421487605, 59.054054054054056, 60.941908713692946, 62.113207547169814, 59.130653266331656, 71.38931297709924, 79.29069767441861, 60.84375, 61.175115207373274, 56.71328671328671, 60.929577464788736, 60.7989417989418, 63.48290598290598, 56.006211180124225, 75.03478260869565, 64.568281938326, 65.08810572687224, 56.392638036809814, 64.34126984126983, 53.85294117647059, 63.6900826446281, 61.896995708154506, 61.41208791208791, 63.207317073170735, 57.776041666666664, 62.79342723004695, 59.954314720812185, 58.48076923076923, 63.34817813765182, 60.7989417989418, 57.3732057416268, 58.016806722689076, 60.85454545454545, 62.58857142857143, 66.22222222222223, 62.05050505050505, 63.799107142857146, 62.76068376068376, 59.4304932735426, 58.83419689119171, 57.03389830508475, 60.1151832460733, 64.51750972762646, 58.62162162162162, 66.1198347107438, 59.700980392156865, 59.336363636363636]
[45.56439393939394, 45.474708171206224, 59.871244635193136, 61.78095238095238, 57.715025906735754, 63.803827751196174, 63.39351851851852, 62.74008810572687, 60.645502645502646, 58.443349753694584, 61.12972972972973, 56.248908296943235, 59.638392857142854, 61.630630630630634, 60.161137440758296, 62.56363636363636, 62.03111111111111, 57.05314009661836, 61.45945945945946, 60.68518518518518, 58.56872037914692, 55.43968871595331, 61.04854368932039, 62.39737991266376, 63.47142857142857, 64.9590909090909, 0, 59.310344827586206, 60.9646017699115, 58.175115207373274, 57.95673076923077, 57.07035175879397, 51.37988826815643, 63.111111111111114, 49.90625, 52.81578947368421, 59.28431372549019, 48.77205882352941, 57.48205128205128, 58.48192771084337, 61.29090909090909, 47.670731707317074, 62.6271186440678, 60.27230046948357, 58.83076923076923, 50.8502994011976, 64.24242424242425, 46.68382352941177, 61.18181818181818, 57.8390243902439, 53.54819277108434, 55.59124087591241, 53.78651685393258, 57.36898395721925, 52.9639175257732, 50.476190476190474, 58.56053811659193, 58.48192771084337, 54.44329896907217, 52.29245283018868, 56.662100456621005, 56.568627450980394, 59.40782122905028, 62.12048192771084, 59.176767676767675, 60.61574074074074, 58.535885167464116, 54.55172413793103, 52.04651162790697, 58.198830409356724, 60.52427184466019, 51.21556886227545, 63.731818181818184, 52.65608465608466, 58.60696517412935]
[63.794701986754966, 62.26623376623377, 59.38202247191011, 59.25, 58.5503355704698, 62.51744186046512, 58.81699346405229, 60.66875, 60.97546012269939, 58.6025641025641, 59.87837837837838, 58.21081081081081, 56.39664804469274, 59.43975903614458, 57.27329192546584, 63.24698795180723, 59.484472049689444, 57.28104575163399, 60.32941176470588, 62.148387096774194, 57.174418604651166, 54.86335403726708, 61.0125786163522, 57.89349112426036, 60.203821656050955, 62.65853658536585, 59.310344827586206, 0, 62.64377682403433, 61.0046511627907, 62.18141592920354, 49.098290598290596, 56.381188118811885, 69.10434782608695, 70.49122807017544, 56.843023255813954, 61.63461538461539, 53.79194630872483, 59.328638497652584, 61.780748663101605, 63.699551569506724, 52.39887640449438, 71.04838709677419, 63.11013215859031, 61.93896713615023, 55.52795031055901, 64.64016736401673, 47.66887417218543, 63.509009009009006, 61.76548672566372, 59.28888888888889, 44.775757575757574, 54.770833333333336, 32.55691056910569, 60.26600985221675, 54.0462962962963, 63.0929203539823, 61.780748663101605, 57.225806451612904, 56.0, 60.69603524229075, 62.0655737704918, 63.53061224489796, 63.283422459893046, 62.0045871559633, 63.432203389830505, 57.8423645320197, 57.84816753926702, 55.73575129533679, 63.78536585365854, 64.55882352941177, 56.74175824175824, 66.30212765957447, 57.756345177664976, 62.6]
[62.78604651162791, 64.54411764705883, 59.05019305019305, 60.54347826086956, 60.03041825095057, 65.70967741935483, 60.76171875, 60.5625, 60.88326848249027, 60.32846715328467, 60.44615384615385, 59.227106227106226, 58.62352941176471, 59.30241935483871, 60.077220077220076, 62.743478260869566, 61.060483870967744, 60.988461538461536, 60.77407407407407, 63.420833333333334, 59.40157480314961, 61.166666666666664, 62.4954954954955, 18.527536231884056, 60.44588744588744, 63.739669421487605, 60.9646017699115, 62.64377682403433, 0, 60.230088495575224, 61.57707509881423, 60.74008810572687, 55.228155339805824, 70.42066420664207, 80.20212765957447, 56.91237113402062, 60.45922746781116, 50.5886524822695, 60.60504201680672, 59.668508287292816, 59.447154471544714, 53.07222222222222, 75.70731707317073, 59.23790322580645, 62.927927927927925, 56.44808743169399, 62.95471698113207, 48.48936170212766, 60.98412698412698, 58.925619834710744, 57.14689265536723, 60.965986394557824, 58.31472081218274, 61.47643979057592, 57.64976958525346, 54.58762886597938, 59.364, 59.668508287292816, 57.28169014084507, 56.12280701754386, 59.675213675213676, 60.349112426035504, 64.11340206185567, 59.81443298969072, 61.24782608695652, 60.66269841269841, 57.478873239436616, 57.62871287128713, 56.29032258064516, 59.645, 61.704280155642024, 57.3419689119171, 60.903225806451616, 56.077669902912625, 61.13636363636363]
