[1, 0.8921399298640206, 0.1363634285346157, 0.06184402138301199, 0.10603367513798198, 0.20524174791182295, 0.05870089206487503, 0.044358876814812175, 0.05959070501745579, 0.05963866535118903, 0.05963866535118903, 0.060422129674659965, 0.15689506098268977, 0.22165135440288822, 0.20695181475563953, 0.2114183963753223, 0.11930302686698561, 0.05923465300514666, 0.04485104289374566, 0.06344627146929419, 0.0435235521822587, 0.11543619281333267, 0.18037344867017613, 0.15624519693294003, 0.0283176886359706, 0.17878609931529607, 0.9259691162052835, 0.019276569527940893, 0.04805418641075449, 0.16109038196617756, 0.1556636670473769, 0.019597082138458885, 0.06334481885308053, 0.21175081748035046, 0.029096739112954476, 0.060422129674659965, 0.18932485232163607, 0.0, 0.12677403524584044, 0.06461686444679636, 0.21352409359214655, 0.2754732533124483, 0.06227688070871612, 0.1393880351684888, 0.009362428751930142, 0.16793592273862382, 0.1412611653443864, 0.09088600726112742, 0.06076777128091477, 0.09505520324735274, 0.1687993646692077, 0.01360944690420191, 0.126840135346579, 0.018775640697171282, 0.02887228429104459, 0.037138476201188694, 0.26516476724643695, 0.06461686444679636, 0.061202171115849795, 0.09507268120306739, 0.04637548815990076, 0.019574202937866145, 0.13229877627767667, 0.10595970674730011, 0.08716088215086093, 0.03908549541572711, 0.07082503946645254, 0.8511347411368284, 0.1760769308858668, 0.13611853433793256, 0.12404155289787865, 0.0, 0.1481848696604829, 0.14409200329086816, 0.4589589909074113]
[0.8921399298640206, 1, 0.18744247438068096, 0.0742239630151023, 0.06547467893488534, 0.21457049561071154, 0.06919916816211237, 0.04826970087554258, 0.07024811842457876, 0.07030465615479671, 0.07030465615479671, 0.07122823802147368, 0.10994060940726157, 0.20319672851522164, 0.1903263786182901, 0.20112538332310714, 0.12726007501499356, 0.0698283888053592, 0.04880525793011786, 0.1094958247460343, 0.06008749784258467, 0.07172479850328152, 0.07650533790906178, 0.12553944353409727, 0.0, 0.1344688568271381, 0.9517903642439329, 0.0, 0.05229080108471418, 0.16119584033358844, 0.15576793882077067, 0.0, 0.08066871374128573, 0.0885933691531516, 0.03731593217751883, 0.07122823802147368, 0.2425374328383689, 0.0200413632601308, 0.08333799227113642, 0.08789212391985217, 0.13550749118160552, 0.35572048657895183, 0.07341469932026719, 0.06998937875762472, 0.0, 0.15904778259107064, 0.07140487088774093, 0.03525559634955365, 0.09396900540343472, 0.13649329051870507, 0.20140797062579185, 0.0, 0.06326043976429009, 0.0, 0.011573676225890783, 0.047629284289212405, 0.19837301190396808, 0.08789212391985217, 0.10553532357710804, 0.11993633841891303, 0.054669445231434334, 0.04092212360712253, 0.14862482771837598, 0.06542900423177879, 0.10021699707602479, 0.05012629389142223, 0.11412171069973122, 0.96915674585637, 0.220441610893968, 0.09399871720273015, 0.06186467054709662, 0.03035719125831546, 0.0744064363650735, 0.1538588198900948, 0.38860980173798815]
[0.1363634285346157, 0.18744247438068096, 1, 0.549421076089423, 0.46449589905100813, 0.24113791152322636, 0.540919435755092, 0.07026050999057933, 0.5348560922463165, 0.5352865599958736, 0.5352865599958736, 0.5495494542127422, 0.18116637488446294, 0.14607326692464098, 0.16809671414191632, 0.04135702525038893, 0.1310896897231826, 0.5245715444321472, 0.0486229725000948, 0.5797863428527659, 0.3757367470257442, 0.3650457231621691, 0.21342168966852373, 0.03849463361015134, 0.0, 0.06432534602003785, 0.15705523533535604, 0.0, 0.10622068931778575, 0.16283806826544808, 0.16727216160824568, 0.0, 0.3813156465771209, 0.006681092873217697, 0.37273121349855054, 0.5495494542127422, 0.6125662507727806, 0.41968566115963596, 0.3609495749468601, 0.7255290496014197, 0.25712590575552297, 0.5151776852129727, 0.6405091028535883, 0.31106528915665294, 0.012687250016060282, 0.060938642279635316, 0.2412415682973232, 0.19275797830988806, 0.6086396420056439, 0.7975397561323462, 0.5396491957977719, 0.0, 0.448787459834644, 0.0, 0.00781465651179508, 0.4687622269095143, 0.2831213067670865, 0.7255290496014197, 0.8146685325541426, 0.5263840333239941, 0.41624297557738227, 0.3642761760135588, 0.2987428650845498, 0.46417186978307584, 0.23909705948584534, 0.5201446455894828, 0.8154855138135733, 0.18863169119735163, 0.8468705336627482, 0.2906725332868962, 0.4388854780616174, 0.43519662133777975, 0.3342194785703412, 0.12826222637657922, 0.14085093016680106]
[0.06184402138301199, 0.0742239630151023, 0.549421076089423, 1, 0.4618744556363271, 0.1413582420798322, 0.6977063659345698, 0.10712477792683608, 0.7508294991110102, 0.758530663213712, 0.758530663213712, 0.7469250525289544, 0.15964616014439267, 0.08888364501666383, 0.09452509753815877, 0.06438206311203347, 0.22532361027833211, 0.7674897178976358, 0.10297615885540634, 0.34757832774076264, 0.33976370744396733, 0.3410375769606943, 0.20633191025819878, 0.10845258830015814, 0.14281771680070243, 0.05756608575789534, 0.06347509054139458, 0.13284211088977912, 0.20653321158127877, 0.18002182351194876, 0.16274769008431358, 0.1542899766100182, 0.2588133988128012, 0.01882293054435311, 0.4147957187439772, 0.7469250525289544, 0.48540305732245703, 0.38405550548415257, 0.34835625850990803, 0.4391929986944354, 0.2514206259381154, 0.3417747706983859, 0.6735124589910886, 0.3241368500809057, 0.16796834007450592, 0.06059472707429137, 0.23404967107272023, 0.21577468255737506, 0.34721410376813067, 0.4019886007181188, 0.3893006618006314, 0.2102803521913395, 0.44625466905311395, 0.0863804891393573, 0.013775072068845595, 0.4636656101784216, 0.28152347460818744, 0.4391929986944354, 0.5028319810455067, 0.4607318263413072, 0.39117026972012336, 0.22428177764421522, 0.1671748622515561, 0.461552255069988, 0.3087987159088318, 0.5773997311855966, 0.5650593326492366, 0.08033848477879824, 0.5515224643159277, 0.297094346572012, 0.43640857041051795, 0.26245635167892867, 0.37568108464897015, 0.12753836171087574, 0.12866390308431336]
[0.10603367513798198, 0.06547467893488534, 0.46449589905100813, 0.4618744556363271, 1, 0.058015842085792614, 0.4384003815003935, 0.05270503752208419, 0.44504583992791225, 0.445404025772555, 0.445404025772555, 0.45125523256379096, 0.2902931510328094, 0.0798254433609192, 0.0848919710516263, 0.01029271440360989, 0.10218213829107815, 0.4423867093331372, 0.033552840229741705, 0.28295335301610375, 0.27362324981610087, 0.7592613725223298, 0.6672204365285775, 0.034376506008274875, 0.0, 0.488948686472092, 0.05640305329713054, 0.0, 0.09485727806935228, 0.11470842840534856, 0.12452997793196575, 0.0, 0.20785626110005273, 0.16175449895533942, 0.28169220057757915, 0.45125523256379096, 0.33697611101980784, 0.2917719351779706, 0.7500935642140463, 0.32822149725193706, 0.745401349909114, 0.2970882293807221, 0.50504065970118, 0.6802285994338849, 0.005503131849481365, 0.05441947113141417, 0.63508066166428, 0.6721368715083799, 0.2846150548673748, 0.33769029884517027, 0.2853710045482975, 0.0, 0.9375066615201357, 0.0, 0.006978650303596738, 0.3617474032212091, 0.7979937601054881, 0.32822149725193706, 0.38959030928466787, 0.3242016562356954, 0.3463496207024935, 0.255327523841545, 0.061980022014121734, 0.9881370165939863, 0.16474066853882785, 0.3718316338568614, 0.44757145475631666, 0.07095854646136603, 0.45792673830907255, 0.7385442994967809, 0.931007807011771, 0.23430618890648464, 0.7565830233074576, 0.11421817747994067, 0.16670734897598513]
[0.20524174791182295, 0.21457049561071154, 0.24113791152322636, 0.1413582420798322, 0.058015842085792614, 1, 0.06239808745389624, 0.1801617014720575, 0.06334394405810903, 0.06339492510785691, 0.06339492510785691, 0.06422773486003101, 0.047057899519910774, 0.043133612573425906, 0.04587130663815422, 0.029292530615509085, 0.4252272139659842, 0.0629654665968526, 0.15598019222316536, 0.31628619310464423, 0.0880589699380453, 0.08187914945202775, 0.12246595148989824, 0.05369327057086829, 0.0213724600435436, 0.39202716702176543, 0.21343727460748307, 0.10357860009062046, 0.5258666418248137, 0.10417039442266723, 0.09971498575664302, 0.10496967271148429, 0.16817944368658358, 0.00032397182271603597, 0.03820835566192296, 0.06422773486003101, 0.1934445988949705, 0.09336145602995977, 0.0693108860983794, 0.183032107113257, 0.06348228046522704, 0.171333794847556, 0.10484745392559208, 0.1055666407828129, 0.2135676467056674, 0.04993892724648675, 0.09321849256275824, 0.13992056032455866, 0.3154942552113727, 0.2960513516000185, 0.2294167827707991, 0.12264571276318571, 0.05605384773696678, 0.05266426431330484, 0.04309573069104453, 0.3507018482294157, 0.1978324486278039, 0.183032107113257, 0.23827061871266456, 0.41968670239224387, 0.0484415342398095, 0.4190079041262943, 0.2186113343485188, 0.057975370617954165, 0.2971466821508088, 0.11887794641664402, 0.11341417779899758, 0.2316677468547113, 0.18611321163749658, 0.23813988508376668, 0.0548170837266623, 0.30408962988546956, 0.0795595947681915, 0.13907249499598015, 0.13235129252011935]
[0.05870089206487503, 0.06919916816211237, 0.540919435755092, 0.6977063659345698, 0.4384003815003935, 0.06239808745389624, 1, 0.06660797924584118, 0.9731900950630679, 0.9327637340558728, 0.9327637340558728, 0.9662942535897493, 0.1515323843054938, 0.0843662675190955, 0.08972100170596965, 0.016317314260563105, 0.1403628725169792, 0.9331354327986152, 0.03546147413236569, 0.3274106802867115, 0.28918815006207865, 0.32370485533683824, 0.19584540142683915, 0.03633199366213348, 0.0, 0.054640376080068186, 0.059611508348842844, 0.0, 0.11653633916658855, 0.13205229306689256, 0.1912416391632681, 0.0, 0.21968004424603402, 0.0, 0.5413572320229157, 0.9662942535897493, 0.38258349921961143, 0.3623338251455576, 0.31702472308476026, 0.43619116609885766, 0.21764523685528042, 0.3203123226729501, 0.6252138556381877, 0.2736520428549514, 0.005816174320598893, 0.05751509125934048, 0.2154344743315452, 0.18672608841683427, 0.321178479332482, 0.41011010432503164, 0.38669249750477935, 0.016909055908266288, 0.42357444706415964, 0.0, 0.007375626788234099, 0.4660800043847364, 0.2672154676740225, 0.43619116609885766, 0.4323799721841149, 0.4195105129917438, 0.4430825619269344, 0.22154489966724863, 0.15054109497293086, 0.43809455629296107, 0.3803225242693109, 0.6663980674433737, 0.49373637164252326, 0.07499498231984311, 0.5194182960608303, 0.2743424640454521, 0.4142287615677456, 0.2520830859376295, 0.3050528457099351, 0.12071541241866574, 0.12212475383550134]
[0.044358876814812175, 0.04826970087554258, 0.07026050999057933, 0.10712477792683608, 0.05270503752208419, 0.1801617014720575, 0.06660797924584118, 1, 0.06701926487708824, 0.06677376998587324, 0.06677376998587324, 0.0679543346889018, 0.08397359047033118, 0.0684184916350028, 0.08709273501669362, 0.5744613016892635, 0.4213038637471921, 0.06632142204503276, 0.9460157029137469, 0.09739070391044513, 0.09120332835922285, 0.11443674398620755, 0.0687832556083761, 0.24467454036139333, 0.0865387142918541, 0.2914619354122214, 0.045047008019384806, 0.14745018627745335, 0.4202933294780499, 0.07670512346777235, 0.07330900017556456, 0.1496312678998714, 0.19516651111089753, 0.0833893208572934, 0.0573920967973316, 0.0679543346889018, 0.10077692359330476, 0.049102186608756405, 0.09903763044536668, 0.10673697631044958, 0.11045994238755359, 0.05341459453614246, 0.06097258123510177, 0.0865573824911915, 0.5080271094806387, 0.031872716458672394, 0.1917739294600768, 0.097044196072409, 0.09327917753183392, 0.1297832002418474, 0.13523971370311194, 0.1430609590595757, 0.050922645298593465, 0.16072826879916213, 0.11096504729831852, 0.14269895897527415, 0.09152961566397413, 0.10673697631044958, 0.08405361526436493, 0.10140515698433775, 0.11199707705098993, 0.053875302823520155, 0.09070081770472684, 0.05266827083639437, 0.17763473043090833, 0.1017647392164129, 0.06709870509208694, 0.052623940321674056, 0.09050867951801408, 0.0699721285325605, 0.04979909539867702, 0.053506186771271766, 0.10897938067398763, 0.0798834833515041, 0.06609080028422586]
[0.05959070501745579, 0.07024811842457876, 0.5348560922463165, 0.7508294991110102, 0.44504583992791225, 0.06334394405810903, 0.9731900950630679, 0.06701926487708824, 1, 0.986323730290719, 0.986323730290719, 0.9931678630195848, 0.15382937628547008, 0.0856451270893456, 0.09108103060209376, 0.01656465901239981, 0.13143525084000307, 0.9864340138733959, 0.03599901415757882, 0.33237370987424175, 0.2935717863682138, 0.3286117104622027, 0.19881410886488599, 0.036882729390611324, 0.0, 0.055468638013740246, 0.060515124808249526, 0.0, 0.1293228374522578, 0.15666551524846078, 0.16340425232648595, 0.0, 0.22301004728206283, 0.0, 0.4817160262945989, 0.9931678630195848, 0.41680111991051916, 0.3655902087936011, 0.3218303179397308, 0.44367479602195037, 0.22094439542015032, 0.3259230781425816, 0.6346911117293723, 0.27780017627621884, 0.005904338351210504, 0.05838692934171349, 0.21870012122292085, 0.19255350313379369, 0.32604703858170747, 0.4013951774921148, 0.3649780282631054, 0.01716537053030745, 0.4299951677060772, 0.0, 0.007487429659003406, 0.43220736804032, 0.2712660327660059, 0.44367479602195037, 0.43975537588428976, 0.3958912302899974, 0.4166427406871671, 0.22422677045639464, 0.12473666024893373, 0.4447353788926206, 0.34856503256097504, 0.704669833873911, 0.5012206364159137, 0.07613178798495994, 0.5148849910537802, 0.2785010631631754, 0.42050781635565426, 0.2543989487627595, 0.3105207722297931, 0.1225452677031058, 0.12397597251329362]
[0.05963866535118903, 0.07030465615479671, 0.5352865599958736, 0.758530663213712, 0.445404025772555, 0.06339492510785691, 0.9327637340558728, 0.06677376998587324, 0.986323730290719, 1, 1.0000000000000002, 0.9931514632663887, 0.15395318264457367, 0.08571405678025339, 0.0911543352663558, 0.02210398764276381, 0.12600893420473502, 0.9932256641951446, 0.03602798721189257, 0.3326412139093938, 0.30057599786172673, 0.3288761867307382, 0.19897412024601066, 0.03691241368466437, 0.0, 0.055513280787979756, 0.060563829141934825, 0.0, 0.13494135042114666, 0.16810646225086073, 0.14815524183716314, 0.0, 0.22318953225862723, 0.006050568460024231, 0.4481527587969562, 0.9931514632663887, 0.4313571385909468, 0.3643925628601862, 0.33593388430545285, 0.45973438098695923, 0.2280963880378244, 0.3265633573703843, 0.6209088352292131, 0.2847757634932659, 0.0062566838836476835, 0.058433920841748054, 0.225703466503491, 0.19458307186528287, 0.3263094507276711, 0.40171823201321494, 0.3514726173260736, 0.01717918572009329, 0.4303412403316792, 0.0, 0.0074934557603080435, 0.41167596180241006, 0.2714843555641359, 0.45973438098695923, 0.45449196079673426, 0.38120859107361954, 0.40038659726235204, 0.22406876223667285, 0.11780980067511305, 0.4450933148691864, 0.3300691775066547, 0.719333420090413, 0.5153782407383313, 0.07619306106367912, 0.5161271756573339, 0.2787252089243383, 0.4208462532847683, 0.2538504310666968, 0.3183710584810836, 0.1229903473838973, 0.12407575198418423]
[0.05963866535118903, 0.07030465615479671, 0.5352865599958736, 0.758530663213712, 0.445404025772555, 0.06339492510785691, 0.9327637340558728, 0.06677376998587324, 0.986323730290719, 1.0000000000000002, 1, 0.9931514632663887, 0.15395318264457367, 0.08571405678025339, 0.0911543352663558, 0.02210398764276381, 0.12600893420473502, 0.9932256641951446, 0.03602798721189257, 0.3326412139093938, 0.30057599786172673, 0.3288761867307382, 0.19897412024601066, 0.03691241368466437, 0.0, 0.055513280787979756, 0.060563829141934825, 0.0, 0.13494135042114666, 0.16810646225086073, 0.14815524183716314, 0.0, 0.22318953225862723, 0.006050568460024231, 0.4481527587969562, 0.9931514632663887, 0.4313571385909468, 0.3643925628601862, 0.33593388430545285, 0.45973438098695923, 0.2280963880378244, 0.3265633573703843, 0.6209088352292131, 0.2847757634932659, 0.0062566838836476835, 0.058433920841748054, 0.225703466503491, 0.19458307186528287, 0.3263094507276711, 0.40171823201321494, 0.3514726173260736, 0.01717918572009329, 0.4303412403316792, 0.0, 0.0074934557603080435, 0.41167596180241006, 0.2714843555641359, 0.45973438098695923, 0.45449196079673426, 0.38120859107361954, 0.40038659726235204, 0.22406876223667285, 0.11780980067511305, 0.4450933148691864, 0.3300691775066547, 0.719333420090413, 0.5153782407383313, 0.07619306106367912, 0.5161271756573339, 0.2787252089243383, 0.4208462532847683, 0.2538504310666968, 0.3183710584810836, 0.1229903473838973, 0.12407575198418423]
[0.060422129674659965, 0.07122823802147368, 0.5495494542127422, 0.7469250525289544, 0.45125523256379096, 0.06422773486003101, 0.9662942535897493, 0.0679543346889018, 0.9931678630195848, 0.9931514632663887, 0.9931514632663887, 1, 0.15597564282835819, 0.08684006966320185, 0.09235181628291371, 0.022394364458250385, 0.13326906885477877, 0.9864235217491384, 0.03650128154973144, 0.33701107232388755, 0.3045246202768936, 0.3331965845402033, 0.20158801382643862, 0.03739732660222949, 0.0, 0.0562425505447742, 0.06135944720525135, 0.0, 0.13112718253872588, 0.15885135232276643, 0.1656841099726819, 0.0, 0.22612154012411365, 0.006130053882731682, 0.48843705068782306, 0.9999999999999998, 0.4226164350362994, 0.3703131457189586, 0.34034699804380525, 0.4653319328670511, 0.23109285654173692, 0.33047043973933143, 0.6290656227372067, 0.2885168205671013, 0.006338877014181511, 0.05920155861483449, 0.228668499551228, 0.1956199030053471, 0.33059612970599983, 0.41456548401562665, 0.3700702944470147, 0.017404866141322, 0.43599456953904353, 0.0, 0.007591896180011234, 0.43783851152523184, 0.27505080537840493, 0.4653319328670511, 0.46004622302231785, 0.4014148053230094, 0.42245584606578224, 0.22735523932931867, 0.1335965850544105, 0.450940439897253, 0.35342830045863594, 0.7145015664385638, 0.5221486884392311, 0.07719399803448351, 0.5291974475147513, 0.28238678075795154, 0.4263748482520341, 0.2579483875335581, 0.32212566225081046, 0.12460605338166172, 0.12570571678160233]
[0.15689506098268977, 0.10994060940726157, 0.18116637488446294, 0.15964616014439267, 0.2902931510328094, 0.047057899519910774, 0.1515323843054938, 0.08397359047033118, 0.15382937628547008, 0.15395318264457367, 0.15395318264457367, 0.15597564282835819, 1, 0.7277585319735334, 0.8201344752384016, 0.3465300474513443, 0.05920152426790733, 0.15291025208711304, 0.05060011974493986, 0.3645104779974157, 0.5954533773819334, 0.3997050602592546, 0.2455687111144091, 0.06253290465006756, 0.07610843738673415, 0.15965282958705665, 0.10214178085560023, 0.08582264436887777, 0.10720252273071942, 0.10073496609722912, 0.09751157265803999, 0.08724962232511398, 0.35808471286627735, 0.25810339524705533, 0.12852371992687603, 0.15597564282835819, 0.15740265078110438, 0.1486184171345724, 0.44485498511733124, 0.23105452250827174, 0.41836236730060594, 0.19379330937596437, 0.3866264314608344, 0.44741398264149296, 0.022318544065495213, 0.05211067322079089, 0.4891892037736937, 0.2743624293297894, 0.24603328837039712, 0.24942217306082357, 0.20272836378183814, 0.007315524588831131, 0.2561908319505248, 0.08359242198231964, 0.016081061427898148, 0.1647889871043327, 0.280302489472822, 0.23105452250827174, 0.17693801919942204, 0.15456390672977713, 0.11971518740182742, 0.13646976396405885, 0.04800947008083951, 0.27770872669914903, 0.09175811963024029, 0.1722537459187573, 0.20168602793734752, 0.09945339255001406, 0.22120347437103907, 0.22280812543879816, 0.23782738730641412, 0.3570565145112394, 0.346869989983675, 0.08734522666613657, 0.1272263261075576]
[0.22165135440288822, 0.20319672851522164, 0.14607326692464098, 0.08888364501666383, 0.0798254433609192, 0.043133612573425906, 0.0843662675190955, 0.0684184916350028, 0.0856451270893456, 0.08571405678025339, 0.08571405678025339, 0.08684006966320185, 0.7277585319735334, 1, 0.9069642342963006, 0.37333712100787714, 0.03617636482687655, 0.08513340097642749, 0.04690451010435068, 0.2919362349267772, 0.588867984740722, 0.3307921497943161, 0.08350581345914804, 0.11432301566032116, 0.07279465735615064, 0.054327547683053895, 0.21499859300382154, 0.07061326900136089, 0.08338284432412352, 0.09793042610868345, 0.09454156820236047, 0.07178735981414945, 0.4686501061910628, 0.19838172394808434, 0.0662490528348399, 0.08684006966320185, 0.08991634284175694, 0.046484264935113845, 0.23612566854831482, 0.17629978714088954, 0.19244712963527033, 0.18253932641364004, 0.30708480383963593, 0.2155360625698755, 0.030385166220537278, 0.07530015178682396, 0.27320773736372295, 0.0515944938796185, 0.17668924839413958, 0.22025331086134514, 0.1317265768345971, 0.02303180764437874, 0.0771258864272279, 0.06877828367233746, 0.03360724043120148, 0.08592277484557422, 0.10847313229074591, 0.17629978714088954, 0.14226550337259813, 0.0821024149831813, 0.06665191452461725, 0.05273080064937397, 0.025759509695232906, 0.07976975765943624, 0.02480418928552187, 0.10119251783808693, 0.17786434517257865, 0.1787173491717457, 0.20275671164156195, 0.07065532909106605, 0.07542419199505211, 0.24676435315390396, 0.12608106404675662, 0.04857650048704162, 0.1361924986315366]
[0.20695181475563953, 0.1903263786182901, 0.16809671414191632, 0.09452509753815877, 0.0848919710516263, 0.04587130663815422, 0.08972100170596965, 0.08709273501669362, 0.09108103060209376, 0.0911543352663558, 0.0911543352663558, 0.09235181628291371, 0.8201344752384016, 0.9069642342963006, 1, 0.43293635889391424, 0.038472481784420774, 0.09053682518919312, 0.06437227103564047, 0.32606673165514044, 0.6042571727611272, 0.33230624273303594, 0.08696221272889165, 0.12024673342625564, 0.13934689282828716, 0.057441758053226315, 0.2095660158132958, 0.12186485396596985, 0.08867516055703178, 0.10920460241437314, 0.10054212959046847, 0.12389110777728267, 0.49124991504706333, 0.23816365215361845, 0.07045388586223982, 0.09235181628291371, 0.09562334078218943, 0.049434625190691486, 0.2679783554714698, 0.20194270551196644, 0.20579457954776437, 0.18229670110826246, 0.3215453111116607, 0.19375528238661013, 0.048950479626756534, 0.07470098771996166, 0.3071826978515825, 0.054869200801660904, 0.23235809162306728, 0.23463735442861974, 0.14083440601591055, 0.0406160333587545, 0.08202107300936959, 0.11869802395917853, 0.055177999058144765, 0.09101369631726604, 0.11535793123841909, 0.20194270551196644, 0.17058523313316276, 0.08771957138351154, 0.07088231721778843, 0.056077629058898425, 0.027394467970125888, 0.08483275097392617, 0.026378513292623633, 0.12059009971246883, 0.23309061979580076, 0.1697284952253228, 0.21943533869982873, 0.07513982884783367, 0.08021137188661069, 0.26935983680390296, 0.13524938287891355, 0.051659655111344474, 0.13383263173524287]
[0.2114183963753223, 0.20112538332310714, 0.04135702525038893, 0.06438206311203347, 0.01029271440360989, 0.029292530615509085, 0.016317314260563105, 0.5744613016892635, 0.01656465901239981, 0.02210398764276381, 0.02210398764276381, 0.022394364458250385, 0.3465300474513443, 0.37333712100787714, 0.43293635889391424, 1, 0.12631315177154992, 0.02195424780784535, 0.5478330170647726, 0.07082556594036607, 0.16362077153236715, 0.11338444286983676, 0.018599990914486806, 0.19928286362675215, 0.18675703617735598, 0.04248022162571126, 0.20999094706725713, 0.199363355284832, 0.22210630213541915, 0.019316395666344483, 0.022049948711642977, 0.20708422846989183, 0.21719634862146217, 0.2017426298538963, 0.008473282437195516, 0.022394364458250385, 0.03253327849835727, 0.03583729405065346, 0.06805867917407628, 0.07607350592706534, 0.12653780230707945, 0.04303146486166481, 0.051934037010986825, 0.05034969331269765, 0.29974798235684186, 0.0917431980603892, 0.14462723399383018, 0.04661994171046833, 0.061936793157517545, 0.08801168499084931, 0.06783553536299541, 0.0973707988868408, 0.009944632797484136, 0.2169779682299557, 0.10615979701082898, 0.05025851048630939, 0.020789683280382002, 0.07607350592706534, 0.06868386597312359, 0.026006691447016228, 0.008594116008274727, 0.046460679262070446, 0.0557399198960466, 0.010285534274097334, 0.016756800795542703, 0.041176476238807026, 0.057162077879241054, 0.17887838576474152, 0.03976953768616455, 0.022599711667184625, 0.009725215854024055, 0.055956319289012436, 0.0681876210684939, 0.010630154573045699, 0.009914084043163844]
[0.11930302686698561, 0.12726007501499356, 0.1310896897231826, 0.22532361027833211, 0.10218213829107815, 0.4252272139659842, 0.1403628725169792, 0.4213038637471921, 0.13143525084000307, 0.12600893420473502, 0.12600893420473502, 0.13326906885477877, 0.05920152426790733, 0.03617636482687655, 0.038472481784420774, 0.12631315177154992, 1, 0.12515530737002017, 0.3439260269974033, 0.13328236464378843, 0.10455260585186744, 0.11093238663078138, 0.09787023494058535, 0.054978694382954545, 0.038258227043938275, 0.25899187969965143, 0.12115375306841472, 0.11719505867832146, 0.3652689992635675, 0.14882210744778615, 0.15240570063648684, 0.11914366753957928, 0.1493501237714499, 0.0, 0.12441205207835002, 0.13326906885477877, 0.22104841182985335, 0.08997691456950901, 0.1004087263970413, 0.13586125084225373, 0.10648577761682929, 0.12667394709909746, 0.12002950626079978, 0.1197705483516986, 0.3131286374784184, 0.07459815586541543, 0.0990315346399553, 0.1353841776237534, 0.12765560627739939, 0.16273694489197435, 0.23083355989481197, 0.1851543706263147, 0.09872651702160544, 0.03964635758224893, 0.04498571660826005, 0.20721801699795317, 0.19078255520679918, 0.13586125084225373, 0.11231122867654753, 0.23106923461520512, 0.315226598285163, 0.08682237789094129, 0.30326970018843724, 0.10211085670703435, 0.5618100337314862, 0.28518364985064604, 0.1207542656466549, 0.1104704117074029, 0.129235746028176, 0.16916130339077592, 0.09654822939203903, 0.08971016919601421, 0.12120461417822165, 0.161339825610884, 0.16280536048006786]
[0.05923465300514666, 0.0698283888053592, 0.5245715444321472, 0.7674897178976358, 0.4423867093331372, 0.0629654665968526, 0.9331354327986152, 0.06632142204503276, 0.9864340138733959, 0.9932256641951446, 0.9932256641951446, 0.9864235217491384, 0.15291025208711304, 0.08513340097642749, 0.09053682518919312, 0.02195424780784535, 0.12515530737002017, 1, 0.03578392152814616, 0.33754268545263316, 0.29181770701535215, 0.3266482690036038, 0.19762620273898843, 0.036662356598996707, 0.0, 0.05513721518229274, 0.060153549425699455, 0.0, 0.13402721239943313, 0.16696765262460714, 0.15245153975762604, 0.0, 0.2216775714189786, 0.0, 0.4451168215169931, 0.9864235217491384, 0.4417745311566677, 0.37451915022784, 0.3199073950226255, 0.44145708315122323, 0.2196242617420083, 0.3243511075259962, 0.6096044561961722, 0.2828465968422783, 0.005869060172328635, 0.0580380698395717, 0.21739339699083024, 0.19922297095389596, 0.33095175881254985, 0.3915756908710396, 0.34909162379009523, 0.0170628081471714, 0.42742596425899426, 0.0, 0.007442692574648887, 0.40888713059437354, 0.2696452293737796, 0.44145708315122323, 0.4514130796336898, 0.38607597626636336, 0.39767424400073337, 0.22255084519790325, 0.11003207121577348, 0.44207810328976616, 0.32783317805939216, 0.7354618439823968, 0.5050563795954481, 0.0756769036820339, 0.5056422060362836, 0.27683703076180627, 0.417995299442802, 0.25213076300244364, 0.32334380628874954, 0.12181306476723064, 0.12323522117500338]
[0.04485104289374566, 0.04880525793011786, 0.0486229725000948, 0.10297615885540634, 0.033552840229741705, 0.15598019222316536, 0.03546147413236569, 0.9460157029137469, 0.03599901415757882, 0.03602798721189257, 0.03602798721189257, 0.03650128154973144, 0.05060011974493986, 0.04690451010435068, 0.06437227103564047, 0.5478330170647726, 0.3439260269974033, 0.03578392152814616, 1, 0.04907629303642373, 0.04580821898190378, 0.0633630454702816, 0.043435124089842056, 0.3129786717033213, 0.1784239001543473, 0.26468042785464463, 0.045546808981369105, 0.2569987063162489, 0.38226571459536013, 0.05907884125203508, 0.05665404130399313, 0.25607375986579195, 0.14128497171939794, 0.16809373669265806, 0.019729815027288072, 0.03650128154973144, 0.06089937595189507, 0.03842732363750543, 0.06338913690456435, 0.07971081988526087, 0.09070590839676394, 0.03439408103899319, 0.040467087091060956, 0.05137560464375068, 0.571695957038182, 0.03173806937623588, 0.13591239250457546, 0.06936133358417193, 0.04700444772386439, 0.06776006875918551, 0.14070811948507458, 0.23280512681788904, 0.032418141834423056, 0.27155158225389436, 0.17341743789108152, 0.1596881220575175, 0.053249053067911264, 0.07971081988526087, 0.052845963338051055, 0.06768987848958657, 0.06803798757312343, 0.04480026918748401, 0.09295063896140514, 0.033529433990248735, 0.1040473850508071, 0.07077848234250121, 0.04654710889691577, 0.053207808088981894, 0.06941283239718044, 0.050868739046872155, 0.03170287262953457, 0.02407584642768509, 0.07716371691262205, 0.06539748194341564, 0.04981431729826408]
[0.06344627146929419, 0.1094958247460343, 0.5797863428527659, 0.34757832774076264, 0.28295335301610375, 0.31628619310464423, 0.3274106802867115, 0.09739070391044513, 0.33237370987424175, 0.3326412139093938, 0.3326412139093938, 0.33701107232388755, 0.3645104779974157, 0.2919362349267772, 0.32606673165514044, 0.07082556594036607, 0.13328236464378843, 0.33754268545263316, 0.04907629303642373, 1, 0.6780221077964828, 0.39458328970106676, 0.23263031807119242, 0.05713753802817329, 0.04426484698648342, 0.11915658538637856, 0.08181651042875203, 0.0030132205052030236, 0.16866954055771144, 0.12692520936517296, 0.13347944119452815, 0.0030633214927666616, 0.5127523917029362, 0.04158418825248129, 0.22253996786761962, 0.33701107232388755, 0.4702566522709075, 0.32231171394897895, 0.4491786828632425, 0.5660925517573543, 0.3610005683525819, 0.39346670922355514, 0.5442650505788464, 0.49791317990654727, 0.029269795388569574, 0.05603951428779906, 0.4138496546922008, 0.23283469773989013, 0.839448678573516, 0.6388913631081836, 0.45411396708582574, 0.006736650107087077, 0.27338436531136673, 0.0033017824384243403, 0.012189794256705187, 0.3968342495916192, 0.3044927824032259, 0.5660925517573543, 0.6799572551104064, 0.5131793905904045, 0.23625778831460073, 0.43322637843419093, 0.16316455488731377, 0.2827559666279266, 0.1979845721098015, 0.40105530176765775, 0.5331126295733868, 0.11524512475321835, 0.4722560680807473, 0.2970651503400287, 0.2673524521127648, 0.6898032696679748, 0.38044684925188216, 0.1360221072205927, 0.1319609425360797]
[0.0435235521822587, 0.06008749784258467, 0.3757367470257442, 0.33976370744396733, 0.27362324981610087, 0.0880589699380453, 0.28918815006207865, 0.09120332835922285, 0.2935717863682138, 0.30057599786172673, 0.30057599786172673, 0.3045246202768936, 0.5954533773819334, 0.588867984740722, 0.6042571727611272, 0.16362077153236715, 0.10455260585186744, 0.29181770701535215, 0.04580821898190378, 0.6780221077964828, 1, 0.5337323529216342, 0.22549139561081008, 0.06799622637065672, 0.07693636112197161, 0.09974914850292198, 0.04419872514742396, 0.014154738952377812, 0.15365481436170572, 0.11477160395782808, 0.1111263339362479, 0.0388532446107448, 0.6567724461113225, 0.1295251231648104, 0.22586561219169551, 0.3045246202768936, 0.3015717033784527, 0.2596608876767685, 0.5339521315403462, 0.4395411033397084, 0.32658665484887556, 0.3274287072798952, 0.58617243873603, 0.44854798554591585, 0.03024915988851464, 0.042376529979592084, 0.45196323992141046, 0.21949182099069336, 0.5514666754716027, 0.4768051218432945, 0.3800865659909809, 0.008327820290500009, 0.2643697898895403, 0.014131580811386279, 0.014147108837703024, 0.3030942886351185, 0.27484044932381535, 0.4395411033397084, 0.38971634725321375, 0.3276783978173845, 0.22846742455575808, 0.21723358024874195, 0.09075038435587039, 0.2734323720462254, 0.18665980545413532, 0.3087341512673071, 0.4344556138780924, 0.05445350623948819, 0.40275812371129954, 0.27371337837542886, 0.2585367729826293, 0.5326144975639705, 0.3369726921559849, 0.10689470832043475, 0.1191855104666045]
[0.11543619281333267, 0.07172479850328152, 0.3650457231621691, 0.3410375769606943, 0.7592613725223298, 0.08187914945202775, 0.32370485533683824, 0.11443674398620755, 0.3286117104622027, 0.3288761867307382, 0.3288761867307382, 0.3331965845402033, 0.3997050602592546, 0.3307921497943161, 0.33230624273303594, 0.11338444286983676, 0.11093238663078138, 0.3266482690036038, 0.0633630454702816, 0.39458328970106676, 0.5337323529216342, 1, 0.6521238959378597, 0.057443988161683494, 0.012755423702949794, 0.42443528524421636, 0.061560512574720075, 0.0007235783936708921, 0.1531585552293196, 0.12551191282101473, 0.12630796966196275, 0.0007356093724990346, 0.49918985153260337, 0.14393947293512327, 0.23123327212582723, 0.3331965845402033, 0.3430679710435318, 0.26547293967968494, 0.7146974669072212, 0.38587539276732713, 0.6603274310715502, 0.34087191714036713, 0.4526573859654053, 0.5654043988522915, 0.0316291030550034, 0.05645385827666182, 0.6220615211010966, 0.6330336955128761, 0.4267559664889218, 0.4350415100371457, 0.33894271953831673, 0.0017028447783751172, 0.7475017096213668, 0.0007047751891802624, 0.008265009698316582, 0.32342076986617324, 0.7442084075352506, 0.38587539276732713, 0.37143365889881735, 0.3211841404792931, 0.2557366703965079, 0.2771921988125334, 0.06854141535237393, 0.7666864677092379, 0.1788480437168372, 0.3160638046782759, 0.380784262132156, 0.07735867536555034, 0.3879204422346753, 0.6669781322987788, 0.766466992174402, 0.37812893902990563, 0.661708315871266, 0.1211968780549569, 0.18653677275662872]
[0.18037344867017613, 0.07650533790906178, 0.21342168966852373, 0.20633191025819878, 0.6672204365285775, 0.12246595148989824, 0.19584540142683915, 0.0687832556083761, 0.19881410886488599, 0.19897412024601066, 0.19897412024601066, 0.20158801382643862, 0.2455687111144091, 0.08350581345914804, 0.08696221272889165, 0.018599990914486806, 0.09787023494058535, 0.19762620273898843, 0.043435124089842056, 0.23263031807119242, 0.22549139561081008, 0.6521238959378597, 1, 0.0369129971396724, 0.0, 0.5566460313038544, 0.06902505594539798, 0.010682855678254685, 0.1522544790061338, 0.09222346438771457, 0.0983940298188119, 0.010860480123115654, 0.22403565531914368, 0.28187240067042835, 0.15306030232357712, 0.20158801382643862, 0.2175125678836182, 0.18434150359706034, 0.6304434049263562, 0.22100877009014674, 0.7277066205776247, 0.21219947421505178, 0.2091705410106326, 0.6867392241109678, 0.030554803710284833, 0.04199707521678372, 0.6867402458641046, 0.7710655557273404, 0.22280940446434616, 0.2660725868417082, 0.2625246759549698, 0.0, 0.7215583463816122, 0.010983315871675104, 0.011016052545856397, 0.21235109262975535, 0.709950615099847, 0.22100877009014674, 0.20923839247087342, 0.24075579842442504, 0.15472381722927953, 0.2032187692359702, 0.059304082223352206, 0.6878823594369362, 0.13795281041845453, 0.21591972953733443, 0.21134847820585773, 0.08176945555885314, 0.20491159281023744, 0.7159910234334866, 0.7370714861267317, 0.1961460548092786, 0.7216758163616993, 0.1008443837783126, 0.19614114111555897]
[0.15624519693294003, 0.12553944353409727, 0.03849463361015134, 0.10845258830015814, 0.034376506008274875, 0.05369327057086829, 0.03633199366213348, 0.24467454036139333, 0.036882729390611324, 0.03691241368466437, 0.03691241368466437, 0.03739732660222949, 0.06253290465006756, 0.11432301566032116, 0.12024673342625564, 0.19928286362675215, 0.054978694382954545, 0.036662356598996707, 0.3129786717033213, 0.05713753802817329, 0.06799622637065672, 0.057443988161683494, 0.0369129971396724, 1, 0.6426488892209863, 0.12426656783391382, 0.15808672875254953, 0.6761444871523469, 0.1624167368534999, 0.049984272566998576, 0.05756109601437385, 0.6595904542006878, 0.05827017369534229, 0.3106635866264715, 0.01886653887335443, 0.03739732660222949, 0.042255687963063344, 0.010393468373343621, 0.045022420373439835, 0.091357910447274, 0.12206621394694185, 0.030239010839298933, 0.08616007246365866, 0.04320093075606571, 0.4361953086263071, 0.07353886585801407, 0.09494706106835837, 0.031343284889897675, 0.05180668600482438, 0.06321486193645433, 0.053995700906436676, 0.5768345206719316, 0.03321395267636125, 0.7121496285508896, 0.3129206522540016, 0.029038684279746332, 0.06432966960175933, 0.091357910447274, 0.04395840280467906, 0.05076714853627018, 0.028703378818191183, 0.0018255697896036136, 0.039016627237841654, 0.034352525184980866, 0.017470813402776567, 0.026088713475242584, 0.05018334444228024, 0.11050795781426252, 0.04092670889584382, 0.03843913829222346, 0.03248112481585758, 0.007786991647724136, 0.04516822882972827, 0.0442236804914816, 0.0749375105812906]
[0.0283176886359706, 0.0, 0.0, 0.14281771680070243, 0.0, 0.0213724600435436, 0.0, 0.0865387142918541, 0.0, 0.0, 0.0, 0.0, 0.07610843738673415, 0.07279465735615064, 0.13934689282828716, 0.18675703617735598, 0.038258227043938275, 0.0, 0.1784239001543473, 0.04426484698648342, 0.07693636112197161, 0.012755423702949794, 0.0, 0.6426488892209863, 1, 0.0, 0.05751395159983204, 0.8382391765324542, 0.06014543163776728, 0.0, 0.0, 0.8521766266746823, 0.019259816905036094, 0.4876669311806754, 0.0, 0.0, 0.0, 0.01201290343556368, 0.0074437277197172405, 0.050499762387029516, 0.06892428137722294, 0.0003290220704937746, 0.08819332331908818, 0.0, 0.38095068525812825, 0.038715458873007084, 0.03740735598035705, 0.011422918097698725, 0.04486923298330493, 0.0015304059989802016, 0.012012235601829667, 0.7447961729781025, 0.0, 0.8216141938827586, 0.3430553107695383, 0.008230415893402902, 0.0, 0.050499762387029516, 0.0, 0.014594991782089032, 0.0, 0.0005892839905010267, 0.1018343551997289, 0.0, 0.0017205203785866637, 0.014075592560899124, 0.031341370141768354, 0.0, 0.001441191146720081, 0.0064295712902938465, 0.0, 0.035408952993855464, 0.01396745089525423, 0.0, 0.0]
[0.17878609931529607, 0.1344688568271381, 0.06432534602003785, 0.05756608575789534, 0.488948686472092, 0.39202716702176543, 0.054640376080068186, 0.2914619354122214, 0.055468638013740246, 0.055513280787979756, 0.055513280787979756, 0.0562425505447742, 0.15965282958705665, 0.054327547683053895, 0.057441758053226315, 0.04248022162571126, 0.25899187969965143, 0.05513721518229274, 0.26468042785464463, 0.11915658538637856, 0.09974914850292198, 0.42443528524421636, 0.5566460313038544, 0.12426656783391382, 0.0, 1, 0.13193718357170492, 0.06966164759756058, 0.4072488747841337, 0.10314338550122017, 0.0984490029761233, 0.07081991574750893, 0.19205931563556308, 0.15140712456283467, 0.03310270429368193, 0.0562425505447742, 0.10288907178251651, 0.022858141076413936, 0.42204111196348093, 0.07351315031775862, 0.48917079000840347, 0.12433792904124455, 0.08373300420553456, 0.45747964798288865, 0.1763750532760132, 0.047105916079681155, 0.5537967462366269, 0.6163389109364864, 0.11412617258176598, 0.17271055963211984, 0.17192083690201926, 0.0, 0.46066009792348067, 0.07036440599179448, 0.03223337799695286, 0.079177381804687, 0.6361047165244147, 0.07351315031775862, 0.06962833067700355, 0.1570735603412745, 0.04316755716681836, 0.1024990070615669, 0.07786457231749315, 0.4771268400346846, 0.14755390018825268, 0.07772328520452085, 0.06817973555887787, 0.1252233302430977, 0.05707405890636579, 0.6359028604964407, 0.46007439158465974, 0.046165120370274725, 0.5259292603728293, 0.13770138860936848, 0.2638401860347328]
