[1, 0.0023644087955103786, 0.0010223130838285755, 0.0010679839030586008, 0.0012271400081769635, 0.0009891090530929898, 0.001051663118051461, 0.0011805532125645692, 0.0010456077082008268, 0.001061375278525628, 0.001080701471193995, 0.00106964625437212, 0.0009700236433913512, 0.000963636556691593, 0.0009876800292137713, 0.0009421342040623511, 0.0013257141009241661, 0.001061635007678488, 0.0011870982992977215, 0.0009292128650465256, 0.0009485167975679543, 0.0010886383773279994, 0.0011872166268219418, 0.0010951151182652429, 0.0009971786076721557, 0.0012535817627381545, 0.0022414598806486516, 0.0010895296107690257, 0.0011440228239518774, 0.0009447630900110552, 0.0009768617314699685, 0.0011255486319276143, 0.0010493444787708062, 0.0011407041734020178, 0.0013128689014346299, 0.00106964625437212, 0.0012956181523611698, 0.0008884047844729603, 0.0012326994916144068, 0.0009269450642242338, 0.0011259568003741654, 0.0011553890317787668, 0.0010200922884561507, 0.0010883768110880807, 0.0011278408237813302, 0.0009282723220120418, 0.0011630027365657771, 0.0009949455184469216, 0.0009563083520518531, 0.0009480526977483504, 0.0009501821863456831, 0.0009454629571976689, 0.0010090094899559703, 0.0010849369719692365, 0.0009897394742141223, 0.0010313766924711404, 0.0012820712976977843, 0.0009269450642242338, 0.0009055430623211386, 0.0009427146166227126, 0.006655767120695927, 0.0009362883287316806, 0.0009688813912600457, 0.0013122709306575863, 0.0013576921336537129, 0.0008870701295544069, 0.0010164623201751614, 0.0017750950802418086, 0.0010812208842355879, 0.001105964133975175, 0.0010975898326829802, 0.0009726214750039868, 0.001107034921161233, 0.000894564838802848, 0.001114179648152791]
[0.0023644087955103786, 1, 0.001097133409407287, 0.0011627000835488979, 0.0010862098155896922, 0.001078974340928366, 0.0011337890163815338, 0.001232182958168817, 0.0011184455095669202, 0.0011436129449575525, 0.0011622953172834144, 0.0011421749312503116, 0.0009783516001673602, 0.0010103628123651932, 0.001035997873334157, 0.0009642528398102368, 0.0013289866551968058, 0.0011425176294896269, 0.0012374289492487335, 0.000983230304304929, 0.0009996228143559335, 0.0010059022483809108, 0.0010920622924030523, 0.0010789702806959147, 0.0010526992926707945, 0.0010781181674383662, 0.004333768369210959, 0.0012949929298594633, 0.0011639104577601475, 0.0009987487099650891, 0.0010021519703051183, 0.0013022696982003818, 0.001132233185234592, 0.001069344051250624, 0.0012613509026654084, 0.0011421749312503116, 0.00128834363965883, 0.0009231957801386905, 0.0010701980549605809, 0.00098043016653725, 0.001038590821649233, 0.001166129124985938, 0.0011392805758417657, 0.001012968846508228, 0.0010793903942107974, 0.0009364197496270563, 0.0010807079358020814, 0.0009498145533148583, 0.0009859573439247047, 0.000988630567249751, 0.000959407861537206, 0.0011255582916047426, 0.0010289480884240105, 0.0013157869465100325, 0.000991642562901877, 0.0010749920256584156, 0.0010537470096415387, 0.00098043016653725, 0.0009652856609568912, 0.0009907872908559597, 0.0023155753859349557, 0.0009337961191268953, 0.0009854137003575164, 0.0011831277332421686, 0.001421177817000209, 0.0009419566744622853, 0.001085525503427508, 0.0017897658357529547, 0.0011790421110604995, 0.0010976862581185925, 0.0011115810728266706, 0.0009968284514202076, 0.001035131187215186, 0.0009626526693514711, 0.0010337054169420842]
[0.0010223130838285755, 0.001097133409407287, 1, 0.001321226117141402, 0.0011911006067943633, 0.0011945407340177361, 0.00123847547609136, 0.001246892053602584, 0.0011623360264475413, 0.001236068117748618, 0.0012482279359824246, 0.001257649263829979, 0.0011415176735026656, 0.0012279517038871646, 0.001314162807264408, 0.00114239142942843, 0.0017578361745711677, 0.0012517381954027787, 0.0013224598578829947, 0.0012562533080872128, 0.0013572902711467773, 0.0010461842556572848, 0.0012797194671087737, 0.0010451776683756506, 0.0010525729638339659, 0.0012109495491821043, 0.0010468831293531833, 0.00116207540691694, 0.0011475846128384136, 0.0009345068269642659, 0.0009265629291254585, 0.0011682189932101445, 0.00134146286436317, 0.0011314867539498532, 0.0012681878145651309, 0.001257649263829979, 0.0012898090642605928, 0.001022184002741086, 0.0010121011219600723, 0.0013149365846133276, 0.0012901892283247037, 0.001533941879725935, 0.0012270606485901032, 0.001152782616097569, 0.0010605855410598401, 0.0008746431050035282, 0.0012102999382552228, 0.0010465141043062116, 0.001262090835713409, 0.0012427905992152641, 0.0009874482050351839, 0.000998932959036467, 0.001235821503688323, 0.00111819794642045, 0.0009315632133367077, 0.0011750305948160298, 0.0010657296527902236, 0.0013149365846133276, 0.0011805261726648183, 0.0012128162146885493, 0.0013199408012085276, 0.0010561480577788427, 0.0008873141044003757, 0.001382788512308892, 0.0008361517590973405, 0.0011019659940033194, 0.004825112082296521, 0.000987685066175208, 0.0027020795232509504, 0.0012678993816608464, 0.0012745279676669428, 0.0011397764430082723, 0.0013420885107720856, 0.000931775746048497, 0.0010095359510798334]
[0.0010679839030586008, 0.0011627000835488979, 0.001321226117141402, 1, 0.002822901302601613, 0.0010477815952160093, 0.0019247740161036982, 0.001483316970520211, 0.001836093314264685, 0.0019096013987473354, 0.0019456854044652954, 0.0018826517168696534, 0.0010943413972894609, 0.001055090910067406, 0.0010839369007166419, 0.0012295797008318849, 0.001516012002145208, 0.0019683222442058237, 0.0015754194312039235, 0.001034680094501763, 0.0010489607571079753, 0.000982588439300763, 0.001131034306094104, 0.000983475196851655, 0.0010936956400625054, 0.0010404965750862834, 0.001090357883987202, 0.0013047139010641587, 0.0012745143774656159, 0.0009332513246419235, 0.0009262544291289525, 0.00128694862183548, 0.00114388438801685, 0.0011337012498558751, 0.0017712136667883095, 0.0018826517168696534, 0.001362166813069237, 0.0009748669066054717, 0.0010725526794584854, 0.001146490851287248, 0.0011091695987373266, 0.0014452250812620679, 0.0019080767900502764, 0.0011472732867296076, 0.0011235759405706861, 0.0009270119607606194, 0.001147270637341399, 0.0010471026133260558, 0.0010502849807061192, 0.0011371018897782883, 0.001009717141729384, 0.0011780351870428528, 0.0011289221870987665, 0.00127331995099482, 0.0009056850761571544, 0.0011985147498939027, 0.001027883795478308, 0.001146490851287248, 0.001133594509618062, 0.001060956347253078, 0.007308214834048923, 0.0010139528521646742, 0.0009113865360068232, 0.0013149911917331118, 0.0016981727628362833, 0.001069560130677695, 0.0014195590555026913, 0.0010283596245235877, 0.001280757483261449, 0.0012391515575537757, 0.0011884450488024454, 0.0009606977492580859, 0.001155300229498287, 0.0008926834302266089, 0.0010463830764688472]
[0.0012271400081769635, 0.0010862098155896922, 0.0011911006067943633, 0.002822901302601613, 1, 0.0010390845977244051, 0.0017347377115796356, 0.0012504363832529816, 0.0015692310952921938, 0.0016901145568303248, 0.0017150447185381211, 0.0017706273859490038, 0.0011109446909496087, 0.0010650355815266738, 0.0010865477857248782, 0.001095326059806259, 0.0013335273156287269, 0.0017581545802287904, 0.0013094409052517221, 0.0010275060831540618, 0.0010547341580614364, 0.0010405528713568254, 0.001225389492221314, 0.0009671998269986438, 0.0010613247143534661, 0.001244020642075958, 0.0010360340391774145, 0.0012566137059556808, 0.0013644358513995702, 0.0009262347454000794, 0.0009132687426252115, 0.001238018760550149, 0.0011645462096150736, 0.0013380803772252644, 0.0016033912385236345, 0.0017706273859490038, 0.001216884775042173, 0.0009621617171883141, 0.001259634230003001, 0.0011477470161510377, 0.0013242972806586603, 0.0012490550397706703, 0.0017863359059465843, 0.0014944459766891105, 0.0012859590670130903, 0.0009278222729548494, 0.0014081942543175627, 0.0012205398097611334, 0.0010645605514047016, 0.001122005966231868, 0.0009890910833244067, 0.0011132476427690426, 0.001233874174742756, 0.0012169346102634154, 0.0009190936426662459, 0.0011181633195931982, 0.0011951996577655147, 0.0011477470161510377, 0.0011277608912902896, 0.0010277007099667435, -3.8700867342733976e-05, 0.0009974398130789656, 0.0009171345625747212, 0.0018076049507883155, 0.0015145643710352292, 0.00106187246226434, 0.0012614484112963723, 0.000976744786422891, 0.0012349267935841048, 0.0014003789012094054, 0.0013103434345333842, 0.0009559585724478369, 0.0014503305183238334, 0.0008931112066168514, 0.001207759289644904]
[0.0009891090530929898, 0.001078974340928366, 0.0011945407340177361, 0.0010477815952160093, 0.0010390845977244051, 1, 0.0011309514761639618, 0.0012150449199852744, 0.001106552006580472, 0.0011420876147206, 0.0011652446566769038, 0.0011448395240080788, 0.0009806765343675244, 0.0010643561916817293, 0.0011375432599649504, 0.0009980469444143053, 0.0017202850222147999, 0.0011493919377300232, 0.0012500143271821527, 0.0011476155241024217, 0.0011429820702016933, 0.0009421170768608683, 0.0012030445998644438, 0.001003686916241237, 0.0010945732149458271, 0.0014514829670348233, 0.0010431833993755693, 0.0011549669005981274, 0.0010830922006573175, 0.0010188462139196551, 0.0010385289263474707, 0.00116738983888574, 0.0012257156181556426, 0.0010992734717561257, 0.001280208942829241, 0.0011448395240080788, 0.0011748988230086117, 0.0009723703638892676, 0.0009740081877403323, 0.0010765242148018314, 0.0011905079403585499, 0.0012638784060047825, 0.0010606229277897816, 0.001064539670645982, 0.0012421604939542516, 0.0009210458654159132, 0.001140239960647804, 0.0009467504365690757, 0.0011953134999414126, 0.0010806617204219518, 0.0009151888472984128, 0.0010674421753228598, 0.001061301333533108, 0.0011237229666492664, 0.0009711104851686458, 0.0010905106785139213, 0.001017639660030817, 0.0010765242148018314, 0.0010426697176939687, 0.0010549783153867922, 0.0011813501930261394, 0.0010382653353563543, 0.000978904412428265, 0.0011843372754668303, 0.0007018677093289934, 0.0009979295091541987, 0.001249202688024996, 0.0010389606617099833, 0.001172462447380177, 0.0011427674565514783, 0.0011429293861480038, 0.0011783714700692623, 0.001076748789514931, 0.0009768132706675444, 0.0009935745099344865]
[0.001051663118051461, 0.0011337890163815338, 0.00123847547609136, 0.0019247740161036982, 0.0017347377115796356, 0.0011309514761639618, 1, 0.0017190975875655417, 0.00709969201552661, 0.009746473579322623, 0.01088444278526222, 0.024539568753971095, 0.0010952275340507256, 0.0011052534596999266, 0.0011225814059323597, 0.0011573916847064964, 0.0017161340869262676, 0.02786834534243026, 0.001800169633468048, 0.0010671314474412327, 0.001064709132639714, 0.0010331775910192987, 0.0011947551749181625, 0.001032672081952838, 0.0011091352175689728, 0.001124791232401459, 0.0010935448601562875, 0.001256701474147884, 0.0013414058693644244, 0.0009979125033370553, 0.0009971044704757074, 0.0012367371887196594, 0.001195278606384012, 0.0011811531088526015, 0.0033168406451972304, 0.024539568753971095, 0.001345326561711539, 0.0010716221025343258, 0.0010832747347976057, 0.001215168511392105, 0.0011480476098894355, 0.0014159848318825385, 0.002556494684453084, 0.0011383369883064761, 0.0010568212188965412, 0.000989008638513488, 0.0011741305495814602, 0.0011760417106338448, 0.0010852925511289338, 0.0012078653057681253, 0.0010202950813028842, 0.0012327215521363562, 0.0012187193863353262, 0.001247648103356889, 0.0009498522540073865, 0.0012171006447856574, 0.0010782857265793015, 0.001215168511392105, 0.0011758451801354426, 0.001074406365085935, 0.002611503645467751, 0.0010642762396147023, 0.0009515587221420435, 0.0014253933181075681, 0.0018581038439591197, 0.0011140285819571554, 0.0012553186265704135, 0.001070951253715804, 0.001289091617131914, 0.0013373660977742971, 0.0013893023898064669, 0.0010042753690239746, 0.0011430416946597766, 0.0009683075538863412, 0.0011387119623762628]
[0.0011805532125645692, 0.001232182958168817, 0.001246892053602584, 0.001483316970520211, 0.0012504363832529816, 0.0012150449199852744, 0.0017190975875655417, 1, 0.001605017134441987, 0.001774873002973243, 0.0017535461623228922, 0.0017226671791220377, 0.0011684814420803667, 0.0012335732031322788, 0.0012328404366343513, 0.0013281771148472565, 0.0028428092815664255, 0.001741127413566963, 0.007542915417983518, 0.001235716503870612, 0.00125725186915319, 0.0010461359676168511, 0.0012680366487091408, 0.0011131106840443165, 0.0012246146320416915, 0.0013540374947725107, 0.0012090431498036998, 0.0013626374921405626, 0.0012320666592245874, 0.0010796534656281281, 0.0011090219981273778, 0.001385137371203075, 0.0013967461397396649, 0.0012374951475371558, 0.0024851788027693013, 0.0017226671791220377, 0.0015813291544438174, 0.0012540485019876695, 0.0011052656532933526, 0.0013958176805461185, 0.0012775498771077799, 0.0016934396138409565, 0.001456281960925568, 0.001278451114973437, 0.0012636824922022236, 0.0011061881209318367, 0.0012773288952990121, 0.0012816455908112125, 0.0012656588878250964, 0.0012235477317848785, 0.0011750524117113536, 0.001265574005957525, 0.0012754953064960778, 0.0013781353177305783, 0.0010992224243432272, 0.0014329027278327763, 0.0011421022324894932, 0.0013958176805461185, 0.0013524314319777158, 0.0012094295272314225, 0.0024251237857883627, 0.001121269774824614, 0.0010882327833414192, 0.0014688683867756785, 0.0022232934914391436, 0.0012298162075268801, 0.00123884988653401, 0.001134047516391757, 0.0012916692897540596, 0.0014875449619666799, 0.001474555999478542, 0.0012096282831105193, 0.00124800102244722, 0.0011626100784728646, 0.0011317792525945374]
[0.0010456077082008268, 0.0011184455095669202, 0.0011623360264475413, 0.001836093314264685, 0.0015692310952921938, 0.001106552006580472, 0.00709969201552661, 0.001605017134441987, 1, 0.006803316708676813, 0.007908011754813487, 0.00639520188191518, 0.0011719154490380376, 0.00111810782509866, 0.001092162545246184, 0.0012054823539067439, 0.0016216168484994643, 0.006337153454954277, 0.0016278535172048324, 0.0010786752649214874, 0.0010586329702212283, 0.0010391714578084031, 0.0011563777887546676, 0.0010470971218298065, 0.0011301293418168983, 0.001099137349264782, 0.0010816721233768705, 0.0011668304012869206, 0.0012606281066367899, 0.00101893417917812, 0.0010170011872669986, 0.0011605322095882664, 0.0011578811839412643, 0.0011534851413506919, 0.0030339169287420436, 0.00639520188191518, 0.0012920374337236707, 0.0011643412910750195, 0.001070183616214975, 0.0011713264919406786, 0.0011561127520547563, 0.0014657910620905676, 0.0020813136670776774, 0.0011999077621282358, 0.0010507906044778114, 0.0010013361158744123, 0.0011744032590289616, 0.0011742714304849222, 0.001062048291691963, 0.0011526469962003657, 0.0010453944576019874, 0.0012073288406380088, 0.0011942955291178268, 0.0011565512754931461, 0.0009730502117319305, 0.0012459044607622143, 0.0010773179512643697, 0.0011713264919406786, 0.0011658016416659551, 0.0011336020261873906, 0.0023492839608906164, 0.0011330324187936907, 0.0009832362287511256, 0.0013303526369078296, 0.0017811015972108515, 0.0012148011399708259, 0.0011963081765735874, 0.0010762437391332532, 0.0012292202654171909, 0.0012668439288445988, 0.001313592953209311, 0.0010416833768858286, 0.0011501309107843339, 0.000962112978722, 0.0011395988964405391]
[0.001061375278525628, 0.0011436129449575525, 0.001236068117748618, 0.0019096013987473354, 0.0016901145568303248, 0.0011420876147206, 0.009746473579322623, 0.001774873002973243, 0.006803316708676813, 1, 0.034958636324900996, 0.008737494724611475, 0.0011694923634699384, 0.001156739095700252, 0.001137882583778201, 0.0012193841553548366, 0.0017437815357692235, 0.010416335119332775, 0.0017853187910717582, 0.0011275271329384106, 0.0010969208074248296, 0.001053458298631818, 0.001197872559203885, 0.001073471803738783, 0.001151527761905651, 0.0011350719499465557, 0.0011019057536166535, 0.001226160418579388, 0.0013105606195118473, 0.0010278449307405365, 0.0010340057277052391, 0.0012101384568611962, 0.0012097248983116743, 0.0012036687963837866, 0.0032417258708504404, 0.008737494724611475, 0.0013754600995729582, 0.0011505147311697116, 0.0010921984784496251, 0.0012392439959241703, 0.0011904668086402947, 0.0014833260843015064, 0.002462045775879485, 0.0011792331463776073, 0.0010809332343242894, 0.0010238900872709027, 0.0011929834206665503, 0.0012183136962247328, 0.0011112150115178772, 0.0012120038103691604, 0.0010681583314049953, 0.0012626122153174095, 0.0012273251795188124, 0.0012286671994493031, 0.0009897524342474821, 0.0012564031310758447, 0.0010926611205303032, 0.0012392439959241703, 0.001240059542404312, 0.0011340333680251154, 0.0026190981236448494, 0.0011223535942923497, 0.0009866981794729324, 0.0014050888638251708, 0.0018874056998432495, 0.0012056928985742412, 0.0012615802025497918, 0.0010892420165232695, 0.0013065087662886999, 0.0013437614012127767, 0.001378653688022713, 0.0010358747025742518, 0.0012020928658167422, 0.0009853492254923682, 0.0011666904688245523]
[0.001080701471193995, 0.0011622953172834144, 0.0012482279359824246, 0.0019456854044652954, 0.0017150447185381211, 0.0011652446566769038, 0.01088444278526222, 0.0017535461623228922, 0.007908011754813487, 0.034958636324900996, 1, 0.010041208100308228, 0.001193198731453485, 0.0011733380323792504, 0.0011547513100326331, 0.0012259010907140647, 0.0017597851815181152, 0.012269511846544259, 0.0017871862291371575, 0.0011569680914940103, 0.0011296080261788634, 0.001070145089842872, 0.0012195918864324991, 0.0010776169489280516, 0.0011685586629147182, 0.0011544833930358235, 0.001121556020003233, 0.0012593590585555407, 0.0013433661032122225, 0.0010462130503617814, 0.0010511733957093254, 0.0012396778650805287, 0.00122529528533527, 0.0012267837685325928, 0.003257711682798962, 0.010041208100308228, 0.0013899149012353731, 0.0011811129168828077, 0.0011074098689159157, 0.001281378154032649, 0.0012096712150732579, 0.0014746174263138949, 0.0024566963356569597, 0.001196689403230713, 0.0010957596097191126, 0.0010407953539736774, 0.0012059883443108759, 0.0012471557590219952, 0.0011500386045618166, 0.0012471328350104256, 0.0010806772149529514, 0.0012753603461950467, 0.0012549709743815381, 0.001254647378324986, 0.0010048558847653322, 0.0012730522108053866, 0.001098999289921242, 0.001281378154032649, 0.0012695286070038706, 0.0011549583439927791, 0.002612975375490298, 0.001142432503614684, 0.0010058757313327678, 0.0014098104473932605, 0.001904706914639892, 0.0012340404838593014, 0.0012756136775131089, 0.0011058102036085834, 0.0013068971878953503, 0.0013448252275420642, 0.0014035931398844706, 0.0010518956312308035, 0.0012207392943066992, 0.0010129129599715223, 0.001177797528993137]
[0.00106964625437212, 0.0011421749312503116, 0.001257649263829979, 0.0018826517168696534, 0.0017706273859490038, 0.0011448395240080788, 0.024539568753971095, 0.0017226671791220377, 0.00639520188191518, 0.008737494724611475, 0.010041208100308228, 1, 0.0011049954349719874, 0.0011169702339257745, 0.0011458980700834445, 0.001172912419190675, 0.0017029696051226078, 0.024374018626778654, 0.0017896587634198993, 0.0010503603270191832, 0.0010759613734059622, 0.0010393812598428903, 0.0011929232964293145, 0.0010416247640901049, 0.0011175159276491406, 0.0011392367235123339, 0.0011080146529134434, 0.001276210876963672, 0.0013407800361505968, 0.0010037869064394773, 0.000998635108985023, 0.0012482195697898447, 0.0012289671692473727, 0.0012025579146727017, 0.0031655324607634578, inf, 0.0013596909813125197, 0.0010850661598716704, 0.0010950563828564805, 0.0012409416050768777, 0.0011654618759071229, 0.0013979908867463612, 0.0025945209152386573, 0.0011513984210590317, 0.0010627981607662243, 0.0010066222402741202, 0.0011809008499733139, 0.0011879266944848485, 0.0011001571771621092, 0.0012053648594748624, 0.001034192848736706, 0.0012538589006331853, 0.0012177355465120955, 0.001275274306633835, 0.0009693172337691103, 0.001201551625469548, 0.0010929372946849563, 0.0012409416050768777, 0.0011757062841051544, 0.0010849429351097156, 0.002573633965110628, 0.001070372793623728, 0.0009619742981175182, 0.0014410675031902016, 0.0018549553634930925, 0.001103724452055496, 0.001258300965140045, 0.0010704289827064368, 0.0012791325756244041, 0.0013493610960848695, 0.0013678468847583734, 0.0010049419230074603, 0.0011513564673765993, 0.0009770285828064934, 0.0011425228473941759]
[0.0009700236433913512, 0.0009783516001673602, 0.0011415176735026656, 0.0010943413972894609, 0.0011109446909496087, 0.0009806765343675244, 0.0010952275340507256, 0.0011684814420803667, 0.0011719154490380376, 0.0011694923634699384, 0.001193198731453485, 0.0011049954349719874, 1, 0.0015245087482564266, 0.0014467743211019153, 0.0010885271418691585, 0.0014821358323302578, 0.0011128699870420003, 0.0012053196885251768, 0.0012918703147068297, 0.0014167510676583554, 0.0013796322932174805, 0.0011819479044937501, 0.0009800405738820761, 0.001050195071682468, 0.0010964273908304469, 0.0009567841535452799, 0.0010864300917591985, 0.0009606416815729437, 0.0008952515676125377, 0.0009375610314867959, 0.0011125110863325473, 0.0013677971399777748, 0.001071644074157222, 0.0018523846099863638, 0.0011049954349719874, 0.0011278917338421977, 0.0011207026158329967, 0.0010136797729038013, 0.0010786052303798236, 0.0012822354625440387, 0.0011835393664158262, 0.001115667494651067, 0.0014698883239436524, 0.001075448921607565, 0.000936092297266826, 0.001208599674664127, 0.001076097872612492, 0.0011649546763792423, 0.0010947156999865332, 0.0010116109112572093, 0.0009778356854918348, 0.0012028698718974994, 0.001048617282714175, 0.0010215839507802312, 0.001139737387684725, 0.0010081854675751435, 0.0010786052303798236, 0.001094396386164424, 0.0010824073366757399, 0.0013470597770478573, 0.0010716732039053524, 0.0009454361267507732, 0.0012261438906576018, 0.0011290370349580116, 0.0010991559421567457, 0.0012039047386597287, 0.0008898718209694232, 0.0011567648595291113, 0.0012981088041236991, 0.0012781872796418332, 0.0011167068127232176, 0.001539105181981452, 0.0011098693738811102, 0.0009324206857238466]
[0.000963636556691593, 0.0010103628123651932, 0.0012279517038871646, 0.001055090910067406, 0.0010650355815266738, 0.0010643561916817293, 0.0011052534596999266, 0.0012335732031322788, 0.00111810782509866, 0.001156739095700252, 0.0011733380323792504, 0.0011169702339257745, 0.0015245087482564266, 1, 0.0018687518250495663, 0.0010114719499383625, 0.0014580690070630552, 0.0011202684170442056, 0.0012533564945489527, 0.0013570422941281916, 0.0014004698469806125, 0.001079983456488135, 0.0012771010432715431, 0.0010144534373241986, 0.0011126884994176966, 0.0012216260634338757, 0.0009829860705713959, 0.0011444341415809346, 0.000965460049011915, 0.0009569724110537703, 0.0009656402465614457, 0.0011565842123868405, 0.0016072066587670686, 0.0012433247991778975, 0.0013175508067960254, 0.0011169702339257745, 0.0011016240336673337, 0.0010701551568687718, 0.000958523361252872, 0.001156324030643404, 0.0016060564996035543, 0.0012248123040162569, 0.001076996168080213, 0.0012664964451086973, 0.001051827754113353, 0.0009429833836425486, 0.0012586695642069585, 0.0009966347966429015, 0.0012187570294593746, 0.0011283793100134644, 0.0010072707844022857, 0.0010201902512444127, 0.0011252229555401057, 0.0010982151138744674, 0.0011193808658885595, 0.0011031586866144295, 0.0010403261587628952, 0.001156324030643404, 0.001186797885787872, 0.0010679564460568437, 0.001262087955752443, 0.0009981186611483929, 0.0009628399350340937, 0.0011712341374413042, 0.004954638738692443, 0.0011028995806912885, 0.001254352596966269, 0.0009378057185056492, 0.0012484147459133365, 0.0011061396719778498, 0.001228077821183675, 0.001172302761828515, 0.0013726127239389885, 0.0011116666294434274, 0.000986268877754306]
[0.0009876800292137713, 0.001035997873334157, 0.001314162807264408, 0.0010839369007166419, 0.0010865477857248782, 0.0011375432599649504, 0.0011225814059323597, 0.0012328404366343513, 0.001092162545246184, 0.001137882583778201, 0.0011547513100326331, 0.0011458980700834445, 0.0014467743211019153, 0.0018687518250495663, 1, 0.0010513473607597734, 0.0014211168544120338, 0.001139063906735049, 0.001266984992901969, 0.0012954269246315475, 0.0013719704444137822, 0.0010070760347760512, 0.001343537158065705, 0.0010460034392893443, 0.0011192428220335646, 0.0012002083913386233, 0.0010165494794050795, 0.0012164877886594598, 0.001005332919629047, 0.0009457688899813316, 0.0009462981080161665, 0.0012935661337161435, 0.001689532578918744, 0.0012870818768643383, 0.0013854141118640017, 0.0011458980700834445, 0.0011609606551362703, 0.0012495732526142437, 0.000987873302008842, 0.001348053216472418, 0.0015558993891722794, 0.0012043091226400476, 0.001088936932354668, 0.0012493887302581794, 0.0010630570312953915, 0.0009551428264585573, 0.0012897791429441665, 0.0009938434977719867, 0.0015679512711939275, 0.0011873024402681727, 0.0009944293544371483, 0.0010538701481401789, 0.0011361334167708191, 0.0012011325017316585, 0.0011410444288437905, 0.0011087219259882152, 0.001064137783426074, 0.001348053216472418, 0.0012886177339216437, 0.001058867144758383, 0.0013290346059936149, 0.0009836835534248979, 0.0009411355691243517, 0.0012372680848996918, 0.000550082193415712, 0.0011243293845211043, 0.0013640660714303338, 0.0009338876466478268, 0.0012198273405927497, 0.0011750271709125325, 0.001248105459699317, 0.0012152806381913522, 0.0014175254739300543, 0.0011038908996339795, 0.0009785591185237157]
[0.0009421342040623511, 0.0009642528398102368, 0.00114239142942843, 0.0012295797008318849, 0.001095326059806259, 0.0009980469444143053, 0.0011573916847064964, 0.0013281771148472565, 0.0012054823539067439, 0.0012193841553548366, 0.0012259010907140647, 0.001172912419190675, 0.0010885271418691585, 0.0010114719499383625, 0.0010513473607597734, 1, 0.0014455777003791808, 0.0011779677480108844, 0.0013438590661293665, 0.0009475542273486628, 0.0009541749856417977, 0.0009566558708681393, 0.0010419169010940823, 0.0009528948254193759, 0.0010770258541537982, 0.0009962149915509113, 0.0009422959688364272, 0.0009925596805263716, 0.0010591902579252781, 0.0009505224734541145, 0.0009263072564001986, 0.0009979400445166325, 0.0011188045623152902, 0.001002323037008817, 0.0014360625731683167, 0.001172912419190675, 0.0011940592572784571, 0.0010355605374205855, 0.0009368069450008605, 0.0010019727991225288, 0.0010312067043650947, 0.0013123854854759126, 0.0010648196617700292, 0.0011014111344148261, 0.001059703729002268, 0.0009873674822588091, 0.001031558336566932, 0.0010454266061109706, 0.0009400881543060231, 0.0009659164049387712, 0.0009869973219035575, 0.0010105169540691851, 0.0010083085355351493, 0.0009615869558718211, 0.0009230265627064546, 0.0011380489084727634, 0.0010771319430781582, 0.0010019727991225288, 0.00101073763830025, 0.0010071333227581216, 0.001229754298529897, 0.0010467998202534255, 0.0008766463097865199, 0.001119682406945092, 0.00014560455639845923, 0.0009791891026824902, 0.001177400655671224, 0.0009542836144904832, 0.0011714014658533833, 0.0011012946057294673, 0.0010331407796562882, 0.0010219795100541373, 0.0010658739958969378, 0.0009333497845326695, 0.0009985150915402168]
[0.0013257141009241661, 0.0013289866551968058, 0.0017578361745711677, 0.001516012002145208, 0.0013335273156287269, 0.0017202850222147999, 0.0017161340869262676, 0.0028428092815664255, 0.0016216168484994643, 0.0017437815357692235, 0.0017597851815181152, 0.0017029696051226078, 0.0014821358323302578, 0.0014580690070630552, 0.0014211168544120338, 0.0014455777003791808, 1, 0.001726024900312375, 0.002507212851328685, 0.0008515835770040063, 0.0007310259226737135, 0.0014262997323026465, 0.0015146161862341493, 0.0013726991085595702, 0.00137089865539894, 0.0015203761568142388, 0.001334086375310873, 0.0014030476398531708, 0.001457056596966784, 0.001315421152612661, 0.0013666011202327917, 0.0014127439726852255, 0.0014641526502950336, 0.001379796119778325, 0.003182995750813923, 0.0017029696051226078, 0.001717450746375247, 0.0008714373778625599, 0.0014573089900113921, 0.0008608173451841285, 0.0014524309247985767, 0.0018827315092948395, 0.0015247101660436323, 0.0017178938223184584, 0.001438063139706059, 0.005144206813885567, 0.0015335157843822738, 0.001766883091559185, 0.0009778815663746229, 0.0008110196422879622, 0.00165644230744408, 0.0015405165748541404, 0.0015706424938593288, 0.0015079438815920792, 0.0014622362407539047, 0.0018698632219803196, 0.0012556152005951098, 0.0008608173451841285, 0.0008874460036750754, 0.0014976380578787675, 0.0030618008771720663, 0.004922266909579766, 0.0015330515083736838, 0.0016422038650127995, 0.003703063467419623, 0.0008739557284467118, 0.001389136317956193, 0.0013140279782145044, 0.00138994599997087, 0.0016337232494260958, 0.0018350132890066722, 0.0014711994403773117, 0.0015529714222981994, 0.0006762030457394999, 0.0013454785048268394]
[0.001061635007678488, 0.0011425176294896269, 0.0012517381954027787, 0.0019683222442058237, 0.0017581545802287904, 0.0011493919377300232, 0.02786834534243026, 0.001741127413566963, 0.006337153454954277, 0.010416335119332775, 0.012269511846544259, 0.024374018626778654, 0.0011128699870420003, 0.0011202684170442056, 0.001139063906735049, 0.0011779677480108844, 0.001726024900312375, 1, 0.0018095857404549771, 0.0010773625903533729, 0.0010825259584159024, 0.0010367742138990977, 0.0012081988443896144, 0.001038205031760316, 0.001120978111148783, 0.0011362178644836749, 0.001105381756743874, 0.0012720187555737969, 0.0013601422489734126, 0.0010092046977444125, 0.0010124904113650583, 0.001248393509464839, 0.0012099139773517782, 0.0012021523123644925, 0.0031449035926086714, 0.024374018626778654, 0.0013533765731332844, 0.0010958724670208637, 0.001094093664080915, 0.001248044707266745, 0.0011664034896569802, 0.0014223630321760548, 0.0024917270582178975, 0.0011468838495897686, 0.0010664690950425092, 0.001003531764897263, 0.0011847610424641699, 0.0011834463572343058, 0.0011086241157947509, 0.0012381195481708529, 0.0010418699427572821, 0.0012511368232687799, 0.0012236759204263445, 0.0012477427792124795, 0.0009632625292555414, 0.0012297686262795222, 0.0010932747277893672, 0.001248044707266745, 0.0012039151188051344, 0.0010866907463675185, 0.002571153326749514, 0.0010826472150031905, 0.0009654132778534699, 0.001420474094920761, 0.0018559751424671892, 0.0011315095361386608, 0.001255342814583592, 0.0010819259617059836, 0.0012907329388225626, 0.001336649995324073, 0.0013861555561315336, 0.001014355614276491, 0.001167072158171709, 0.0009854310518627324, 0.0011417250398429377]
[0.0011870982992977215, 0.0012374289492487335, 0.0013224598578829947, 0.0015754194312039235, 0.0013094409052517221, 0.0012500143271821527, 0.001800169633468048, 0.007542915417983518, 0.0016278535172048324, 0.0017853187910717582, 0.0017871862291371575, 0.0017896587634198993, 0.0012053196885251768, 0.0012533564945489527, 0.001266984992901969, 0.0013438590661293665, 0.002507212851328685, 0.0018095857404549771, 1, 0.0012895707420397856, 0.0013413366862172228, 0.001091966352574334, 0.0013364273355091748, 0.0011109563148700816, 0.0012205054087447288, 0.0013401847802126151, 0.0012174679862123937, 0.001425318568476501, 0.0012851899255282447, 0.0010856032464655484, 0.0011129646632431832, 0.0014428798580077772, 0.0015133826595758442, 0.0012449100358627484, 0.002556252354164499, 0.0017896587634198993, 0.001715284650432895, 0.0013261791789067042, 0.0011361185441331433, 0.0014885353036577624, 0.0013270615592603835, 0.0017476402054935314, 0.0015248438075592798, 0.0013479511978742352, 0.0012517843253552832, 0.0011254448851576058, 0.0012971778803188658, 0.0012738802321579457, 0.0013556646826077966, 0.0012869482766526249, 0.0011888515248114212, 0.0012786495921838325, 0.001307184746347606, 0.0014337100987353447, 0.0011183538201764722, 0.0014851245522366828, 0.0011822248279899708, 0.0014885353036577624, 0.0014689592277577262, 0.001242101807119158, 0.002481384428290301, 0.0011260629202728349, 0.0011052792956972497, 0.0015073979326436387, 0.0021733062429050995, 0.00131195968276076, 0.0013162413473227445, 0.0011271190142918197, 0.001350568933279504, 0.0015362642317140835, 0.001448224733614098, 0.0012392603468572275, 0.0013210301951758873, 0.001202887652769429, 0.0011509336680617435]
[0.0009292128650465256, 0.000983230304304929, 0.0012562533080872128, 0.001034680094501763, 0.0010275060831540618, 0.0011476155241024217, 0.0010671314474412327, 0.001235716503870612, 0.0010786752649214874, 0.0011275271329384106, 0.0011569680914940103, 0.0010503603270191832, 0.0012918703147068297, 0.0013570422941281916, 0.0012954269246315475, 0.0009475542273486628, 0.0008515835770040063, 0.0010773625903533729, 0.0012895707420397856, 1, 0.002166722360046955, 0.0010100422124435732, 0.0011903945164530706, 0.0009408910162980967, 0.0010437359553812932, 0.001285133659996748, 0.0009563201690115652, 0.0010859261863555554, 0.0009493993377662514, 0.0008817461206955814, 0.0009056998533720575, 0.0011188333616036488, 0.0013353231120670267, 0.0010998553067123593, 0.0013292341466831644, 0.0010503603270191832, 0.0011558590892946628, 0.0010672240249326207, 0.0009190875048349588, 0.0010691003192529033, 0.0012941297506915018, 0.0012029752674999382, 0.001103264125582346, 0.0011190071785774946, 0.0010302265599681096, 0.0008721181154073616, 0.0012052461618164787, 0.0009708556269462926, 0.002202334767166589, 0.0011572429885327018, 0.0008988093872190176, 0.0010134491679903096, 0.0010616995375438724, 0.0010596846088212401, 0.0010022026768069985, 0.0011259444597414114, 0.0009628671963893507, 0.0010691003192529033, 0.001070980476150586, 0.001118591188496767, 0.00143703840095738, 0.0010001671152132156, 0.000903708056713459, 0.001127431651966006, 0.0011049562424008815, 0.001135849726054491, 0.0012770348898952955, 0.00091971459031858, 0.0013058176961855325, 0.0011046071344033314, 0.0011796355045111501, 0.0014259992216457964, 0.0012448680066037244, 0.0009931733673590123, 0.0008946574905106623]
[0.0009485167975679543, 0.0009996228143559335, 0.0013572902711467773, 0.0010489607571079753, 0.0010547341580614364, 0.0011429820702016933, 0.001064709132639714, 0.00125725186915319, 0.0010586329702212283, 0.0010969208074248296, 0.0011296080261788634, 0.0010759613734059622, 0.0014167510676583554, 0.0014004698469806125, 0.0013719704444137822, 0.0009541749856417977, 0.0007310259226737135, 0.0010825259584159024, 0.0013413366862172228, 0.002166722360046955, 1, 0.0011222287986446273, 0.00121053185427878, 0.0009744442824988677, 0.0010539911000741384, 0.001180334704753352, 0.0009561041790578389, 0.001101193942387507, 0.0009652243775684579, 0.000883229450864452, 0.0008933717368605014, 0.001135575193457309, 0.0014176629948992642, 0.0010715638155830629, 0.001375405875854297, 0.0010759613734059622, 0.0011427470643089266, 0.0011420385323533445, 0.0009531153661050716, 0.0012290008454441442, 0.0013728903751304535, 0.0012920685871114278, 0.0011092782050476358, 0.0011227812741682077, 0.0010153607682474042, 0.0008799404755009342, 0.0012835306180902057, 0.000985336889003157, 0.001864433653433981, 0.0013007004915267736, 0.000912101664890906, 0.0009771048154596992, 0.001089793406367226, 0.001071547032184041, 0.0010305339159702837, 0.0011225424006883556, 0.0010294493002851405, 0.0012290008454441442, 0.0011372367735428429, 0.0010776248962416596, 0.0017992468447658853, 0.0011018660466125514, 0.0009003682997482286, 0.001162114225023248, 0.0010850859975034698, 0.0011692547177234065, 0.001297069102102488, 0.0009070167866012434, 0.001316439202280584, 0.0011437693226865222, 0.0012079933861319722, 0.0014031890432351464, 0.0012833898246544524, 0.001000300767861728, 0.0009028756375283158]
[0.0010886383773279994, 0.0010059022483809108, 0.0010461842556572848, 0.000982588439300763, 0.0010405528713568254, 0.0009421170768608683, 0.0010331775910192987, 0.0010461359676168511, 0.0010391714578084031, 0.001053458298631818, 0.001070145089842872, 0.0010393812598428903, 0.0013796322932174805, 0.001079983456488135, 0.0010070760347760512, 0.0009566558708681393, 0.0014262997323026465, 0.0010367742138990977, 0.001091966352574334, 0.0010100422124435732, 0.0011222287986446273, 1, 0.0011114149809391387, 0.0011783933343482262, 0.0008961556518460812, 0.001038686095834988, 0.0009574131921545383, 0.0009329613779005187, 0.0009377910523596983, 0.0008907284243505044, 0.000909383557127793, 0.0009385440342444854, 0.001060105995727481, 0.0009223002515215527, 0.0014692340374299602, 0.0010393812598428903, 0.0014380472623986328, 0.0009108161943413217, 0.0013176986970096286, 0.0009609830548373757, 0.000999988771100283, 0.0011756401160233892, 0.0010565705624899014, 0.0010241340636943715, 0.0009599925012831254, 0.001020722599248045, 0.0010676450765432105, 0.0010630178282556141, 0.00096445235552341, 0.001124023694147618, 0.000956626979055539, 0.0008635310613834328, 0.0011053286087104137, 0.0009402356912585033, 0.001078709097556828, 0.001035182879621251, 0.0012225730071465464, 0.0009609830548373757, 0.0009711373395085623, 0.0009420623133544666, 0.0011959872345085028, 0.0010975336214793532, 0.0008856454768002858, 0.0012561655310510717, 0.0009995058153067645, 0.0009481724573287194, 0.0010631618365276034, 0.0009639928227810698, 0.0011394127523244022, 0.0012672870040075768, 0.0011406536114314234, 0.0009417506186748442, 0.001010832646850625, 0.00095146069319749, 0.0009213016560592675]
[0.0011872166268219418, 0.0010920622924030523, 0.0012797194671087737, 0.001131034306094104, 0.001225389492221314, 0.0012030445998644438, 0.0011947551749181625, 0.0012680366487091408, 0.0011563777887546676, 0.001197872559203885, 0.0012195918864324991, 0.0011929232964293145, 0.0011819479044937501, 0.0012771010432715431, 0.001343537158065705, 0.0010419169010940823, 0.0015146161862341493, 0.0012081988443896144, 0.0013364273355091748, 0.0011903945164530706, 0.00121053185427878, 0.0011114149809391387, 1, 0.001016719980726009, 0.001074821735223543, 0.0014089732337310456, 0.0010459624194756518, 0.0011146997968154463, 0.001132519383589907, 0.0009526000439827611, 0.0009687782662548202, 0.001127763138106863, 0.0013086010874354267, 0.0011896184417311759, 0.0011119340330311572, 0.0011929232964293145, 0.0012439191983270688, 0.0010470088342125418, 0.0011610464778609361, 0.0011146012829207712, 0.0015125395274354623, 0.0012944608419998861, 0.0011960539249792222, 0.0013002448308076667, 0.0012075867298235049, 0.0009261747954681266, 0.001504263383738587, 0.0013444465828581034, 0.0012241063419999112, 0.001167679091161078, 0.0010057416433964044, 0.001023628707934259, 0.0015684697201931593, 0.0010878590106113385, 0.0009359300758323323, 0.0015795660989626164, 0.0011861337738538456, 0.0011146012829207712, 0.0010760236211715467, 0.0013272308960100604, 0.002313868525784928, 0.0010342687820637652, 0.0009722811758198977, 0.0015648702727880921, 0.0017407224065309481, 0.0010476140876742798, 0.0012537682950864814, 0.0010828602325288917, 0.0012799385168525206, 0.0013127984914832382, 0.001329773454767869, 0.001191447205536661, 0.0013367481283699688, 0.0009756384927131818, 0.0011570224081171915]
