[0.9999999999999998, 0.25484312067472825, 0.002917835921089549, 0.002083806113266277, 0.0, 0.04911543003558216, 0.0, 0.0, 0.0, 0.0038386587485962366, 0.004783604522872343, 0.0, 0.002737380207532147, 0.002815143522771624, 0.0014613330559212587, 0.0018923393300171979, 0.002916893456031475, 0.0, 0.0, 0.0801449978992922, 0.04793830800744542, 0.001821818458120508, 0.002536587808606877, 0.07178963853411428, 0.1330900645039337, 0.06105339570786788, 0.05664001197223282, 0.06436280404107406, 0.0, 0.06211677722272443, 0.10156776993279229, 0.15349106303004192, 0.0, 0.0034804188073275506, 0.0, 0.0, 0.0026187566902990374, 0.025097422764217992, 0.0024083420976641822, 0.04167366228020256, 0.002934266255189519, 0.003972586106217368, 0.0750542873960264, 0.0, 0.0, 0.0, 0.003839841612352392, 0.0025884237495611604, 0.0, 0.0034571476453550774, 0.0023255304941461365, 0.46309221792155536, 0.0, 0.11159686161847664, 0.003392484843987479, 0.003334555353352905, 0.0, 0.03256233309978807, 0.0, 0.0, 0.004373277480530802, 0.05821555448134969, 0.0, 0.0017368180620225327, 0.0038926219257419854, 0.0, 0.0012951351211667355, 0.0019369977546998811, 0.0, 0.0, 0.0, 0.0013279101490632267, 0.0022033781673675037, 0.0021594940674761554, 0.03803833227703653]
[0.25484312067472825, 1.0, 0.026999214178535246, 0.10664950709679005, 0.0016157289266003929, 0.14490349653660242, 0.0052421308579920995, 0.052425935371710815, 0.004093866851920162, 0.0024258180589541954, 0.003022971042352288, 0.006551991073685923, 0.07835710854761266, 0.049033980289847644, 0.0009234809211672849, 0.004244972599683236, 0.001843313846085965, 0.0040065368343899605, 0.10761441244472227, 0.09020047411869209, 0.030294334791467377, 0.001151287573416353, 0.0016029819052010856, 0.005920470916093042, 0.001799555361520585, 0.06814138335627039, 0.24312938570421358, 0.1211165521201804, 0.0, 0.05047295449141243, 0.0016720158385390596, 0.13577444048276346, 0.00426845365364083, 0.002199430412673821, 0.07385058873777786, 0.003066394674032978, 0.04995068132169504, 0.031917551370056904, 0.0015219377744348443, 0.026335428378217347, 0.0018542924854212741, 0.002510452673277275, 0.10803641125452038, 0.004384529278476896, 0.07627937241972176, 0.003737363492647942, 0.002426565562821793, 0.001635739326452914, 0.0038767928476126437, 0.002184724337280608, 0.04435762705534628, 0.14640728931865465, 0.001772476330626337, 0.19692516849000785, 0.0021438610562303055, 0.002107252851716488, 0.005855934430911007, 0.020577576921635428, 0.002409985796515309, 0.04277124806573546, 0.0027636672556446587, 0.03678898089717742, 0.002448930759705731, 0.003896100961899676, 0.0024599197747387958, 0.03977704139488807, 0.02255857631779116, 0.0012240744596593827, 0.10814744534897261, 0.0046675664992650795, 0.0, 0.07042345207154697, 0.0013924120113724895, 0.001364679709808483, 0.05738967350790029]
[0.002917835921089549, 0.026999214178535246, 1.0, 0.037266588905372065, 0.00872076779966892, 0.003191364034789877, 0.042552577129714185, 0.0, 0.0, 0.06935453259723624, 0.005978383749548774, 0.0, 0.003421083258617733, 0.13664888417553622, 0.020939932096493852, 0.0023649803500925275, 0.0036454327178018467, 0.0, 0.0, 0.0, 0.002802603666498866, 0.0022768457995594855, 0.056502793839169514, 0.003298442345870307, 0.02832445544968356, 0.0, 0.046291128566169314, 0.002506816669820277, 0.0, 0.05126610528422241, 0.003306664926016576, 0.017658670837173502, 0.0, 0.0043497072427001356, 0.0, 0.0, 0.003272831682980599, 0.07177100549328035, 0.022146025555137137, 0.034657338281593085, 0.0036671446422876655, 0.1350464680946533, 0.16048253587227487, 0.0, 0.0543277038363634, 0.0, 0.03530944817071938, 0.00323492262107628, 0.0, 0.004320623748045813, 0.0029063677084524763, 0.004000962994528605, 0.04639697698828597, 0.03719735036767686, 0.004239810411774397, 0.03066306408130145, 0.02473789040124049, 0.028044286294965623, 0.011884357121532593, 0.0, 0.005465571181075387, 0.02811381457231497, 0.0, 0.002170615239673608, 0.004864864466266451, 0.0, 0.4887403126523825, 0.019266560641080368, 0.0, 0.0, 0.021243113873967684, 0.02412961495657979, 0.020261269879174804, 0.06409932562573635, 0.12049061858539283]
[0.002083806113266277, 0.10664950709679005, 0.037266588905372065, 1.0, 0.2972440717613792, 0.002279149364529734, 0.0, 0.0, 0.0, 0.0034261349712876045, 0.004269531578084637, 0.0, 0.02931177943829196, 0.06762678192986799, 0.03577548631735104, 0.0016889779427477897, 0.002603427741755892, 0.0, 0.03905372470958719, 0.028495234720250926, 0.002001511672092951, 0.011466724768292639, 0.0022639918700738688, 0.0023556205730767554, 0.0025416248898451304, 0.0, 0.002883345400739488, 0.0017902719833055984, 0.0830387718168948, 0.016465926360503667, 0.06477359562386964, 0.0, 0.0, 0.0031063935013427952, 0.0, 0.0, 0.03713086421303711, 0.06330562435118452, 0.23516447995644443, 0.06354139026769377, 0.002618933562575806, 0.003545669744657522, 0.1594124367357973, 0.1620738212849151, 0.05360273434834181, 0.023359542693743976, 0.0034271907178768826, 0.0023102572303740033, 0.0, 0.11060886518182352, 0.0329732644965795, 0.00285733378175619, 0.03166623782346847, 0.0023169192980254816, 0.02135267090593691, 0.0029762053514120193, 0.0, 0.041445914527916974, 0.057809721265015435, 0.0, 0.003903300578794725, 0.0, 0.0, 0.0015501698616047685, 0.0034742989630590655, 0.035027902764732034, 0.031112381908906774, 0.00172883712289083, 0.0, 0.0, 0.0, 0.051315539390175594, 0.0019665908038712806, 0.013592092011218328, 0.07456354050852818]
[0.0, 0.0016157289266003929, 0.00872076779966892, 0.2972440717613792, 1.0, 0.0027964384250806565, 0.0035627867218925038, 0.00355953505795235, 0.0027823751173590024, 0.0, 0.0, 0.004453026342083274, 0.03171301579390826, 0.0163822142608112, 0.014171261708841273, 0.0020723182480794264, 0.0, 0.02219620046655807, 0.003218966863369152, 0.0, 0.0, 0.0017226369880616373, 0.01986520629462802, 0.0028902659860651774, 0.016571375305641855, 0.0033415232610161435, 0.0, 0.0021966025761080902, 0.0, 0.0028824011629952503, 0.025657892313914434, 0.011815942821439529, 0.002901032120749094, 0.0, 0.0026892885238299774, 0.0020840590448196416, 0.0, 0.02991072750551142, 0.1081466338715841, 0.020854640996853593, 0.0, 0.0, 0.012160024714103605, 0.17871709805173353, 0.0025378702518388005, 0.006629225244507754, 0.0, 0.0, 0.0026348419097444384, 0.007815581182690117, 0.0, 0.0, 0.010859657283121686, 0.0, 0.003207794853346898, 0.0, 0.00397995509839566, 0.0016007888822911695, 0.017348298494375705, 0.0029040160348672434, 0.0, 0.013091770510036816, 0.001664402936491298, 0.0019020054735587664, 0.0, 0.010085117196348277, 0.02031584171193947, 0.011272005133493836, 0.0016785905801172708, 0.0031722870713497484, 0.0, 0.02543485828551544, 0.0, 0.002041929227115137, 0.04365676324312911]
[0.04911543003558216, 0.14490349653660242, 0.003191364034789877, 0.002279149364529734, 0.0027964384250806565, 1.0000000000000002, 0.038229990951120604, 0.11986720479276285, 0.02985589199197289, 0.03860114842055575, 0.005232036291215588, 0.047782584266654195, 0.0029939917733967855, 0.0030790448929665197, 0.0015983235122334215, 0.11418839102560645, 0.14417234973269238, 0.0069343522732883, 0.034540679435672586, 0.0, 0.0024527237974850086, 0.001992602073042921, 0.0027743763948356753, 0.010246912147058314, 0.003114597800513781, 0.07977605399235088, 0.0035333543038335385, 0.007787654744546404, 0.0, 0.0, 0.0028938575408636513, 0.0, 0.10704364204491017, 0.003806685402503322, 0.09056168656425412, 0.09258280471827114, 0.07790978752045032, 0.006750736658808547, 0.00263410848375802, 0.04558029669788834, 0.0032093346057007473, 0.004344990180172293, 0.001966029604108294, 0.0075885663420175945, 0.06469326781322518, 0.0064684779156146165, 0.004199801754574022, 0.0028310716176462914, 0.006709796616659285, 0.0037812327206612987, 0.023385289925521715, 0.003501478738089406, 0.0030677305065884616, 0.0028392355529843, 0.003710508202815121, 0.003647148199729053, 0.010135215002808742, 0.035614839749010814, 0.004171106164110179, 0.0740267501624429, 0.0047832437611196816, 0.0636728835553424, 0.01785964588059356, 0.0067432143217081835, 0.004257529878585048, 0.010067580839847289, 0.0014165456035448876, 0.0576269968322351, 0.08130381657930714, 0.174385727256275, 0.0, 0.0014523930768425087, 0.002409930519928668, 0.002361932571490197, 0.0]
[0.0, 0.0052421308579920995, 0.042552577129714185, 0.0, 0.0035627867218925038, 0.038229990951120604, 0.9999999999999999, 0.37474246024430763, 0.38568675973449457, 0.043830491446236595, 0.0, 0.20933804690955846, 0.0, 0.0, 0.0, 0.04792417160144392, 0.03330561064354164, 0.008834672697463053, 0.04400635928717449, 0.0, 0.0, 0.0, 0.09508490178652743, 0.009377286167201524, 0.0, 0.025215234884403408, 0.09173074343858693, 0.025360273796871814, 0.017272531784999042, 0.0, 0.024051296267886945, 0.0, 0.13637835295072528, 0.0, 0.03676514920152664, 0.11795460410193342, 0.0, 0.10978231131089158, 0.0, 0.0, 0.0, 0.0, 0.01633997521029767, 0.034403877376023344, 0.008233960376470196, 0.09292567506788597, 0.0, 0.0, 0.03041984607019031, 0.0, 0.026553322685667017, 0.0, 0.04407078944537047, 0.0, 0.0, 0.0303120110945043, 0.04594948221056952, 0.029663156414583742, 0.0053141744598460446, 0.009421897335533991, 0.0, 0.0, 0.022753981861497855, 0.006170937105143651, 0.0, 0.045642852823135426, 0.03677547456445399, 0.0, 0.005446081538245493, 0.043368201832858104, 0.013095504930081988, 0.10640249484755314, 0.0, 0.0, 0.0]
[0.0, 0.052425935371710815, 0.0, 0.0, 0.00355953505795235, 0.11986720479276285, 0.37474246024430763, 0.9999999999999998, 0.41206921741896224, 0.15179525612300968, 0.3778222052799692, 0.2519339134952966, 0.0, 0.0, 0.0, 0.1317559680426388, 0.1625628084766431, 0.12569163925140356, 0.1266694296928102, 0.0, 0.0, 0.0, 0.04784810788650222, 0.009368727758947945, 0.0, 0.010831467374832206, 0.06093777262730701, 0.0071202344799335526, 0.0, 0.0, 0.0, 0.0383010947930333, 0.08146812503400566, 0.0, 0.03673159459406771, 0.19873816607551412, 0.0, 0.023791690110401758, 0.0, 0.026737138222354198, 0.0, 0.0, 0.0, 0.009659346578757501, 0.08234687119493206, 0.008233606613940259, 0.0, 0.0, 0.008540776751785594, 0.0, 0.026529088150004897, 0.0, 0.021280768580410125, 0.0, 0.0, 0.09382127969969932, 0.03624048332285472, 0.0, 0.057148157199661716, 0.09422728927846687, 0.0, 0.03939852152090059, 0.07134336513786245, 0.006165305049332268, 0.0, 0.012814838555643216, 0.0, 0.0, 0.07867758225468277, 0.09797103933924406, 0.0, 0.0, 0.0, 0.0, 0.0]
[0.0, 0.004093866851920162, 0.0, 0.0, 0.0027823751173590024, 0.02985589199197289, 0.38568675973449457, 0.41206921741896224, 1.0, 0.11865351420720648, 0.1757391722106481, 0.3128699624964599, 0.0, 0.0, 0.0, 0.0556800514330258, 0.05414643279538634, 0.09824914878471491, 0.09901345641193812, 0.0, 0.0, 0.0, 0.03740134108208437, 0.007323235920817913, 0.0, 0.008466612863073084, 0.04763311486052211, 0.005565660380972693, 0.0, 0.0, 0.0, 0.07496495399489525, 0.1392137799049308, 0.0, 0.028711916909239375, 0.2096089086214266, 0.0, 0.018597205951155504, 0.0, 0.020899568872925114, 0.0, 0.0, 0.0, 0.00755040339064458, 0.006430350244664989, 0.006435947896500969, 0.0, 0.0, 0.0066760530041686675, 0.0, 0.020736942761636727, 0.0, 0.06852929939857837, 0.0, 0.0, 0.07333710438727674, 0.028328030879566823, 0.0, 0.11523078206295206, 0.007358075223423893, 0.0, 0.03079656869668466, 0.01776982960086935, 0.004819222477347364, 0.0, 0.010016950907826052, 0.0, 0.09137933440535163, 0.09549016899853724, 0.0765808392504282, 0.0, 0.0, 0.0, 0.04788737993629615, 0.0]
[0.0038386587485962366, 0.0024258180589541954, 0.06935453259723624, 0.0034261349712876045, 0.0, 0.03860114842055575, 0.043830491446236595, 0.15179525612300968, 0.11865351420720648, 1.0000000000000002, 0.1668157343556096, 0.1898979116974574, 0.00450072297946943, 0.12590097441454395, 0.002402682406830347, 0.07930241933380858, 0.08660299488368307, 0.08262296181080275, 0.13727183228185036, 0.0, 0.003687061018577264, 0.0029953822915511972, 0.004170585806175376, 0.004339378536058115, 0.004682024184947404, 0.0, 0.005311520576367088, 0.003297928328039514, 0.0, 0.3533338391350097, 0.004350196032335535, 0.0, 0.08510695234879657, 0.00572240599285941, 0.03308444957310822, 0.1124513702636227, 0.004305685553375862, 0.017949527072587727, 0.003959727841808581, 0.0351384745497776, 0.00482443744068683, 0.006531613521196807, 0.0029554371846147046, 0.0, 0.0, 0.0, 0.006313358785412494, 0.0042558129916329965, 0.0, 0.005684144207682373, 0.03515397493224906, 0.005263603580568051, 0.020520656251694424, 0.004268085440644101, 0.00557782746175456, 0.11628392300394158, 0.027563618368971757, 0.0027835084836547314, 0.027901354307101525, 0.0, 0.007190418926118431, 0.11854293407560643, 0.020475993755871533, 0.0028556270485895134, 0.006400138681271497, 0.0, 0.0021294244713664224, 0.0031847568276304433, 0.02859391458299134, 0.03902644536407849, 0.0, 0.0021833122436242178, 0.0036227319548249866, 0.0035505789611448044, 0.0]
[0.004783604522872343, 0.003022971042352288, 0.005978383749548774, 0.004269531578084637, 0.0, 0.005232036291215588, 0.0, 0.3778222052799692, 0.1757391722106481, 0.1668157343556096, 1.0, 0.6503142562215242, 0.0056086461993160135, 0.0057679762482671995, 0.0029941401882994986, 0.1273168985274512, 0.19624906710234194, 0.17199031922030222, 0.12171438819652376, 0.0, 0.004594688645095728, 0.0037327424019746257, 0.07561532348711193, 0.005407584302494648, 0.005834577526721399, 0.0, 0.09630118291673859, 0.004109764868233671, 0.0, 0.0, 0.005421064694347075, 0.05636773922020486, 0.061582474185779376, 0.007131065557511303, 0.0, 0.22120972863809446, 0.005365597266161496, 0.022368083362255035, 0.004934476663325674, 0.04378835858869177, 0.006012048028500497, 0.008139472151067632, 0.0036829641834033866, 0.0, 0.0, 0.0, 0.007867490605008621, 0.005303447794810951, 0.0, 0.007083385036628072, 0.004764803125081792, 0.006559321769308125, 0.025572136125361827, 0.005318741298724969, 0.006950896764034596, 0.14490902589932278, 0.03434883331183271, 0.00346871254881241, 0.0762912346860808, 0.0, 0.008960452790679916, 0.057982822651735336, 0.07153958098646454, 0.0035585842243113694, 0.007975632726909227, 0.0, 0.002653615546333341, 0.003968734436337359, 0.0356327530223526, 0.08041727307936986, 0.0, 0.002720768634946434, 0.004514523978093206, 0.004424609398675715, 0.0]
[0.0, 0.006551991073685923, 0.0, 0.0, 0.004453026342083274, 0.047782584266654195, 0.20933804690955846, 0.2519339134952966, 0.3128699624964599, 0.1898979116974574, 0.6503142562215242, 1.0, 0.0, 0.0, 0.0, 0.08911261972295155, 0.08665815405816349, 0.1572419350992723, 0.15846516412265096, 0.0, 0.0, 0.0, 0.059858627986096126, 0.011720404722295748, 0.0, 0.013550311700340344, 0.07623397503307065, 0.00890750931926294, 0.0, 0.0, 0.0, 0.14057172134584478, 0.34368907222339046, 0.0, 0.04595172000025199, 0.34616428266933524, 0.0, 0.02976372505381274, 0.0, 0.03344852034820404, 0.0, 0.0, 0.0, 0.012083972783586755, 0.010291394158058161, 0.010300352867803626, 0.0, 0.0, 0.010684626851078705, 0.0, 0.033188246903060124, 0.0, 0.026622528371123277, 0.0, 0.0, 0.11737168566926826, 0.04533733317950144, 0.0, 0.07149311504688549, 0.011776162959665082, 0.0, 0.04928808153743255, 0.028439558280017666, 0.007712879728581431, 0.0, 0.016031535784521978, 0.0, 0.08839116428561133, 0.03709639169869655, 0.12256309091949127, 0.0, 0.0, 0.0, 0.0, 0.0]
[0.002737380207532147, 0.07835710854761266, 0.003421083258617733, 0.02931177943829196, 0.03171301579390826, 0.0029939917733967855, 0.0, 0.0, 0.0, 0.00450072297946943, 0.0056086461993160135, 0.0, 1.0, 0.1495091863777285, 0.008567766883566206, 0.0022187163968864746, 0.0034199782439701624, 0.0, 0.0, 0.0, 0.0026292745766754075, 0.0755273264643034, 0.0029740802158602603, 0.0030944477473907202, 0.0033387912743607973, 0.0, 0.0037876905059518588, 0.0023517807448594622, 0.0, 0.014298338899317321, 0.015512439512151152, 0.0, 0.0, 0.004080696391687597, 0.0, 0.0, 0.0030704209948275102, 0.08194431520266654, 0.01412006221652005, 0.02181950256638807, 0.003440347378480207, 0.004657749163744204, 0.010538844736540313, 0.10703341476901071, 0.0, 0.020284474171425038, 0.004502109855052171, 0.003034856446803081, 0.0, 0.042823111613655304, 0.002726621254959937, 0.0037535204886371765, 0.10144604486011649, 0.00304360803458963, 0.019890071727004282, 0.00390967545907447, 0.0, 0.009925761198644566, 0.019827306477750727, 0.0, 0.005127548902183351, 0.0, 0.0, 0.0020363719400066384, 0.004563993336990494, 0.03041680217056145, 0.03640363621709712, 0.0022710771852138454, 0.0, 0.0, 0.0, 0.00155693853347738, 0.08101072717296014, 0.012661071123800568, 0.00875584649396359]
[0.002815143522771624, 0.049033980289847644, 0.13664888417553622, 0.06762678192986799, 0.0163822142608112, 0.0030790448929665197, 0.0, 0.0, 0.0, 0.12590097441454395, 0.0057679762482671995, 0.0, 0.1495091863777285, 1.0, 0.03766751243848664, 0.0022817455450199102, 0.0035171327589207067, 0.0, 0.0, 0.0, 0.0027039668343291157, 0.0021967128647131864, 0.003058567689225145, 0.003182354613601817, 0.04995646271896554, 0.0, 0.0038952909664335435, 0.002418589976157848, 0.0, 0.09630485989035523, 0.0031902878023983266, 0.03317232333908687, 0.0, 0.0041966205439227305, 0.0, 0.0, 0.0031576453106465898, 0.030261978745226032, 0.0029039315333467238, 0.0026125206869228273, 0.0035380805384518928, 0.004790066192825519, 0.11304857748228858, 0.0, 0.03786095369489656, 0.0, 0.004630005492982865, 0.0031210704473025115, 0.0, 0.004168560634520729, 0.0028040789305888774, 0.003860150249535052, 0.0, 0.06691194848181083, 0.004090591500439642, 0.0040207412600076, 0.04647084181383343, 0.002041331723276008, 0.0, 0.0, 0.005273211971050862, 0.05281261290202743, 0.0, 0.0020942210589123106, 0.0046936469567685195, 0.0, 0.07570152511703512, 0.03398085516943533, 0.0, 0.0, 0.0, 0.04381178482538719, 0.0026567900574889203, 0.002603875472965973, 0.030497053137464914]
[0.0014613330559212587, 0.0009234809211672849, 0.020939932096493852, 0.03577548631735104, 0.014171261708841273, 0.0015983235122334215, 0.0, 0.0, 0.0, 0.002402682406830347, 0.0029941401882994986, 0.0, 0.008567766883566206, 0.03766751243848664, 1.0000000000000002, 0.001184447671376918, 0.0018257336867905463, 0.0, 0.0, 0.0, 0.0014036215507867203, 0.0036507480154059115, 0.0015876938535755055, 0.001651951296586567, 0.0017823925381719552, 0.0, 0.0020220345448236626, 0.001255483229288269, 0.0, 0.004200592965299671, 0.03904793675014344, 0.056296644161858485, 0.0, 0.00217845387788779, 0.0, 0.0, 0.0016391247671733535, 0.020627354231249707, 0.0048260846706628556, 0.007020016598922977, 0.0018366076200125845, 0.0024865098390206247, 0.0036020632380788556, 0.12006361446984784, 0.0, 0.005959211074047148, 0.0024034227815608773, 0.001620138858857076, 0.0, 0.013553723642851538, 0.001455589457352964, 0.002003793097878898, 0.0015158276425591, 0.14199083669137752, 0.006798211565085968, 0.0020871554380896317, 0.024122882804988584, 0.0033925179103951927, 0.005824903486883841, 0.0, 0.002737309448645633, 0.0, 0.0, 0.07626489126192999, 0.0024364588857612164, 0.008935905500930078, 0.01732931834254708, 0.0012124001460117315, 0.0, 0.0, 0.0, 0.03764871109085755, 0.0013791322191023018, 0.004327417282429316, 0.2293529357479996]
[0.0018923393300171979, 0.004244972599683236, 0.0023649803500925275, 0.0016889779427477897, 0.0020723182480794264, 0.11418839102560645, 0.04792417160144392, 0.1317559680426388, 0.0556800514330258, 0.07930241933380858, 0.1273168985274512, 0.08911261972295155, 0.0022187163968864746, 0.0022817455450199102, 0.001184447671376918, 1.0000000000000002, 0.3044031833897048, 0.08418653510705681, 0.13674414011848227, 0.0, 0.0018176063658116302, 0.0014766302737413712, 0.002055969042083576, 0.007593538566186455, 0.0023080922503225117, 0.006305949268344645, 0.002618414385631619, 0.005771090431358367, 0.0, 0.0, 0.0021445112953277453, 0.0, 0.03902270105638818, 0.002820968111993269, 0.15702601925403886, 0.20165446808718293, 0.0021225690140650273, 0.013851234154383876, 0.0019520226261213428, 0.017322174681890838, 0.0023782975544668476, 0.0032198822464103607, 0.0014569385788426492, 0.005623554720991515, 0.0047893370201678226, 0.004793506161838809, 0.0031122894522766795, 0.002097983392821865, 0.004972336899999355, 0.002802106242348396, 0.09918507998958812, 0.002594792797554808, 0.0022733609479743326, 0.0021040333283489127, 0.002749695394462473, 0.026659303715819673, 0.02109877095925355, 0.0013721830785251752, 0.003091024404841953, 0.0054803083384083445, 0.003544652813478089, 0.02293734259273736, 0.05068865197981708, 0.004997101300087931, 0.003155069240933028, 0.09628972242838324, 0.0010497400111279356, 0.0015699860279765109, 0.003167749021541101, 0.0426714372326086, 0.0, 0.0010763050062288229, 0.0017858941388661808, 0.0017503249578939408, 0.0]
[0.002916893456031475, 0.001843313846085965, 0.0036454327178018467, 0.002603427741755892, 0.0, 0.14417234973269238, 0.03330561064354164, 0.1625628084766431, 0.05414643279538634, 0.08660299488368307, 0.19624906710234194, 0.08665815405816349, 0.0034199782439701624, 0.0035171327589207067, 0.0018257336867905463, 0.3044031833897048, 1.0, 0.02753605859475476, 0.06264272989309677, 0.0, 0.0028016984216191884, 0.0022761103752015907, 0.003169115892445348, 0.003297376944408015, 0.0035577441498409854, 0.0, 0.004036081513223177, 0.002506006964551647, 0.08545273375530028, 0.0, 0.003305596868649468, 0.0, 0.027119402260136878, 0.004348302281214992, 0.025139982680537378, 0.11309407415178588, 0.0032717745537980177, 0.013639362466392038, 0.003008890601088428, 0.026700780971128622, 0.0036659601494711644, 0.004963197300169706, 0.0022457571636622375, 0.0, 0.0, 0.0, 0.004797351401315074, 0.0032338777365733848, 0.0, 0.004319228180569867, 0.026712559294537426, 0.003999670677920349, 0.0, 0.0032432032402335007, 0.004238440947118391, 0.04109323698848624, 0.020944851655387262, 0.0021151131716904232, 0.0, 0.0, 0.005463805793987185, 0.03535612426704653, 0.05918177091031136, 0.0021699141279342086, 0.1799241319408887, 0.0, 0.0016180923370470008, 0.002420010987682591, 0.0, 0.029655145338532436, 0.0, 0.0016590402046625734, 0.002752816497650232, 0.002697989379929552, 0.0]
[0.0, 0.0040065368343899605, 0.0, 0.0, 0.02219620046655807, 0.0069343522732883, 0.008834672697463053, 0.12569163925140356, 0.09824914878471491, 0.08262296181080275, 0.17199031922030222, 0.1572419350992723, 0.0, 0.0, 0.0, 0.08418653510705681, 0.02753605859475476, 1.0, 0.16628726378860784, 0.0, 0.0, 0.0, 0.08586342077700217, 0.007167017278523072, 0.0, 0.008286003801640907, 0.046617009328453723, 0.00544693418976559, 0.0, 0.0, 0.0, 0.029300094445144285, 0.03920444111969472, 0.0, 0.08606798927986296, 0.07359073400748668, 0.0, 0.018200491944454132, 0.0, 0.06252982963414234, 0.0, 0.0, 0.0, 0.007389338831313391, 0.006293178563243906, 0.006298656806449696, 0.0, 0.0, 0.006533640012497201, 0.0, 0.0, 0.0, 0.03764199149549633, 0.0, 0.0, 0.07177268354912685, 0.027723739747785553, 0.0, 0.07276374348254337, 0.0072011133921057215, 0.0, 0.06260339420069924, 0.004127234192897799, 0.004716419235656374, 0.0, 0.009803270167826093, 0.0, 0.0, 0.02268441121061734, 0.049667450787127754, 0.0, 0.02578769401014963, 0.0, 0.0, 0.0]
[0.0, 0.10761441244472227, 0.0, 0.03905372470958719, 0.003218966863369152, 0.034540679435672586, 0.04400635928717449, 0.1266694296928102, 0.09901345641193812, 0.13727183228185036, 0.12171438819652376, 0.15846516412265096, 0.0, 0.0, 0.0, 0.13674414011848227, 0.06264272989309677, 0.16628726378860784, 1.0, 0.04019518218095117, 0.0, 0.0, 0.0, 0.1327688264522651, 0.0, 0.009795137284391839, 0.10656453325701809, 0.006438986687072942, 0.0, 0.10055570914735415, 0.0, 0.0, 0.07367344067012406, 0.0, 0.12707757288627844, 0.09221724495237098, 0.04907951954513704, 0.021515355472573074, 0.061785713064538825, 0.024178989828123523, 0.0, 0.0, 0.0, 0.008735162332325823, 0.007439357917016469, 0.0074458339150443, 0.09851065274496673, 0.0, 0.007723614714795563, 0.0, 0.12723604791938295, 0.0, 0.01924467318683299, 0.0, 0.0, 0.08484467367655404, 0.03277307654777237, 0.0, 0.02616643632271101, 0.07654437679976854, 0.0, 0.15765678313061668, 0.020558152743692146, 0.005575422726073556, 0.0, 0.011588744034950063, 0.0, 0.0, 0.07737840800387347, 0.1499008150124144, 0.0, 0.07071350434304437, 0.0, 0.0, 0.0]
[0.0801449978992922, 0.09020047411869209, 0.0, 0.028495234720250926, 0.0, 0.0, 0.0, 0.0, 0.0, 0.0, 0.0, 0.0, 0.0, 0.0, 0.0, 0.0, 0.0, 0.0, 0.04019518218095117, 1.0000000000000002, 0.18359295927989908, 0.0, 0.0, 0.0, 0.0, 0.0, 0.0, 0.0, 0.0, 0.0, 0.0, 0.0, 0.12594253073156128, 0.0, 0.0, 0.0, 0.03581047492385536, 0.0, 0.0, 0.0, 0.0, 0.0, 0.061704757433583904, 0.0, 0.0, 0.0, 0.0, 0.0, 0.0, 0.0, 0.03180072121773619, 0.0, 0.0, 0.0, 0.0, 0.0, 0.0, 0.0, 0.0, 0.0, 0.0, 0.15178674925383748, 0.0, 0.0, 0.0, 0.0, 0.0, 0.0, 0.0, 0.0, 0.0, 0.0515955371512074, 0.0, 0.0, 0.06407998227096176]
[0.04793830800744542, 0.030294334791467377, 0.002802603666498866, 0.002001511672092951, 0.0, 0.0024527237974850086, 0.0, 0.0, 0.0, 0.003687061018577264, 0.004594688645095728, 0.0, 0.0026292745766754075, 0.0027039668343291157, 0.0014036215507867203, 0.0018176063658116302, 0.0028016984216191884, 0.0, 0.0, 0.18359295927989908, 1.0000000000000002, 0.001749870530251501, 0.002436411945378809, 0.060772640137236565, 0.0027351888158894896, 0.13475241488168332, 0.0031029339238685194, 0.001926614712384305, 0.0, 0.0, 0.002541338332429962, 0.0, 0.0518488445226819, 0.0033429688214700825, 0.0, 0.0, 0.0025153357832266095, 0.0, 0.002313230961450645, 0.0020810971853235582, 0.002818385127772117, 0.0038156992674933748, 0.03690837538099151, 0.0, 0.0, 0.0, 0.003688197168240789, 0.0024862007621950215, 0.09522956819085843, 0.003320616692826952, 0.002233689784384849, 0.0030749413236974416, 0.0, 0.0024933701966004793, 0.0032585075787095108, 0.00320286586092908, 0.18585604628525382, 0.0016260961013193614, 0.0, 0.1128266564811875, 0.004200566389961991, 0.06248856138550901, 0.0, 0.0016682270012112913, 0.0037388930619870683, 0.0, 0.0012439871662961637, 0.0018605011234815597, 0.0, 0.0, 0.0, 0.030577108723390763, 0.0021163615424413026, 0.002074210529641868, 0.036536108400268386]
[0.001821818458120508, 0.001151287573416353, 0.0022768457995594855, 0.011466724768292639, 0.0017226369880616373, 0.001992602073042921, 0.0, 0.0, 0.0, 0.0029953822915511972, 0.0037327424019746257, 0.0, 0.0755273264643034, 0.0021967128647131864, 0.0036507480154059115, 0.0014766302737413712, 0.0022761103752015907, 0.0, 0.0, 0.0, 0.001749870530251501, 1.0, 0.14928499459327838, 0.10492357832356074, 0.002222077720407701, 0.06149895122923488, 0.002520835234507651, 0.0015651890660450206, 0.0, 0.005236806057473083, 0.006609891297546347, 0.0, 0.0, 0.002715840491542281, 0.0, 0.0, 0.0020434682866434803, 0.006131741538453904, 0.006016595667798113, 0.05242062700323701, 0.002289666718278899, 0.0030998884906290086, 0.004490629475504715, 0.07681771180332227, 0.0, 0.06237551423503966, 0.0029963053038272428, 0.09101828059200437, 0.0, 0.016897191101479993, 0.001814658013863564, 0.0024980939404459436, 0.15540579370448127, 0.0020256233611399602, 0.008475211904156963, 0.1172549490215816, 0.17976571847310463, 0.09408638080828403, 0.007261805682268294, 0.14108435152388693, 0.06563717962297896, 0.0, 0.0, 0.0013552739139760853, 0.0030374908393030185, 0.011140237686166591, 0.0010106198704241485, 0.0015114781368164626, 0.0, 0.0, 0.0, 0.06224169791751266, 0.05391535953367564, 0.005394915723814447, 0.003206852927516092]
[0.002536587808606877, 0.0016029819052010856, 0.056502793839169514, 0.0022639918700738688, 0.01986520629462802, 0.0027743763948356753, 0.09508490178652743, 0.04784810788650222, 0.03740134108208437, 0.004170585806175376, 0.07561532348711193, 0.059858627986096126, 0.0029740802158602603, 0.003058567689225145, 0.0015876938535755055, 0.002055969042083576, 0.003169115892445348, 0.08586342077700217, 0.0, 0.0, 0.002436411945378809, 0.14928499459327838, 1.0000000000000002, 0.0028674637190713058, 0.0030938841519797026, 0.056124592042957576, 0.12258615319374717, 0.01639563193088508, 0.013467082225095845, 0.0, 0.021626974839616807, 0.02988995420107371, 0.0, 0.0037813690218476068, 0.0, 0.02801441210575819, 0.002845199377616453, 0.07888945181948749, 0.03500742166226094, 0.13125136625623313, 0.0031879909095613047, 0.004316093800851256, 0.01469293915874735, 0.019285985572387213, 0.0, 0.0, 0.055815556506814815, 0.1568005805431189, 0.017052633516034886, 0.003756085613195796, 0.0025266180470615305, 0.003478192135909706, 0.058379589173400755, 0.0028203532024797576, 0.003685831449115735, 0.27048106841373126, 0.05360002523373728, 0.23187798887757052, 0.07176406297096384, 0.052534139387880006, 0.09138916607242711, 0.033117325199471, 0.0, 0.0018869999215296485, 0.004229215154445128, 0.025586284691360293, 0.12656955901300668, 0.0021044890602216464, 0.0, 0.04264262932255432, 0.010210329549124169, 0.1862879907817231, 0.032028086317664635, 0.0023462245268948494, 0.0]
[0.07178963853411428, 0.005920470916093042, 0.003298442345870307, 0.0023556205730767554, 0.0028902659860651774, 0.010246912147058314, 0.009377286167201524, 0.009368727758947945, 0.007323235920817913, 0.004339378536058115, 0.005407584302494648, 0.011720404722295748, 0.0030944477473907202, 0.003182354613601817, 0.001651951296586567, 0.007593538566186455, 0.003297376944408015, 0.007167017278523072, 0.1327688264522651, 0.0, 0.060772640137236565, 0.10492357832356074, 0.0028674637190713058, 1.0000000000000002, 0.15045051073689655, 0.04985950417436649, 0.0036519072508426616, 0.008048950199478242, 0.0, 0.0, 0.002990953758846019, 0.0, 0.007635542203339494, 0.003934409297136177, 0.007078231183237676, 0.005485261840831598, 0.0029603508197226075, 0.006977240897151121, 0.10456238068002983, 0.06662250583673023, 0.0033170158747519098, 0.004490775557547624, 0.002031994855094117, 0.007843181879000214, 0.006679696951963175, 0.07538478692269004, 0.16671343361527524, 0.0029260612095764593, 0.06941874972549801, 0.0039081026136339216, 0.10096697020235067, 0.09843860139274807, 0.035751874489229576, 0.002934499065532183, 0.0038350051098668685, 0.0037695192189013396, 0.11561165968561775, 0.0019137862064338255, 0.00431105729426055, 0.33110880604481807, 0.004943733651286794, 0.0, 0.004380723251578449, 0.006969466166671842, 0.0044003807422921, 0.010405373564602215, 0.0014640742806693015, 0.002189662335629911, 0.0044180652551010025, 0.008349487632747996, 0.0, 0.03598683304140081, 0.002490789766032234, 0.002441181365386465, 0.05528923635069011]
[0.1330900645039337, 0.001799555361520585, 0.02832445544968356, 0.0025416248898451304, 0.016571375305641855, 0.003114597800513781, 0.0, 0.0, 0.0, 0.004682024184947404, 0.005834577526721399, 0.0, 0.0033387912743607973, 0.04995646271896554, 0.0017823925381719552, 0.0023080922503225117, 0.0035577441498409854, 0.0, 0.0, 0.0, 0.0027351888158894896, 0.002222077720407701, 0.0030938841519797026, 0.15045051073689655, 1.0, 0.0, 0.003940268848995647, 0.002446516787492589, 0.0, 0.0, 0.003227125202056551, 0.03355535528106877, 0.0, 0.004245077798492109, 0.0, 0.0, 0.0031941057961864094, 0.0, 0.002937462453783933, 0.002642686764286509, 0.003578933807777612, 0.004845375805519965, 0.031898165839145017, 0.0, 0.0, 0.0, 0.004683466927602202, 0.003157108612681298, 0.0, 0.004216693888823975, 0.002836456879738687, 0.18249429968660721, 0.0, 0.003166212737920782, 0.00413782446601314, 0.004067167683544017, 0.0, 0.0020649024345042555, 0.0, 0.0, 0.005334100338775588, 0.0, 0.0, 0.0021184024691480357, 0.004747843242342225, 0.0, 0.022982973647073156, 0.034373223012130805, 0.0, 0.0, 0.0, 0.04431766778244819, 0.0026874673014297785, 0.0026339417263572147, 0.03084919445022621]
[0.06105339570786788, 0.06814138335627039, 0.0, 0.0, 0.0033415232610161435, 0.07977605399235088, 0.025215234884403408, 0.010831467374832206, 0.008466612863073084, 0.0, 0.0, 0.013550311700340344, 0.0, 0.0, 0.0, 0.006305949268344645, 0.0, 0.008286003801640907, 0.009795137284391839, 0.0, 0.13475241488168332, 0.06149895122923488, 0.056124592042957576, 0.04985950417436649, 0.0, 1.0000000000000002, 0.0, 0.015546215428474995, 0.008394997872832969, 0.042070100470182024, 0.07868698681031665, 0.0, 0.008827679530514328, 0.0, 0.04639247495782311, 0.006341675860378645, 0.0, 0.04083417786450032, 0.0, 0.06512405778231674, 0.0, 0.0, 0.06970774890800921, 0.02109007550732633, 0.06422087123573256, 0.007729320704700318, 0.0, 0.045835445598889225, 0.1632252427823941, 0.0, 0.0, 0.0, 0.003665695891730039, 0.0, 0.0, 0.07378043772684427, 0.528889219926717, 0.09310814230018319, 0.06432711740076998, 0.07348619958273495, 0.0, 0.039427902339108506, 0.005064685643397236, 0.041498083466547944, 0.0, 0.02797973036261806, 0.0, 0.0, 0.028957090606858082, 0.009653093271314191, 0.006364830437144744, 0.026528129306580637, 0.08742171849113066, 0.0, 0.0]
[0.05664001197223282, 0.24312938570421358, 0.046291128566169314, 0.002883345400739488, 0.0, 0.0035333543038335385, 0.09173074343858693, 0.06093777262730701, 0.04763311486052211, 0.005311520576367088, 0.09630118291673859, 0.07623397503307065, 0.0037876905059518588, 0.0038952909664335435, 0.0020220345448236626, 0.002618414385631619, 0.004036081513223177, 0.046617009328453723, 0.10656453325701809, 0.0, 0.0031029339238685194, 0.002520835234507651, 0.12258615319374717, 0.0036519072508426616, 0.003940268848995647, 0.0, 1.0, 0.09034997293861119, 0.0, 0.11051452739483414, 0.0036610109722081084, 0.16438261755865102, 0.0, 0.00481582691252656, 0.0, 0.03567823160819169, 0.00362355211963265, 0.12959862171367892, 0.00333240317633139, 0.0029979950062044456, 0.004060120112702953, 0.005496834760912212, 0.0024872184793790293, 0.0, 0.0, 0.0, 0.005313157295229414, 0.0035815806787146804, 0.0, 0.004783626796874716, 0.0032178174408296592, 0.043693775947768645, 0.06742386791928157, 0.13792281017872157, 0.004694153409818589, 0.004613996849510507, 0.0, 0.002342527790505862, 0.028040758141364027, 0.0, 0.00605126812392394, 0.0, 0.0, 0.0024032208846937087, 0.005386188981283414, 0.0743585114012382, 0.038309279116203104, 0.0026802078810020933, 0.08714229359535115, 0.05430824675559198, 0.0, 0.0018374183646554453, 0.003048796269731007, 0.002988074201213329, 0.07302590305615199]
[0.06436280404107406, 0.1211165521201804, 0.002506816669820277, 0.0017902719833055984, 0.0021966025761080902, 0.007787654744546404, 0.025360273796871814, 0.0071202344799335526, 0.005565660380972693, 0.003297928328039514, 0.004109764868233671, 0.00890750931926294, 0.0023517807448594622, 0.002418589976157848, 0.001255483229288269, 0.005771090431358367, 0.002506006964551647, 0.00544693418976559, 0.006438986687072942, 0.0, 0.001926614712384305, 0.0015651890660450206, 0.01639563193088508, 0.008048950199478242, 0.002446516787492589, 0.015546215428474995, 0.09034997293861119, 1.0000000000000002, 0.010649216688077268, 0.0, 0.01710172534221943, 0.10419911907814339, 0.005803013201795797, 0.0029901516466720288, 0.005379456744240933, 0.004168799808837518, 0.0022498670600345693, 0.05743045251058357, 0.0020690923959837083, 0.0018614580356281234, 0.0025209325545123605, 0.0034129900867227326, 0.011618574110630909, 0.021211386358860426, 0.0050765706696355205, 0.005080989849625436, 0.0032989445683841555, 0.00222380695126122, 0.018755069404518702, 0.002970158563326581, 0.0019979460005839053, 0.04859222687195576, 0.002409702524876167, 0.12983743005005602, 0.002914604449672019, 0.10852457310216002, 0.02832972020872351, 0.019743017328159453, 0.0032764041800922147, 0.0058089820061040295, 0.003757238304836052, 0.0, 0.04296977835180009, 0.0713943448429625, 0.0033442900137832803, 0.07430994330644564, 0.0011126966694543054, 0.0016641436983450887, 0.02296095329908153, 0.006345611833548143, 0.00807391014682304, 0.008583154885256976, 0.001893000589907192, 0.0018552981980925719, 0.04534185473009575]
[0.0, 0.0, 0.0, 0.0830387718168948, 0.0, 0.0, 0.017272531784999042, 0.0, 0.0, 0.0, 0.0, 0.0, 0.0, 0.0, 0.0, 0.0, 0.08545273375530028, 0.0, 0.0, 0.0, 0.0, 0.0, 0.013467082225095845, 0.0, 0.0, 0.008394997872832969, 0.0, 0.010649216688077268, 1.0000000000000002, 0.0, 0.014047054870805566, 0.0, 0.0, 0.0, 0.0, 0.0, 0.0, 0.018949890958292644, 0.0, 0.0, 0.0, 0.0, 0.07434563795221122, 0.014446781924432689, 0.0, 0.0, 0.0, 0.0, 0.012773818414348947, 0.0, 0.0, 0.0, 0.0438357645295958, 0.0, 0.0, 0.017703598107412018, 0.01929498067271122, 0.017324637356585765, 0.05960224577914921, 0.0, 0.0, 0.0, 0.0, 0.0, 0.11403748201452467, 0.019166221700474856, 0.0, 0.0, 0.0, 0.0, 0.007648372639248518, 0.007050051689239704, 0.0, 0.0, 0.0]
[0.06211677722272443, 0.05047295449141243, 0.05126610528422241, 0.016465926360503667, 0.0028824011629952503, 0.0, 0.0, 0.0, 0.0, 0.3533338391350097, 0.0, 0.0, 0.014298338899317321, 0.09630485989035523, 0.004200592965299671, 0.0, 0.0, 0.0, 0.10055570914735415, 0.0, 0.0, 0.005236806057473083, 0.0, 0.0, 0.0, 0.042070100470182024, 0.11051452739483414, 0.0, 0.0, 1.0000000000000002, 0.18818972965678174, 0.0, 0.0, 0.0, 0.0, 0.0, 0.0, 0.09007792388437748, 0.0069227646856353095, 0.011814882303291958, 0.0, 0.0, 0.05299154790190878, 0.020676155152677452, 0.0, 0.012430978468035606, 0.0, 0.0, 0.0, 0.023759319673170617, 0.0, 0.0, 0.0031620327845021485, 0.05045425306887636, 0.009751677013530458, 0.0, 0.0, 0.004866388550585336, 0.012150811395016153, 0.0, 0.0, 0.05718773127938722, 0.02954016211284126, 0.0, 0.0, 0.08880607420565073, 0.0, 0.0, 0.05243665850449101, 0.0, 0.027999950575091692, 0.0502173702224984, 0.0, 0.006207452539098312, 0.005365864469349459]
[0.10156776993279229, 0.0016720158385390596, 0.003306664926016576, 0.06477359562386964, 0.025657892313914434, 0.0028938575408636513, 0.024051296267886945, 0.0, 0.0, 0.004350196032335535, 0.005421064694347075, 0.0, 0.015512439512151152, 0.0031902878023983266, 0.03904793675014344, 0.0021445112953277453, 0.003305596868649468, 0.0, 0.0, 0.0, 0.002541338332429962, 0.006609891297546347, 0.021626974839616807, 0.002990953758846019, 0.003227125202056551, 0.07868698681031665, 0.0036610109722081084, 0.01710172534221943, 0.014047054870805566, 0.18818972965678174, 1.0000000000000002, 0.0, 0.0, 0.003944217258707624, 0.0, 0.0, 0.002967730582448101, 0.1283134796819486, 0.008737906569070456, 0.01271014773685844, 0.0033252847562470628, 0.0045019704665588646, 0.09597177842366489, 0.10090013141341102, 0.0, 0.01078949772823652, 0.004351536523782112, 0.0029333554928428485, 0.017787021322636598, 0.024539803782176836, 0.0026354292452824405, 0.0036279837731502612, 0.002744493977905394, 0.04673370496260982, 0.012308556841862583, 0.02843045467756937, 0.026867473883913643, 0.030266201847671606, 0.010546326041820773, 0.0, 0.004956057724866679, 0.08391775405010546, 0.025639454917228677, 0.0019682653596290877, 0.004411350308994667, 0.1037676284532367, 0.001467724024048314, 0.002195120873982271, 0.0, 0.0, 0.034952671657686195, 0.05490806370330472, 0.0024969989752076953, 0.007835040302775011, 0.08652860421644448]
[0.15349106303004192, 0.13577444048276346, 0.017658670837173502, 0.0, 0.011815942821439529, 0.0, 0.0, 0.0383010947930333, 0.07496495399489525, 0.0, 0.05636773922020486, 0.14057172134584478, 0.0, 0.03317232333908687, 0.056296644161858485, 0.0, 0.0, 0.029300094445144285, 0.0, 0.0, 0.0, 0.0, 0.02988995420107371, 0.0, 0.03355535528106877, 0.0, 0.16438261755865102, 0.10419911907814339, 0.0, 0.0, 0.0, 0.9999999999999999, 0.060363349519257085, 0.0, 0.0, 0.06578891405785348, 0.0, 0.0, 0.0, 0.0, 0.0, 0.0, 0.02118116883280092, 0.0, 0.0, 0.0, 0.0, 0.0, 0.0, 0.0, 0.0, 0.04671770809710491, 0.019494500490341002, 0.15983143409387152, 0.0, 0.0, 0.0, 0.0, 0.04413052033663074, 0.0, 0.0, 0.0, 0.0961681741823684, 0.0, 0.0, 0.08847426315764102, 0.01526126133876539, 0.10128916058673763, 0.09965708550433942, 0.03413425232574495, 0.0, 0.030445105138724286, 0.0, 0.03827006069017509, 0.10888518450142254]
