[1.0, 0.7492883538660895, 0.20036535401898128, 0.24752531652256485, 0.17873125098007936, 0.29747000239897237, 0.11702567673093923, 0.11599774466182024, 0.1484059105297971, 0.20301272508060794, 0.20838681002956333, 0.2865486704147973, 0.2772294780924397, 0.3231432182561594, 0.20547301699259013, 0.11957338698286422, 0.1625124887111645, 0.0928480778369885, 0.14874141261067578, 0.19457698939012247, 0.15091780370559166, -0.01404808588443926, 0.21923637470335589, 0.410048602469634, 0.43206215786657687, 0.206929416511268, 0.567359050956183, 0.48861003667530095, 0.1641787022702546, 0.2298826202065521, 0.29267134112262805, 0.696662211796312, 0.1253292431568987, 0.13619108879981842, 0.26730859447425886, 0.20170519243762736, 0.31485965726191284, 0.2559028956557908, 0.2117854162253641, 0.2219061712396206, 0.15378632201799544, 0.027392789614829872, 0.37997922377428084, 0.1972028211727277, 0.2628594419478542, 0.2591078580879711, 0.23038702681143536, 0.14694132130824805, 0.12391356482420525, 0.034023401256958026, 0.15282083452143785, 0.8921948361923495, 0.21054376893169938, 0.6470249317080966, 0.11830836966003871, 0.14447831760877072, 0.08695927541613158, 0.09159997278399629, 0.177141769672947, 0.18451270477619988, -0.018407694629543243, 0.09311846193233643, 0.13892096442950033, 0.08757231217108515, 0.11050784915589514, 0.2799953426631395, 0.10770219202535346, 0.32781168627164986, 0.40560367792155394, 0.27231039215780567, 0.2766400705407302, 0.2808538713567552, 0.06373464553627359, 0.16476148874876514, 0.3233313272133025]
[0.7492883538660895, 0.9999999999999999, 0.2326577187165772, 0.37388557502385733, 0.20330158215593597, 0.457802330888122, 0.27633341705500847, 0.35071372544111107, 0.347997762987205, 0.404013543914946, 0.35895912866750906, 0.3803507394145332, 0.36340335837257565, 0.46217446628370457, 0.2465768885123321, 0.234597238239329, 0.3272895638281026, 0.24615966725426647, 0.3295760866201569, 0.2900884113165257, 0.2403624243898056, 0.05218202012314413, 0.2781329215189265, 0.4079857480496062, 0.3535230877462186, 0.20039598367178352, 0.7275971477813821, 0.6092005252241749, 0.19707426777330342, 0.29920147031350813, 0.29544975542694274, 0.695534258463816, 0.312149840293277, 0.1533015437612852, 0.39192454574758057, 0.3724305112714602, 0.3694295792812276, 0.27471654542582097, 0.30747244908296945, 0.2883041285187743, 0.032719775190062576, 0.00048573964646385446, 0.42704154327842037, 0.3270920919534624, 0.4037319378088756, 0.24947531021916286, 0.3171995714262283, 0.1588171604946118, 0.19040353379017602, 0.1258928605805249, 0.2756473974525317, 0.6870652801397903, 0.29371544345347, 0.7254417747829994, 0.17230053322826586, 0.25425332635247977, 0.1272337449489908, 0.21172585839451571, 0.2724068759608078, 0.29869074644779664, 0.11095783917505954, 0.20790471378606418, 0.22624481763198206, 0.21819873461057268, 0.13823942467806122, 0.3627235873939529, 0.1697815446334774, 0.40223943426083875, 0.4487462530442766, 0.32165334443642307, 0.24651702773801618, 0.33662817341126566, 0.10681872153307614, 0.20051787713395136, 0.3347987623141285]
[0.20036535401898128, 0.2326577187165772, 0.9999999999999999, 0.19625711821272498, 0.10225828340430268, 0.17018390965493913, 0.2672844412646063, 0.15326506642932444, 0.1948391705846019, 0.19618313013269983, 0.06393893673549013, 0.06778404146239056, 0.17675052788313286, 0.48224813121988486, 0.14823774926964714, 0.039202891965287895, 0.12327850754474934, 0.13460749595013083, 0.17307401899829142, 0.17702987749625151, 0.1693938036572605, 0.15992029458497045, 0.3204213166954067, 0.13325005186229374, 0.19940493870975567, 0.1701019800653656, 0.27302934769950593, 0.08839609407523982, 0.2250313369420368, 0.23431153685057057, 0.23155857271266347, 0.2770177954451747, 0.19711068414540675, 0.06686588475005974, 0.01708287579854513, 0.15458390892404372, 0.21131159444243441, 0.36844069383813843, 0.21244623770287568, 0.17632889723516623, 0.2520878680650427, 0.4144356378293055, 0.6243016057321811, 0.1679746606648188, 0.2258938815793831, 0.22146704539330048, 0.1986246365443457, 0.1822645241005003, 0.14262221950210932, 0.13374610081999383, 0.1278611686186104, 0.09634084085397789, 0.27006045525315037, 0.05419732444362233, 0.13991129353284, 0.1943835607723098, 0.23026395448761353, 0.3209684792354067, 0.2111897268156145, 0.11330681206944133, 0.07714666170344182, 0.222388941173284, 0.02332866608599315, 0.17087759056094162, 0.16272690722177144, 0.15126435508970482, 0.8181702319846786, 0.24427451887735155, 0.08922047983457666, 0.07750021431761633, 0.18190491965493263, 0.2683356640802105, -0.03612022094325873, 0.28306057909269366, 0.3352218391555948]
[0.24752531652256485, 0.37388557502385733, 0.19625711821272498, 1.0000000000000002, 0.7158174714534625, 0.24232334525512383, 0.2188028318757544, 0.22912645269932974, 0.2592307221497165, 0.1475950385181215, 0.16941999041861383, 0.20242781096444543, 0.48835698381550624, 0.21817051007881091, 0.23129062858785143, 0.18163706804539465, 0.1539160300296934, 0.2519936862567845, 0.13420392524517724, 0.09645870726310399, 0.1723761221922505, 0.2930075091813487, 0.054314986584077324, 0.2870127296915721, 0.14318531690137176, -0.0640326794120249, 0.25225005991361105, 0.3002646400602056, 0.2474933591813473, 0.2698762673483486, 0.370149266366434, 0.2622261829947337, 0.180046460305901, 0.22048830218087928, 0.05840305034837736, 0.2523650416877345, 0.26314357218400325, 0.2860695894966557, 0.8058360884840018, 0.45823622370834716, -0.058522517011644036, 0.2205375008903397, 0.3517236882354715, 0.7051152087445077, 0.30994120203717085, 0.4423034549494821, 0.25685179834367805, 0.11672574159393925, 0.17440127556063817, 0.5417739570098222, 0.09464690245345159, 0.1935335693484657, 0.43065227715388577, 0.21275944090031326, 0.3112490612607593, 0.08160524664539315, -0.10447264382090242, 0.18302224712710494, 0.4751876679286292, 0.33548790972714104, 0.19816961102027617, 0.03819704841719493, 0.03703113473516267, 0.11852363877684377, -0.08674212215239979, 0.4771269655407551, 0.19034438122709493, 0.17609925964228687, 0.20181612055809747, 0.19820834410116261, 0.05888896600279697, 0.15745475788507346, 0.15082377686562282, 0.15743852799528021, 0.4410617813098453]
[0.17873125098007936, 0.20330158215593597, 0.10225828340430268, 0.7158174714534625, 1.0000000000000002, 0.1852392989113758, 0.06514821886738562, 0.01583118050570881, 0.10266884504250468, -0.003684897364764724, 0.034267972038331415, 0.13675409236544503, 0.25064021170522993, 0.021529069660293793, 0.14177883485168113, 0.2207927078880141, 0.032809635069155324, 0.14672808799742518, -0.06605043392347075, -0.05359401541896718, -0.025210466586113766, 0.09371404442711063, -0.12305601014964894, 0.12428788696359587, -0.009888659127625151, -0.14231456697162087, 0.10559114974142446, 0.20359044463642814, 0.10171589572740196, 0.06309416368445016, 0.15906612895115377, 0.1198890438174544, 0.10350698186161089, 0.2572079238646115, 0.09128770997881457, 0.14507898183741716, 0.160966961300668, 0.13616637286715466, 0.6338027815651216, 0.20199227413837179, 0.05182223700386985, 0.16190433370560806, 0.11686333315027637, 0.4830454715769162, 0.13829742288617974, 0.3443507921609398, 0.06389479231868349, -0.024087251319822246, 0.1773894065685745, 0.2241165192794778, 0.06753781765626463, 0.19838544370134484, 0.3471823115092023, 0.03666883683669185, 0.1115305567711785, -0.08643357831847037, -0.2110512121019498, -0.07009632522799177, 0.32720127813556377, 0.0782482684112544, 0.007517690109648532, -0.14593134069417832, -0.028745387511908287, 0.04648363683802189, -0.034932992303432, 0.19633312578386092, 0.10444596240625204, 0.05779997162767966, 0.2840908539890092, 0.09337745594159509, -0.11851203566739642, -0.07587388011182086, 0.22466888800554893, 0.10016998038904157, 0.20290692398066354]
[0.29747000239897237, 0.457802330888122, 0.17018390965493913, 0.24232334525512383, 0.1852392989113758, 1.0, 0.5676668074036227, 0.608734587903458, 0.6075609982086185, 0.6089215161934601, 0.4893987074962644, 0.5987010009132315, 0.17022865066692516, 0.37596201540832935, 0.1233620058351688, 0.5390196697075648, 0.6385251511294837, 0.32221610537268486, 0.3870274137495523, 0.06282678136462244, 0.18264721052408717, 0.12046683029828363, 0.2250300889566926, 0.35185986934605734, 0.2500677073025865, 0.23220349056175255, 0.33328991668873464, 0.3474852935526198, 0.12049017774280099, 0.23859097528234816, 0.19518522029967122, 0.3904388096192277, 0.5568139401559836, 0.22535564872818126, 0.5398842699929046, 0.6654313015503871, 0.3968653207835519, 0.21684077467599747, 0.23088408917318204, 0.3038629762363082, 0.06185904301934693, 0.013960307716287786, 0.17693300387488722, 0.21936078783900365, 0.3685908183443944, 0.20547009166677616, 0.2603506794257435, 0.2246628927222327, 0.1720490012552643, 0.11667822627984269, 0.3124977605707219, 0.2303178773417177, 0.2779057160051731, 0.28449630050156616, 0.1189970419148123, 0.2656010429303822, 0.22452430751256078, 0.18825857177272037, 0.3223355241728636, 0.38056323561950084, 0.056376446179403204, 0.18775418380132708, 0.3948717932866911, 0.23894206579799832, 0.13880749875665138, 0.33567016824573814, 0.12947171669048999, 0.42835925585720486, 0.380667202928119, 0.54232650122656, 0.02832146369519089, 0.06218706274234837, 0.1335235104866613, 0.25569822729118613, 0.1203402837226819]
[0.11702567673093923, 0.27633341705500847, 0.2672844412646063, 0.2188028318757544, 0.06514821886738562, 0.5676668074036227, 1.0, 0.8151303521694283, 0.8508293488371866, 0.5550875713556069, 0.47752171722801556, 0.6506136321696966, 0.17163126529552147, 0.2981586131967892, 0.0026521585533833963, 0.6107491639734539, 0.5000805333635062, 0.4458541203252926, 0.586221590539861, 0.2597780122899218, 0.16774140900637055, 0.24100093125841524, 0.32309412695192746, 0.29145797607571067, 0.1605011418139206, 0.11276005055006048, 0.3949732261511201, 0.3054667327148952, 0.33377181380052956, 0.22573362431780322, 0.1277067546470384, 0.2678130582105541, 0.635173950015881, 0.030683771594751472, 0.4090503838291906, 0.687431197909764, 0.3156827956739052, 0.2927540573898994, 0.2905118565625595, 0.249756971502383, 0.177533771429564, 0.1092954071689716, 0.2249399251412068, 0.12037181496433098, 0.20304464569832398, 0.13494103721232667, 0.16245134652178783, 0.1407098513676464, 0.20740082335322826, 0.18369520610615764, 0.43941980324307534, 0.059169782559228945, 0.3594044650086754, 0.13125838302406895, 0.24459729239013872, 0.34769768506445276, 0.14870311610906534, 0.37496564748708117, 0.32296760227048926, 0.33848316646475224, 0.13249164126511892, 0.3426129256650406, 0.271680681276586, 0.30932948624837503, 0.33107080131935274, 0.24886787706525834, 0.12190253364030275, 0.2837863915850763, 0.1773309614175042, 0.47132382263216865, 0.006401398280169108, 0.12557024833561153, 0.06067039239802526, 0.2792339398573884, 0.11085671277105975]
[0.11599774466182024, 0.35071372544111107, 0.15326506642932444, 0.22912645269932974, 0.01583118050570881, 0.608734587903458, 0.8151303521694283, 1.0000000000000002, 0.841330224715655, 0.6612932776462803, 0.7310387009857722, 0.6946132472848895, 0.22118384882262604, 0.3142162043167211, 0.01240995376162197, 0.5924140415871475, 0.6693623025528012, 0.5339064936614932, 0.6180185380396698, 0.1557018793914381, 0.12503693996457887, 0.3402768269693608, 0.3462576818595048, 0.32867239536867043, 0.18291199165737582, 0.1394771176156705, 0.29126082013968835, 0.30504060365202834, 0.142074598664549, 0.18459292673878475, 0.13541906815041477, 0.2310307908490331, 0.5792990952467005, -0.006771640232583703, 0.47480282335174157, 0.7378584375746435, 0.2936649106901671, 0.12591498042324878, 0.1754988039723796, 0.20663253038597507, 0.017165707693715025, 0.013009330401748816, 0.15505255932914533, 0.08303129313449122, 0.28312796070637775, 0.10535475726842604, 0.0934737625761514, 0.2990540607202868, 0.12947281830965224, 0.12770921628823492, 0.33164800824069357, 0.09479572560319842, 0.33327757274626074, 0.17008463556163614, 0.28513410475154444, 0.396707676157231, 0.18954480918254235, 0.3081747157363858, 0.2312373135819106, 0.43909662586337544, 0.23786288439069944, 0.29398141147128787, 0.31639766371087363, 0.2586920380585785, 0.27177697569806525, 0.2227367702336723, 0.09575155242170452, 0.33839947644173907, 0.18127721940662914, 0.5115300876550188, -0.03730544373613015, 0.04008511328659475, 0.07302296109935347, 0.26123126455610174, 0.07643748514329095]
[0.1484059105297971, 0.347997762987205, 0.1948391705846019, 0.2592307221497165, 0.10266884504250468, 0.6075609982086185, 0.8508293488371866, 0.841330224715655, 0.9999999999999999, 0.6485358052150717, 0.6374960734568613, 0.7685390359255118, 0.18719114002848192, 0.29476259552165174, 0.06225345163670802, 0.6116404012841852, 0.5287380756243886, 0.48340966640548866, 0.541336421036671, 0.18524994207747847, 0.07023509158970556, 0.23911654517147113, 0.18139757490330205, 0.2090263617589901, 0.09877501767303248, 0.0881519335582525, 0.33751450053708015, 0.3532326416699409, 0.1706164201743585, 0.23026963979120005, 0.11253542337523635, 0.34696718193411225, 0.6733712999734819, 0.12414392514637099, 0.47250947119221526, 0.76028359800502, 0.3347323260283243, 0.1640345919984067, 0.23722777225269487, 0.18521580091424664, 0.06364456198180328, 0.0914034702071081, 0.15251453922897365, 0.1224441019083711, 0.16737172418111337, 0.2091431578679185, 0.02042053075151112, 0.15718985792975007, 0.14921730819060347, 0.22049989255749902, 0.42430947411863057, 0.0926453684919289, 0.3874048262812936, 0.22317172273202748, 0.3247905366722345, 0.3110782235472452, 0.09091968943401642, 0.27635280109091664, 0.3745667561552376, 0.28518887410417526, 0.1659512903305995, 0.2083782952110727, 0.34522453301856104, 0.3233787677436067, 0.22963002812512726, 0.24022711606346395, 0.04787401843996769, 0.423564008812835, 0.29774309728814347, 0.44512593751006163, -0.05308676205745373, -0.013653136201917689, 0.11393557686978346, 0.4027941354203405, 0.14121005310693183]
[0.20301272508060794, 0.404013543914946, 0.19618313013269983, 0.1475950385181215, -0.003684897364764724, 0.6089215161934601, 0.5550875713556069, 0.6612932776462803, 0.6485358052150717, 1.0, 0.7437403883488871, 0.7261891604099336, 0.16836734924439445, 0.4899704463775054, -0.00907062018729517, 0.5980590471073867, 0.6539624858154206, 0.3823520924911677, 0.612338432992446, 0.14765852786788278, 0.05527900512909966, 0.16877850791346743, 0.30008562557258933, 0.1774498036460788, 0.23707886958686056, 0.10923417542525984, 0.3518589333454389, 0.30687678585668493, 0.12012411459413226, 0.5873811263179178, 0.23671940950195447, 0.3618015130853223, 0.5156283257046754, 0.11895137405598051, 0.6159658309373252, 0.7112476376582748, 0.27221131407617677, 0.2985901959366686, 0.0868112967881018, 0.22714082389067003, 0.15564155375244634, 0.07104293554230762, 0.26505655145209456, 0.10572043571776792, 0.1766869690760387, 0.2148337760704839, 0.10887933405984175, 0.3254937655083235, 0.10031477011545326, 0.17117023811781004, 0.46492972018079015, 0.1449132326211144, 0.2621159640728198, 0.2267188920878426, 0.27309324024108295, 0.42944764033427285, 0.1722226914737319, 0.30913300379261727, 0.2613139150639804, 0.33745306760782673, 0.1786016770573514, 0.3634632655033513, 0.35277137395442604, 0.2443332267456033, 0.19925046976578914, 0.308654529071458, 0.05608720173263287, 0.36910035776657657, 0.34231844979986303, 0.5358237241732655, 0.11095612810227057, 0.0983545336163923, 0.13876214842205714, 0.32116358976976883, 0.027063240224345603]
[0.20838681002956333, 0.35895912866750906, 0.06393893673549013, 0.16941999041861383, 0.034267972038331415, 0.4893987074962644, 0.47752171722801556, 0.7310387009857722, 0.6374960734568613, 0.7437403883488871, 1.0, 0.7338471427092254, 0.21228655779004385, 0.2814999261571004, 0.06566054656734419, 0.5921288801012415, 0.6906778507783222, 0.55114026336894, 0.5938618802666596, 0.13592455206486964, 0.05220468169399774, 0.22944952970923874, 0.2972601665107122, 0.2662973498993827, 0.28677376130021726, 0.06377978346800632, 0.3200526938865036, 0.31329449523319886, 0.1089427909275469, 0.2905872253279372, 0.21329644724885777, 0.30778459186816676, 0.39191770839865453, 0.060974814317209323, 0.5371457185512725, 0.6506485403289409, 0.25551842033491906, 0.13105153830748079, 0.07607506870041829, 0.20482268440903256, 0.046638060638395165, 0.04278536068659212, 0.1208695295835157, 0.11673696253231122, 0.15736940799359478, 0.18344495200167513, 0.11716009016323116, 0.34661552796321343, 0.07744108374233023, 0.13526158148449596, 0.3570085844649956, 0.1596964118322564, 0.3283090102084374, 0.19472343711976386, 0.28550699837760085, 0.4201593074744229, 0.10169642749265685, 0.20613686888840374, 0.24265764406730958, 0.3610549123296533, 0.2316020836127854, 0.23306222482546132, 0.30159002306718347, 0.18992559128394784, 0.2788395811752019, 0.25282725474242024, 0.001351809109540639, 0.29350906504294305, 0.2856279604984879, 0.49191195028051893, 0.023694151861257742, 0.05774584229945172, 0.1367754887991983, 0.2078598089786864, 0.07703232012857567]
[0.2865486704147973, 0.3803507394145332, 0.06778404146239056, 0.20242781096444543, 0.13675409236544503, 0.5987010009132315, 0.6506136321696966, 0.6946132472848895, 0.7685390359255118, 0.7261891604099336, 0.7338471427092254, 1.0000000000000002, 0.1528933708077556, 0.18170140623393813, 0.024315889105459045, 0.6003710779636419, 0.5400602831212746, 0.443594295148553, 0.5540228528911194, 0.2624342345710196, 0.11125194391967429, 0.21083456127670977, 0.1975251607405516, 0.23606624610820298, 0.149269982790423, 0.04600792386159569, 0.38382791133990485, 0.4148714944771053, 0.1230833748956283, 0.28845574422540093, 0.18782219863381744, 0.48360746605821636, 0.7489073792177635, 0.05151084758828846, 0.5365681494119549, 0.8179335388501012, 0.29946816135267024, 0.29366341700527043, 0.14194613316711838, 0.17704162080196306, 0.10561169297432206, 0.14847957723922986, 0.10580760209614722, 0.24359066919251304, 0.1849235923577606, 0.2608271899689085, 0.05577237576388367, 0.18097564232984437, 0.1986188327784098, 0.22338554131666308, 0.44789390602423645, 0.24192797137961555, 0.2863031410320342, 0.2447519983754561, 0.34716287511579796, 0.3564900975506281, 0.10136117291109742, 0.22270493634865549, 0.26547185853378036, 0.3395118994171136, 0.15958894927275988, 0.21846260922888514, 0.3348684792513055, 0.2527241677656817, 0.18135270677434012, 0.29267793349394067, -0.015319707173425075, 0.389551416496363, 0.39902279102856425, 0.6004107996064908, 0.03002377136868149, 0.027546898679065873, 0.09931376153583553, 0.4288763281174135, 0.16474315677253937]
[0.2772294780924397, 0.36340335837257565, 0.17675052788313286, 0.48835698381550624, 0.25064021170522993, 0.17022865066692516, 0.17163126529552147, 0.22118384882262604, 0.18719114002848192, 0.16836734924439445, 0.21228655779004385, 0.1528933708077556, 1.0000000000000002, 0.23723454478928227, 0.3350653763421325, 0.01823329351490335, 0.09792521105020634, 0.21183003159926664, 0.20721288245626746, 0.18821120509982045, 0.19029883393539057, 0.3452173255361222, 0.28256958582541436, 0.2596637479399327, 0.18252229434683934, 0.0885681257477172, 0.390641971121757, 0.2551581823985172, 0.32166605103210805, 0.38348620922047055, 0.3995276460983444, 0.298037909082607, 0.147045683341409, 0.21003782183176659, 0.06093324444529048, 0.15907835646745555, 0.3667328866488975, 0.539818538452759, 0.3539348809572819, 0.46658429744973134, 0.10220083578664459, 0.21283989479039178, 0.27580012495380335, 0.5963367368342606, 0.3616358692242912, 0.49560224781621137, 0.3457196761887475, 0.2625945885354154, 0.1627583939476342, 0.5900042398471618, 0.19729238885163008, 0.20006272683867346, 0.49396022519307914, 0.29183536917058134, 0.40105311386986314, 0.2297737984296155, 0.09916669295676639, 0.300084507944678, 0.5557305420908216, 0.3129988232884424, 0.24653832909056222, 0.2146481909514343, 0.08434452302722924, 0.20672792049529234, -0.006960468247541089, 0.58438288762923, 0.2439703229381792, 0.32632257805241954, 0.23191098703521904, 0.3139863061131497, 0.15673719838075664, 0.26856920664573286, 0.370725452515454, 0.2692100878849338, 0.4271033880391884]
[0.3231432182561594, 0.46217446628370457, 0.48224813121988486, 0.21817051007881091, 0.021529069660293793, 0.37596201540832935, 0.2981586131967892, 0.3142162043167211, 0.29476259552165174, 0.4899704463775054, 0.2814999261571004, 0.18170140623393813, 0.23723454478928227, 1.0000000000000002, 0.2181425634777871, 0.2005883297159734, 0.3772746724948557, 0.09683183088358867, 0.31248394673827146, 0.33991943080942744, 0.22173214217117757, 0.1620264038612364, 0.27138420056739027, 0.18116607921778838, 0.1385183495247022, 0.16509456916802473, 0.2867829165902706, 0.22438830718889527, 0.1021974615183799, 0.39493589163189785, 0.2018664987327424, 0.35422732310388766, 0.24462463348482502, 0.13140124562424155, 0.23847221490198325, 0.2287682570330052, 0.24420228365421795, 0.22272859206885867, 0.23555424656976204, 0.28662677488416943, 0.14231763641164444, 0.06579641822560746, 0.4738126562038637, 0.16542908993858907, 0.18446166833412647, 0.18451498350861972, 0.3174589832899486, 0.27878563706995657, 0.19686620704611113, 0.13022793313207623, 0.18440205380382535, 0.212358759873488, 0.15297534449058997, 0.30649625653482987, 0.14877721747522532, 0.2639824289882953, 0.17028714012124616, 0.25731950966302874, 0.14231662202720613, 0.1873189378212024, 0.056312572189010215, 0.3633841070632536, 0.029681024178901342, 0.19887437623529275, 0.10509963842800404, 0.19652135869213197, 0.3422344144458944, 0.2475179045679186, 0.2123990430084352, 0.2584068160653921, 0.14105546243708178, 0.30849508057486746, 0.02732575953661869, 0.13011015258442948, 0.17587486916472114]
[0.20547301699259013, 0.2465768885123321, 0.14823774926964714, 0.23129062858785143, 0.14177883485168113, 0.1233620058351688, 0.0026521585533833963, 0.01240995376162197, 0.06225345163670802, -0.00907062018729517, 0.06566054656734419, 0.024315889105459045, 0.3350653763421325, 0.2181425634777871, 1.0, -0.07050800773500693, -0.039118144528789235, 0.06981579875545646, -0.023364171087042137, 0.23693451199717705, 0.19145104624139048, -0.05189151996029972, -0.08785207806636616, 0.03228456932751041, 0.14788928891829883, 0.167207458733204, 0.21702030561138524, 0.13774215907432819, 0.19038752288156102, 0.17257852462085688, 0.34647341896128897, 0.311004809365479, 0.15667588163182092, 0.2726952033833695, 0.0018544607650867338, -0.030060792547183378, 0.1336092300794465, 0.3672512040322254, 0.22058721523393734, 0.1729116041429037, 0.07944468290183719, -0.029935684428278597, 0.21585245528476432, 0.33656719829575615, 0.11975539974545572, 0.2779317716766702, 0.17274005593444636, -0.023519678639341773, 0.20393001024529617, 0.3061771569379513, -0.15112902967288644, 0.11222262746214738, 0.062364909692325894, 0.3492581032366198, -0.03676481415852013, -0.06145115441610315, 0.1172706194078629, 0.030238641187883684, 0.22439400853533462, -0.11659145915185086, -0.048115066019625084, 0.03682956448419532, -0.007160293575127532, 0.3643471199881097, -0.13397162660246179, 0.25768875386600254, 0.21944155186131659, 0.1286881301679772, 0.03596804082850064, 0.07829043678867739, 0.0017515582642497719, 0.11205646075436147, -0.03289833456221273, -0.023329833172028826, 0.5394255322145768]
[0.11957338698286422, 0.234597238239329, 0.039202891965287895, 0.18163706804539465, 0.2207927078880141, 0.5390196697075648, 0.6107491639734539, 0.5924140415871475, 0.6116404012841852, 0.5980590471073867, 0.5921288801012415, 0.6003710779636419, 0.01823329351490335, 0.2005883297159734, -0.07050800773500693, 1.0, 0.7071838105745162, 0.46778059085183765, 0.5731419062820181, 0.18525760852974701, 0.06048352707572044, 0.02256267616514323, 0.08616092710540384, 0.1903383203244926, 0.16819460045615678, -0.029125038737383518, 0.18393754960282924, 0.17449821769672758, 0.06872773618641277, 0.11247010300940362, -0.06018888019267433, 0.12365944308505866, 0.4793496239117365, 0.013605221091972217, 0.6674341348164868, 0.7291985958471293, 0.2052408446242522, 0.03059614953612241, 0.19115211209836624, 0.033155191707656205, 0.027489953207570438, -0.006006933041928071, 0.023519494519964452, 0.01627892522339511, -0.0521867246194438, -0.00846734213540126, 0.05441708114059105, 0.06120838238001111, 0.06651087943545725, 0.010606802381746796, 0.4796077053858852, 0.06471829314774397, 0.18074254897343656, 0.11307043910106837, 0.10668756529569405, 0.15173995544204633, -0.020097793252574873, -0.0020201903140182535, 0.17701338733411803, 0.1542620853065357, 0.03760205067093129, 0.13751480382959055, 0.2673854440500492, 0.16627509769489318, 0.28026428546801496, 0.14026336741270784, -0.11539628599968159, 0.17220407583214908, 0.15005560567106443, 0.5035117113803871, -0.17720356226200445, -0.14313331568390655, 0.03188949112117357, 0.15862416976090232, -0.10256713235595473]
[0.1625124887111645, 0.3272895638281026, 0.12327850754474934, 0.1539160300296934, 0.032809635069155324, 0.6385251511294837, 0.5000805333635062, 0.6693623025528012, 0.5287380756243886, 0.6539624858154206, 0.6906778507783222, 0.5400602831212746, 0.09792521105020634, 0.3772746724948557, -0.039118144528789235, 0.7071838105745162, 1.0, 0.4121620044641669, 0.532950562810534, 0.14232063242950807, 0.16355868791533942, 0.21543278101490856, 0.20951266403815896, 0.3138192808417279, 0.3347773416832569, 0.0954640656329777, 0.19574418718038294, 0.24478446990394057, 0.1470264784613185, 0.21108633803695198, 0.1101240984449169, 0.27044089514071423, 0.4038078913585212, 0.061782303019892376, 0.5680683533336565, 0.626140986657818, 0.21397444664431733, 0.04558975926438204, 0.11911965796436164, 0.16091787571405608, 0.032566398714871984, -0.049665838291836795, 0.14738110910002702, 0.025506505484826577, 0.10233949846760729, 0.03949626890663286, 0.14218945963637306, 0.280784934437115, 0.038425300218304266, 0.0327987852911653, 0.2692584498677579, 0.11848877448245282, 0.2319723419427817, 0.1675714162871319, 0.05824133170985011, 0.23524324673863958, 0.17731416652680485, 0.0972061241732594, 0.13932971875932854, 0.35527352460215883, 0.12692726708483326, 0.21556818126611405, 0.3601961825097156, 0.162105761867335, 0.2939004389563843, 0.26799047027469247, 0.029397877139570813, 0.26212337832218846, 0.13180168775351955, 0.4156410777176889, -0.004037820957252449, 0.06159056119418722, 0.04289779792348066, 0.12738968839057055, -0.008650606851954758]
[0.0928480778369885, 0.24615966725426647, 0.13460749595013083, 0.2519936862567845, 0.14672808799742518, 0.32221610537268486, 0.4458541203252926, 0.5339064936614932, 0.48340966640548866, 0.3823520924911677, 0.55114026336894, 0.443594295148553, 0.21183003159926664, 0.09683183088358867, 0.06981579875545646, 0.46778059085183765, 0.4121620044641669, 1.0, 0.5644643458694804, 0.24907983933631347, 0.15612156599229654, 0.13335728266366387, 0.28659791884494656, 0.2094505416858421, 0.2691785071871152, 0.21480510522359686, 0.29498971901067356, 0.14673077753917355, 0.19900371506584305, 0.13612050816191587, 0.0672019282630721, 0.028714475010283298, 0.37924522447944764, 0.026294515998859864, 0.34770932755408807, 0.42725088954735546, 0.16117448970643844, 0.1889795857694756, 0.1485219331036464, 0.17303605410865666, -0.04424651582688324, 0.12498031267872488, 0.16293634651512515, 0.1248927107227453, 0.046346925646345696, 0.06599013048336184, 0.13591490046930535, 0.2640797577818673, -0.022033682724151415, 0.05490144186043453, 0.3561532559875763, 0.06107501521517471, 0.33656846192653095, 0.0062268949669645616, 0.19315917269339788, 0.3555012295050596, 0.20153876581886032, 0.1487315977770787, 0.26932319618808487, 0.30796024297444446, 0.056010574510668196, 0.31905936348180364, 0.15392449139829337, 0.2505695112875732, 0.3337671016209784, 0.18728100014716434, 0.11650510999630984, 0.20309407012381625, 0.20163165392021765, 0.32441831449368397, 0.039769228726079735, 0.1165031832418765, 0.05156085665350658, 0.20406364539273916, 0.13914467482964946]
[0.14874141261067578, 0.3295760866201569, 0.17307401899829142, 0.13420392524517724, -0.06605043392347075, 0.3870274137495523, 0.586221590539861, 0.6180185380396698, 0.541336421036671, 0.612338432992446, 0.5938618802666596, 0.5540228528911194, 0.20721288245626746, 0.31248394673827146, -0.023364171087042137, 0.5731419062820181, 0.532950562810534, 0.5644643458694804, 1.0000000000000002, 0.36665186482151263, 0.3369427059299974, 0.2712205230737324, 0.38845524325024483, 0.48155865951274157, 0.3204252746528993, 0.32218657917310156, 0.3788484574843416, 0.27796387045179455, 0.331882423105004, 0.2828689477400851, 0.20633000034480878, 0.15671446166443212, 0.444501604155504, -0.03161954554409254, 0.48440699253029945, 0.5634722782321421, 0.15838123209792787, 0.26380497679183423, 0.18583538580932651, 0.22331095385865096, 0.18949759647628858, 0.15272075106264868, 0.17444312398296577, 0.11542667904970964, 0.006592578540022873, 0.10973660997569562, 0.3660137686363368, 0.25163528479676545, 0.13187185008047045, 0.09791007532604945, 0.5998416569697409, 0.11085263956098663, 0.3704148233336661, 0.1149208383059151, 0.23184215158511756, 0.45938923926527564, 0.3786839580832463, 0.3059021799787779, 0.24930039312914862, 0.49725686373293987, 0.20317881488300304, 0.6415419700069654, 0.3258720944210443, 0.33037070954686903, 0.31136518646837436, 0.2088637451691456, 0.036290202095978524, 0.1884884335942248, 0.20368391174007794, 0.6702459844655971, 0.16859942322526725, 0.25613595336659956, 0.061634148460907374, 0.28708700385558383, 0.06716826558643842]
[0.19457698939012247, 0.2900884113165257, 0.17702987749625151, 0.09645870726310399, -0.05359401541896718, 0.06282678136462244, 0.2597780122899218, 0.1557018793914381, 0.18524994207747847, 0.14765852786788278, 0.13592455206486964, 0.2624342345710196, 0.18821120509982045, 0.33991943080942744, 0.23693451199717705, 0.18525760852974701, 0.14232063242950807, 0.24907983933631347, 0.36665186482151263, 0.9999999999999998, 0.4826932982994725, 0.10945882768174488, 0.17565204214295074, 0.12193000243916985, 0.09153578048698918, 0.2023619115107319, 0.257677692121434, 0.20458957728934654, 0.23485574454641645, 0.08519290120520735, 0.1861290747624564, 0.20010708857754725, 0.4364952708362786, 0.03099454091375179, 0.09809106124335176, 0.17262018955565914, 0.10130073809725829, 0.3383689433480613, 0.19740593837972817, 0.23940452648854416, 0.06764359141116781, 0.28454680576360974, 0.1434519482166484, 0.25405017598296714, -0.07410997034431144, 0.1938078413690645, 0.2684936536053886, 0.0004337506765550627, 0.15499198274059092, 0.20441801752921482, 0.19328666975668968, 0.0907756466642979, 0.12691768920059507, 0.2574232794877202, 0.2293148245849287, 0.199960455253311, 0.2369170939372485, 0.21226888758015322, 0.1676700711807111, 0.029133490474197582, 0.012355361654342254, 0.5588153577563859, 0.16912462959513838, 0.2681986616834682, 0.1819082091178893, 0.11533819452268232, 0.16449810842452128, 0.11932651511138036, 0.04727919459236896, 0.31997765513889503, 0.21016102404836437, 0.29485603823874035, -0.06860787689382841, 0.19311009577834976, 0.3313069075551163]
[0.15091780370559166, 0.2403624243898056, 0.1693938036572605, 0.1723761221922505, -0.025210466586113766, 0.18264721052408717, 0.16774140900637055, 0.12503693996457887, 0.07023509158970556, 0.05527900512909966, 0.05220468169399774, 0.11125194391967429, 0.19029883393539057, 0.22173214217117757, 0.19145104624139048, 0.06048352707572044, 0.16355868791533942, 0.15612156599229654, 0.3369427059299974, 0.4826932982994725, 1.0, 0.3210691102283825, 0.26063996618226104, 0.5446340150791308, 0.21656176272867164, 0.4499107972039192, 0.19095545416154852, 0.21370131163314968, 0.2062791387107345, 0.07684912750628853, 0.26040508799692785, 0.10810416031591567, 0.3071157014423803, 0.17861349170091492, 0.058046031390755634, 0.18245601384967405, -0.03200247416557351, 0.2567675589642844, 0.19961572518678922, 0.3226258920854363, 0.056944023823232465, 0.16922284806801025, 0.11134064876992954, 0.25922806521012026, 0.058424015907609775, 0.052590070657045004, 0.313135409492847, 0.23676077883040547, 0.48793140420103825, 0.22731013974655884, 0.14104306392313362, 0.13102931663866643, 0.12313001927889294, 0.15708614478427588, -0.0641186084582849, 0.192878378253314, 0.5064647902432481, 0.27095369552972026, 0.1496408413577433, 0.4795755287836404, 0.2331464668648202, 0.4215097466608761, 0.08174929446531824, 0.19124330248024862, 0.1577557468946781, 0.1873252391023426, 0.23242607485254108, -0.020677300572451394, 0.015114977481996143, 0.27431260404541313, 0.21269455574702514, 0.3293011577224123, -0.2604596781626438, 0.05722045605238034, 0.346948785816574]
[-0.01404808588443926, 0.05218202012314413, 0.15992029458497045, 0.2930075091813487, 0.09371404442711063, 0.12046683029828363, 0.24100093125841524, 0.3402768269693608, 0.23911654517147113, 0.16877850791346743, 0.22944952970923874, 0.21083456127670977, 0.3452173255361222, 0.1620264038612364, -0.05189151996029972, 0.02256267616514323, 0.21543278101490856, 0.13335728266366387, 0.2712205230737324, 0.10945882768174488, 0.3210691102283825, 1.0, 0.5147489893476858, 0.4013189330057518, 0.014752173580242606, 0.30211795933056107, 0.05915912989961917, 0.22759161733068436, 0.23077821787308214, 0.10043302419294128, 0.20710202830220503, 0.05477498055753745, 0.17156729013611818, 0.11293961031726238, 0.09727035394893449, 0.21024397823664967, -0.0711872664586978, 0.1569732736385242, 0.1808090117852177, 0.4478871102119769, 0.07975166171536803, 0.30198435443700083, 0.10525022381234711, 0.3850081950538239, 0.06424466546752629, 0.28522103770685986, 0.239897091241397, 0.6188805672412009, 0.3026227548838806, 0.3217692904056693, 0.06871861142300556, -0.04025581227235123, 0.4262532661234135, 0.04578679972777716, 0.31221687261870734, 0.5690769823325807, 0.4989506263812703, 0.478557957746778, 0.24627804887086344, 0.5669398822431889, 0.5612558397470158, 0.31650867756558526, 0.0559451480189455, 0.17050303841761086, 0.018998578681488125, 0.22793068163627384, 0.2707221870184478, 0.08384734848982399, 0.10856170873629008, 0.2820677441894057, 0.13284978025313063, 0.18648862042980383, 0.27700769948185483, 0.19573942845133144, 0.24257402559552219]
[0.21923637470335589, 0.2781329215189265, 0.3204213166954067, 0.054314986584077324, -0.12305601014964894, 0.2250300889566926, 0.32309412695192746, 0.3462576818595048, 0.18139757490330205, 0.30008562557258933, 0.2972601665107122, 0.1975251607405516, 0.28256958582541436, 0.27138420056739027, -0.08785207806636616, 0.08616092710540384, 0.20951266403815896, 0.28659791884494656, 0.38845524325024483, 0.17565204214295074, 0.26063996618226104, 0.5147489893476858, 0.9999999999999998, 0.4215601783328787, 0.21952009342752005, 0.46428575494880664, 0.4483464748570992, 0.1960000848241793, 0.33865451196703444, 0.2828526378106565, 0.3185975503507322, 0.22801677065364054, 0.08912607991656261, 0.13258803120938192, 0.25222617272112713, 0.1953204056069379, 0.11106156792078023, 0.40770785973562745, 0.09936232167334877, 0.557929323004462, 0.13978315511856096, 0.21405391744312746, 0.34612611637020224, 0.21484407963651844, 0.24994939077802847, 0.24421980968498178, 0.4836399265025946, 0.6682364608659423, 0.2134053280454275, 0.1634823102628514, 0.19168047954666478, 0.11075389110036306, 0.47903114133588287, 0.17132055812169641, 0.2539717090344438, 0.7816472240325744, 0.519994774917021, 0.7480755331682352, 0.34612309024621274, 0.5395054104084842, 0.3631152957919134, 0.5114757088112973, 0.24996966834040846, 0.22946472380806593, 0.16545715615633477, 0.3399257130163413, 0.43325467648989585, 0.20833106758132602, 0.21529781787488148, 0.3559191269507391, 0.4281059922005283, 0.4830096686893914, 0.21637387311638412, 0.2524420200615898, 0.13167531769166357]
[0.410048602469634, 0.4079857480496062, 0.13325005186229374, 0.2870127296915721, 0.12428788696359587, 0.35185986934605734, 0.29145797607571067, 0.32867239536867043, 0.2090263617589901, 0.1774498036460788, 0.2662973498993827, 0.23606624610820298, 0.2596637479399327, 0.18116607921778838, 0.03228456932751041, 0.1903383203244926, 0.3138192808417279, 0.2094505416858421, 0.48155865951274157, 0.12193000243916985, 0.5446340150791308, 0.4013189330057518, 0.4215601783328787, 1.0, 0.5098111661043223, 0.3770284368979216, 0.3959810518351575, 0.33643668064592613, 0.41037224290836577, 0.06889533311784173, 0.3335838739361267, 0.2505282413323872, 0.1440888670573442, 0.028366853909751973, 0.2295091486343598, 0.29425254026746633, 0.18813359261449922, 0.2726290666137648, 0.35935524010774916, 0.34868033466993104, 0.17705970017309597, 0.15046065988518398, 0.16812602330722068, 0.273306716762982, 0.21975774174494342, 0.17988934476086008, 0.5479319238247474, 0.3444948643556893, 0.3650976230976057, 0.126789752715107, 0.31791602426698284, 0.43005598895184965, 0.47219765978756284, 0.30264868491920843, 0.07197966239333448, 0.3223305856351451, 0.38919304968058016, 0.3296057828951624, 0.2001567478995185, 0.695107163945917, 0.39378815148558527, 0.24838823583662792, 0.20250721757917028, 0.21954444118864316, 0.2257009138353547, 0.2590060226629411, 0.16827197762597057, 0.17940393977185154, 0.2003627249131938, 0.4036422410897706, 0.23605433325502773, 0.4338623811347072, 0.055568826682430385, 0.1047501453922862, 0.242270736526169]
[0.43206215786657687, 0.3535230877462186, 0.19940493870975567, 0.14318531690137176, -0.009888659127625151, 0.2500677073025865, 0.1605011418139206, 0.18291199165737582, 0.09877501767303248, 0.23707886958686056, 0.28677376130021726, 0.149269982790423, 0.18252229434683934, 0.1385183495247022, 0.14788928891829883, 0.16819460045615678, 0.3347773416832569, 0.2691785071871152, 0.3204252746528993, 0.09153578048698918, 0.21656176272867164, 0.014752173580242606, 0.21952009342752005, 0.5098111661043223, 1.0, 0.2071996734547042, 0.3586018111736509, 0.22771408362217452, 0.2580106929014739, 0.16424290790683657, 0.24882226334499488, 0.3056707719176796, 0.11091752087718652, 0.017729137460011018, 0.21337864250535926, 0.18601934374249743, 0.28533619692250944, 0.27494932714078757, 0.10419170711613829, 0.20116711358523404, 0.20789068212954018, 0.09953336960731761, 0.3107827815062153, 0.10056236892941643, 0.10547479401592395, 0.13319170919579426, 0.3273804864170294, 0.173888749342197, -0.005094055214635926, 0.09049311214474559, 0.1327738216359181, 0.4404329004744255, 0.20221978112824224, 0.20962856283152798, 0.06257517905246571, 0.17721881452068947, 0.22093230712645176, 0.194973782004785, 0.1401814246932751, 0.1844481558717543, 0.0420582120529298, 0.270992358136463, 0.2037217656600687, 0.18060332475845575, 0.12283418776665131, 0.22043147870553023, 0.16143798934883102, 0.23459578006269555, 0.09734261992271286, 0.2970432085938368, 0.14063870517918836, 0.3004592445232539, -0.0065484901565169866, 0.07044951654079248, 0.2031383004884484]
