[1.0, 0.9196543, 0.9156021, 0.9188178, 0.897026, 0.91170424, 0.91497964, 0.92272425, 0.93151265, 0.92581385, 0.9215841, 0.89127195, 0.89154696, 0.9268664, 0.92047125, 0.8919656, 0.9154688, 0.91764164, 0.93565094, 0.935651, 0.9228341, 0.91731405, 0.92692345, 0.92733663, 0.8718633, 0.90906984, 0.92656046, 0.93688774, 0.8903461, 0.90911925, 0.8747842, 0.92572236, 0.86618227, 0.9382297, 0.93188363, 0.9168808, 0.92222893, 0.9138435, 0.89167017, 0.9053311, 0.93922275, 0.9089393, 0.886444, 0.8990429, 0.9248927, 0.9129953, 0.9267288, 0.91834664, 0.91951907, 0.91279346, 0.9315987, 0.91241866, 0.9178389, 0.91423076, 0.9364698, 0.9307034, 0.9254637, 0.9386766, 0.94087446, 0.9214482, 0.9249059, 0.92389685, 0.9578305, 0.89147806, 0.92064553, 0.9306692, 0.9005082, 0.9120968, 0.9354732, 0.9385029, 0.9395184, 0.93607306, 0.9169955, 0.9107504, 0.9260054, 0.90226597, 0.9080254, 0.9335664, 0.84017324, 0.89622897, 0.9369221, 0.9401526, 0.9494022, 0.8901951, 0.924553, 0.9261924, 0.936874, 0.9209153, 0.9194466, 0.92061925, 0.9100841, 0.89734465, 0.8980739, 0.88241184, 0.93273, 0.890582, 0.92754334, 0.86831206, 0.9097781, 0.9244216, 0.87888306, 0.93469703, 0.9191184, 0.9161572, 0.925225, 0.9212601, 0.91502404, 0.9119098, 0.9215412, 0.8891254, 0.9293372, 0.93414825, 0.9205949, 0.9277726, 0.90613794, 0.9451158, 0.8849976, 0.9069564, 0.9054991, 0.90752995, 0.9065381, 0.9293198, 0.91430116, 0.9007582, 0.9415896, 0.867393, 0.8806428, 0.91277677, 0.90980273, 0.91442436, 0.90612924, 0.929962, 0.9258876, 0.9334615]
[0.9196543, 1.0, 0.96313214, 0.90860844, 0.90873, 0.89890844, 0.96967375, 0.9861961, 0.9568026, 0.9094738, 0.9246425, 0.88572246, 0.8942214, 0.89280874, 0.8952837, 0.87709206, 0.87623227, 0.9128346, 0.89630467, 0.89630467, 0.91666704, 0.91613823, 0.89908564, 0.9093903, 0.8666945, 0.8642172, 0.87968946, 0.9055663, 0.8478554, 0.86933535, 0.8903245, 0.8817953, 0.83316326, 0.92123073, 0.9436568, 0.9445206, 0.931756, 0.9502722, 0.9391244, 0.9562576, 0.94379264, 0.9336448, 0.9337364, 0.9189676, 0.951497, 0.93549687, 0.9326487, 0.89362967, 0.87949634, 0.8671736, 0.8911058, 0.9034926, 0.91342574, 0.8927221, 0.89401907, 0.89055866, 0.89714, 0.90340084, 0.9098566, 0.9155719, 0.88925976, 0.881742, 0.92549884, 0.8936438, 0.9232725, 0.94095725, 0.9182511, 0.8899215, 0.90308905, 0.94337314, 0.9341484, 0.9364203, 0.93435144, 0.87479913, 0.92362034, 0.90118843, 0.9129898, 0.9167714, 0.8623643, 0.8951436, 0.90007883, 0.9083574, 0.9061352, 0.88760406, 0.89629626, 0.876812, 0.90459937, 0.888419, 0.89614296, 0.89006686, 0.88598984, 0.88072336, 0.86899775, 0.8960076, 0.89894104, 0.9173672, 0.9258735, 0.8921651, 0.9270286, 0.9078295, 0.9000138, 0.8635451, 0.95004207, 0.85483044, 0.8778477, 0.89370656, 0.90630066, 0.91762334, 0.9455304, 0.88150096, 0.90061325, 0.906816, 0.89303935, 0.91022897, 0.90361804, 0.9241129, 0.8810723, 0.9051736, 0.9111282, 0.87395674, 0.9330402, 0.91973335, 0.88571167, 0.89671385, 0.9173372, 0.8624958, 0.8711431, 0.9098031, 0.9295103, 0.8801384, 0.92677563, 0.9051945, 0.8984394, 0.95237774]
[0.9156021, 0.96313214, 1.0000001, 0.9071269, 0.9091782, 0.8983052, 0.9856602, 0.9673945, 0.971772, 0.8959839, 0.92328537, 0.8951306, 0.896017, 0.89353347, 0.8782821, 0.8629316, 0.8825235, 0.9062826, 0.91032934, 0.9103293, 0.90588, 0.9202673, 0.89176923, 0.89966947, 0.88292533, 0.8750926, 0.90254337, 0.90552765, 0.8745087, 0.87150717, 0.89720565, 0.8870096, 0.8642623, 0.8980845, 0.93272495, 0.94934785, 0.93846077, 0.94270104, 0.943902, 0.93886477, 0.9553167, 0.9410735, 0.9452785, 0.93285197, 0.96238065, 0.9235686, 0.9266718, 0.9176776, 0.89209634, 0.8745305, 0.89602274, 0.89629525, 0.91072446, 0.9224688, 0.8883659, 0.89554596, 0.8807081, 0.9166989, 0.91642344, 0.930231, 0.898465, 0.8682495, 0.9198564, 0.8977722, 0.9237312, 0.934715, 0.922778, 0.8740893, 0.9051759, 0.9252429, 0.92572105, 0.9228301, 0.94856364, 0.8743734, 0.92039573, 0.8916897, 0.9208847, 0.9047899, 0.8649564, 0.89236414, 0.89918816, 0.8943857, 0.9047254, 0.86572146, 0.8902702, 0.86950916, 0.8971235, 0.8745863, 0.9028099, 0.8777006, 0.8798436, 0.8531618, 0.86356276, 0.8742496, 0.88503283, 0.89154243, 0.9158827, 0.8747271, 0.89730406, 0.90950197, 0.88739055, 0.8824786, 0.9561407, 0.87425953, 0.8880943, 0.89790004, 0.8806581, 0.91981196, 0.92686284, 0.8623018, 0.8796432, 0.9151094, 0.8654637, 0.9048361, 0.87877095, 0.9155617, 0.8477845, 0.9119885, 0.9027132, 0.8881516, 0.9425284, 0.91243196, 0.92384875, 0.88798, 0.9189622, 0.85606223, 0.84585834, 0.9204959, 0.91449356, 0.86089504, 0.9016584, 0.9173259, 0.9266841, 0.94469523]
[0.9188178, 0.90860844, 0.9071269, 0.99999994, 0.9448484, 0.95538056, 0.90883964, 0.9058421, 0.92802763, 0.9158383, 0.92216295, 0.8966569, 0.8789074, 0.91028666, 0.87181115, 0.86207205, 0.8725177, 0.90692073, 0.91467077, 0.91467077, 0.90550965, 0.9042953, 0.89574164, 0.90027845, 0.8506957, 0.8799105, 0.9038887, 0.9197722, 0.8966202, 0.86363256, 0.8721477, 0.9070315, 0.85836375, 0.89718986, 0.9319095, 0.8983927, 0.9031302, 0.90207475, 0.8725959, 0.88070834, 0.9082458, 0.8883195, 0.87038374, 0.8741684, 0.90141, 0.88525176, 0.89418536, 0.8883435, 0.9369201, 0.928688, 0.98430264, 0.89006084, 0.89287835, 0.9099117, 0.92058814, 0.91131866, 0.88296217, 0.92677385, 0.9209437, 0.93211204, 0.9428768, 0.8828219, 0.9154598, 0.91920733, 0.9378331, 0.92198694, 0.9227336, 0.87792933, 0.9121189, 0.9101319, 0.9088258, 0.8977486, 0.9235471, 0.9073951, 0.9506188, 0.8767766, 0.8990699, 0.9283718, 0.8489381, 0.88086647, 0.8842996, 0.9149031, 0.9251022, 0.9036114, 0.90605146, 0.9144682, 0.90911615, 0.9060247, 0.93676555, 0.90403444, 0.8885296, 0.88386345, 0.907228, 0.89361924, 0.9136357, 0.8730413, 0.90430504, 0.89594877, 0.9211391, 0.91337353, 0.9103203, 0.89819753, 0.90000445, 0.9263803, 0.90873146, 0.9032099, 0.8941819, 0.9282589, 0.9020965, 0.84550434, 0.8907085, 0.9270249, 0.87785435, 0.87828034, 0.90879095, 0.91246563, 0.8526255, 0.88380647, 0.92958987, 0.9210643, 0.91028327, 0.8990985, 0.89946496, 0.92348564, 0.90769315, 0.8345703, 0.89733374, 0.90313274, 0.8900927, 0.8955906, 0.9157013, 0.90798557, 0.9218419, 0.9256692]
[0.897026, 0.90873, 0.9091782, 0.9448484, 0.99999994, 0.9349454, 0.9151523, 0.90870714, 0.9174237, 0.8970571, 0.91209745, 0.88022894, 0.8724618, 0.8904878, 0.86968553, 0.86040473, 0.86880946, 0.9110138, 0.8992579, 0.8992579, 0.8795764, 0.8948627, 0.87292945, 0.88363653, 0.84600544, 0.8705876, 0.8952368, 0.8975315, 0.8806867, 0.85710025, 0.86873955, 0.8870885, 0.85047966, 0.8675302, 0.9253858, 0.90439487, 0.8996669, 0.8944242, 0.88295305, 0.89187896, 0.90000814, 0.88239497, 0.8783121, 0.86731213, 0.89987075, 0.8816639, 0.8949926, 0.8680216, 0.91072476, 0.8939795, 0.9261126, 0.87723356, 0.88205254, 0.8950885, 0.8881874, 0.89662844, 0.86802685, 0.90505195, 0.9120155, 0.90845543, 0.9099303, 0.86943954, 0.8943381, 0.918027, 0.93598694, 0.9231008, 0.92634654, 0.864887, 0.8883695, 0.9007101, 0.89869046, 0.88846517, 0.92526084, 0.8753078, 0.9305709, 0.88297874, 0.89934456, 0.9023305, 0.85349363, 0.8678638, 0.87249035, 0.9111346, 0.91105616, 0.88956267, 0.88587, 0.8834675, 0.90059376, 0.8852719, 0.91291374, 0.8806086, 0.8769024, 0.8774891, 0.86610216, 0.8968583, 0.87767684, 0.87148774, 0.88930386, 0.8897634, 0.9102756, 0.8890129, 0.9066348, 0.87839913, 0.9032059, 0.88906527, 0.9157006, 0.89223623, 0.86826164, 0.9246754, 0.8863152, 0.84113157, 0.85475916, 0.9163725, 0.8608434, 0.87397647, 0.89034593, 0.8958865, 0.8450622, 0.8912871, 0.9146716, 0.8869998, 0.91587985, 0.8827204, 0.886501, 0.94263834, 0.87537706, 0.8254217, 0.8765635, 0.89543474, 0.89140314, 0.8811191, 0.9152765, 0.89061457, 0.88726294, 0.93494254]
[0.91170424, 0.89890844, 0.8983052, 0.95538056, 0.9349454, 1.0, 0.89953226, 0.89813447, 0.92850465, 0.9083028, 0.9079296, 0.8870961, 0.8813704, 0.9007264, 0.8700764, 0.85198593, 0.87730056, 0.8985142, 0.9053394, 0.9053394, 0.89320725, 0.90427285, 0.88771164, 0.88673794, 0.851049, 0.87845546, 0.9024559, 0.9064664, 0.89177066, 0.86551005, 0.8675194, 0.9055007, 0.85948175, 0.8937042, 0.9294874, 0.8953987, 0.89922667, 0.89020663, 0.86377084, 0.8706909, 0.90136206, 0.880892, 0.8630465, 0.8701415, 0.8901469, 0.87598616, 0.8912896, 0.881426, 0.9255047, 0.90669936, 0.9461253, 0.88669455, 0.88952535, 0.921784, 0.9228683, 0.9125959, 0.88636154, 0.9275265, 0.9214693, 0.9289864, 0.943072, 0.8891522, 0.9113249, 0.90928966, 0.9318935, 0.91940314, 0.919468, 0.8725884, 0.911526, 0.90456426, 0.9016926, 0.88867736, 0.91393393, 0.89791757, 0.933178, 0.88092893, 0.88755137, 0.9165502, 0.835534, 0.8686569, 0.8820696, 0.90010524, 0.9171788, 0.87329674, 0.89917386, 0.9106117, 0.889714, 0.8884113, 0.91271275, 0.8985184, 0.8761473, 0.8803662, 0.8970033, 0.88004375, 0.8946665, 0.86122555, 0.8909433, 0.88075465, 0.91075057, 0.9021856, 0.8874532, 0.90602976, 0.89543295, 0.9016857, 0.9068124, 0.8967113, 0.887846, 0.9332389, 0.89535314, 0.8426997, 0.87867945, 0.91978955, 0.8754977, 0.8769622, 0.8897111, 0.917349, 0.82942396, 0.88385034, 0.92278886, 0.9149977, 0.9030472, 0.89519614, 0.8945028, 0.91317034, 0.90160817, 0.8381692, 0.87194943, 0.90091795, 0.8862931, 0.8731193, 0.89813584, 0.89972687, 0.9119303, 0.9207513]
[0.91497964, 0.96967375, 0.9856602, 0.90883964, 0.9151523, 0.89953226, 1.0, 0.97384495, 0.9703372, 0.9071902, 0.9271983, 0.90125424, 0.9069549, 0.90525293, 0.8899075, 0.8742953, 0.88880956, 0.91488963, 0.91431975, 0.91431963, 0.9134502, 0.9278928, 0.90074944, 0.906625, 0.8874491, 0.87678367, 0.8969631, 0.91253966, 0.8748694, 0.8744604, 0.90197444, 0.88926923, 0.8617838, 0.9049135, 0.9385887, 0.9547285, 0.94004464, 0.94797987, 0.9485127, 0.95063126, 0.95351297, 0.9457232, 0.94732714, 0.93560946, 0.95580655, 0.93636286, 0.9369047, 0.9032514, 0.89586824, 0.88251126, 0.89665675, 0.8974245, 0.910104, 0.90864444, 0.88920355, 0.89248073, 0.88139445, 0.9111796, 0.9144663, 0.92437303, 0.90270096, 0.8796213, 0.9188522, 0.9017861, 0.9254504, 0.9368129, 0.91995734, 0.8840032, 0.90560406, 0.92660016, 0.92428696, 0.9240273, 0.9412162, 0.8767821, 0.92886674, 0.9013027, 0.92383265, 0.9163974, 0.8749151, 0.9025623, 0.9026109, 0.9023044, 0.9081911, 0.87679976, 0.8991921, 0.87672716, 0.9080814, 0.88061523, 0.90350264, 0.88657826, 0.89016354, 0.87520146, 0.8727597, 0.8915394, 0.8907321, 0.89622515, 0.9175024, 0.8815446, 0.9118508, 0.91062546, 0.89454937, 0.8730578, 0.96430445, 0.8747377, 0.8918277, 0.89076686, 0.888024, 0.92051834, 0.93878317, 0.88196826, 0.88607943, 0.91649455, 0.8758614, 0.9064384, 0.89127266, 0.90904784, 0.86987185, 0.911689, 0.91026855, 0.8875039, 0.93542916, 0.90725106, 0.920077, 0.8977758, 0.916721, 0.8675217, 0.8608521, 0.9156213, 0.9213905, 0.87676233, 0.9097276, 0.917556, 0.91957176, 0.9458511]
[0.92272425, 0.9861961, 0.9673945, 0.9058421, 0.90870714, 0.89813447, 0.97384495, 1.0000001, 0.9561234, 0.9131782, 0.9302143, 0.89450854, 0.899394, 0.9003183, 0.90563005, 0.88822544, 0.88199395, 0.91817427, 0.90543914, 0.90543926, 0.9191036, 0.92054635, 0.9107985, 0.91724926, 0.87392086, 0.8750441, 0.8873612, 0.91135573, 0.8492579, 0.87796056, 0.89285743, 0.8888479, 0.8381919, 0.9234106, 0.9438433, 0.94982576, 0.9377169, 0.9534419, 0.94174373, 0.9550223, 0.94468457, 0.9342692, 0.9357783, 0.92673236, 0.9520901, 0.93886745, 0.9405732, 0.9003079, 0.88267267, 0.8675065, 0.89148736, 0.9036336, 0.9146688, 0.89626646, 0.8951657, 0.8906203, 0.89394873, 0.9085585, 0.91421634, 0.9164685, 0.8925405, 0.8867629, 0.9261248, 0.8914354, 0.9253167, 0.94073194, 0.9195935, 0.8976776, 0.9083909, 0.94325876, 0.9374472, 0.93545955, 0.9343802, 0.8753235, 0.9213508, 0.90293425, 0.9169475, 0.9179025, 0.8669349, 0.89773935, 0.90336275, 0.910588, 0.9123566, 0.88609326, 0.90082246, 0.87908024, 0.91083115, 0.8928813, 0.8975535, 0.88946295, 0.8910061, 0.8835496, 0.8706294, 0.8931307, 0.9031479, 0.9151851, 0.9280171, 0.8929875, 0.92341465, 0.9124406, 0.8982243, 0.86876994, 0.95180154, 0.86180663, 0.88381344, 0.8972404, 0.9091855, 0.920706, 0.9502962, 0.88379145, 0.90072674, 0.9111203, 0.89691067, 0.91378707, 0.9023102, 0.9233744, 0.88023937, 0.9103889, 0.907591, 0.8766809, 0.9344614, 0.9206766, 0.8902491, 0.8955499, 0.9203471, 0.8646772, 0.8720723, 0.9125821, 0.93306327, 0.881809, 0.92395806, 0.90705377, 0.902352, 0.95583063]
[0.93151265, 0.9568026, 0.971772, 0.92802763, 0.9174237, 0.92850465, 0.9703372, 0.9561234, 1.0000001, 0.90615946, 0.9260295, 0.8900561, 0.896861, 0.9062544, 0.8913462, 0.86228526, 0.89151454, 0.91511357, 0.9209975, 0.92099756, 0.9102674, 0.929079, 0.9040332, 0.9099583, 0.8724145, 0.8778073, 0.9119913, 0.9200361, 0.886358, 0.881086, 0.88755727, 0.9013839, 0.86400646, 0.915417, 0.9393014, 0.94634527, 0.94389766, 0.9421157, 0.93099535, 0.93327683, 0.96516746, 0.9383179, 0.932681, 0.9242821, 0.9591341, 0.9206581, 0.927139, 0.9185067, 0.91687167, 0.89610803, 0.91882396, 0.91806805, 0.92041546, 0.9314556, 0.9299299, 0.9250781, 0.9101433, 0.94343776, 0.9366887, 0.94294643, 0.9288203, 0.8948004, 0.9409362, 0.90478045, 0.93457055, 0.9483386, 0.92838275, 0.8898673, 0.9237741, 0.936272, 0.93126905, 0.9281533, 0.9381946, 0.9031745, 0.9400413, 0.89453155, 0.913638, 0.9201441, 0.8483207, 0.89321357, 0.9109863, 0.9173478, 0.9286988, 0.88059926, 0.9163404, 0.90596145, 0.9132601, 0.8975848, 0.9180689, 0.9046055, 0.889767, 0.87529963, 0.89631045, 0.8952632, 0.9069221, 0.8875653, 0.91987044, 0.8823416, 0.9116569, 0.92000085, 0.89754784, 0.91274756, 0.9603533, 0.8875251, 0.9064475, 0.92169005, 0.8981184, 0.9333796, 0.9375718, 0.8725313, 0.9030634, 0.92524374, 0.8792495, 0.9104278, 0.89635074, 0.933111, 0.85597247, 0.9091799, 0.9181172, 0.9050791, 0.93383133, 0.9251229, 0.9214222, 0.90014714, 0.93253326, 0.85138273, 0.8564949, 0.9138661, 0.91900736, 0.88344276, 0.9104573, 0.9255422, 0.9335874, 0.9532412]
[0.92581385, 0.9094738, 0.8959839, 0.9158383, 0.8970571, 0.9083028, 0.9071902, 0.9131782, 0.90615946, 1.0000001, 0.9510159, 0.91730154, 0.9262375, 0.95666337, 0.9417835, 0.9112431, 0.9193374, 0.93400884, 0.93049777, 0.9304979, 0.97131205, 0.93874574, 0.94986534, 0.95390505, 0.9066322, 0.9239606, 0.9169878, 0.9475705, 0.8916379, 0.91104585, 0.9049114, 0.93114245, 0.8668795, 0.90352416, 0.92110276, 0.8963598, 0.88243216, 0.89124984, 0.87363327, 0.89533406, 0.8912436, 0.88418126, 0.8653231, 0.87385845, 0.89603794, 0.9065991, 0.92968315, 0.9082, 0.89490926, 0.89192617, 0.91443485, 0.8849162, 0.89681363, 0.8896817, 0.90214473, 0.89806765, 0.89498526, 0.9084062, 0.9180071, 0.90875596, 0.8999324, 0.8925592, 0.91135514, 0.8762744, 0.90731186, 0.8997749, 0.8801256, 0.91609645, 0.9250334, 0.91258526, 0.90564764, 0.89964104, 0.8978156, 0.88018167, 0.92115974, 0.89572, 0.8902407, 0.9598436, 0.8746149, 0.9123631, 0.92624086, 0.9144179, 0.9200677, 0.891702, 0.909001, 0.9099477, 0.9091917, 0.90599066, 0.9011634, 0.90141463, 0.89469725, 0.89935875, 0.8714689, 0.88557595, 0.9030301, 0.8724522, 0.8898897, 0.892818, 0.93525577, 0.88320976, 0.87219244, 0.8788613, 0.9023617, 0.8876913, 0.90436655, 0.8755737, 0.9247247, 0.8956791, 0.8962355, 0.871687, 0.8954607, 0.9114949, 0.92229146, 0.8995336, 0.89484954, 0.92606044, 0.8643263, 0.9313965, 0.8996777, 0.9010905, 0.8844078, 0.89463466, 0.89109534, 0.9110079, 0.89581966, 0.8811106, 0.8757578, 0.8903515, 0.8974626, 0.8919701, 0.90138865, 0.9009857, 0.8935318, 0.9149631]
[0.9215841, 0.9246425, 0.92328537, 0.92216295, 0.91209745, 0.9079296, 0.9271983, 0.9302143, 0.9260295, 0.9510159, 0.99999994, 0.9227609, 0.9269825, 0.9371581, 0.9379158, 0.90893924, 0.9235192, 0.93785757, 0.9337241, 0.9337242, 0.94783396, 0.9334517, 0.94165516, 0.9522449, 0.90876156, 0.9169125, 0.91958815, 0.93735516, 0.8930597, 0.89796996, 0.91714084, 0.92790484, 0.87333494, 0.8929, 0.9376282, 0.91441524, 0.904076, 0.9106538, 0.89208645, 0.9004175, 0.90112686, 0.895835, 0.8848449, 0.89602643, 0.9130138, 0.9090539, 0.94095165, 0.91267514, 0.8940226, 0.8763425, 0.9097887, 0.88110393, 0.8967654, 0.9030631, 0.8996499, 0.8838032, 0.8893588, 0.9133126, 0.91932225, 0.92446446, 0.9032342, 0.87694746, 0.91728926, 0.89429474, 0.9166726, 0.9018999, 0.90175873, 0.90624845, 0.92488545, 0.92165345, 0.92025083, 0.9084379, 0.92277265, 0.8654938, 0.9177444, 0.89955026, 0.9079428, 0.950653, 0.8861664, 0.9080774, 0.911765, 0.91114104, 0.9140501, 0.88637406, 0.8856115, 0.88921845, 0.9066741, 0.8958524, 0.91361046, 0.88318604, 0.8890078, 0.8937811, 0.8677469, 0.894971, 0.895549, 0.8922531, 0.90710616, 0.9136403, 0.94267714, 0.89608, 0.8937892, 0.8717244, 0.9242617, 0.8849466, 0.89487964, 0.88453215, 0.922615, 0.9199521, 0.90189743, 0.8661508, 0.88162965, 0.92215717, 0.9055294, 0.9021477, 0.8966222, 0.9272726, 0.8638359, 0.93391675, 0.9003168, 0.9039143, 0.912042, 0.8920605, 0.90635675, 0.9029888, 0.8971505, 0.87201893, 0.88088137, 0.908058, 0.9094429, 0.8836862, 0.9238382, 0.9117376, 0.91317147, 0.9242389]
[0.89127195, 0.88572246, 0.8951306, 0.8966569, 0.88022894, 0.8870961, 0.90125424, 0.89450854, 0.8900561, 0.91730154, 0.9227609, 0.99999994, 0.9563888, 0.9298527, 0.9162816, 0.9518541, 0.928506, 0.90485317, 0.9256306, 0.92563075, 0.9291721, 0.9401492, 0.92798495, 0.9240957, 0.9435828, 0.9335815, 0.9082595, 0.9339834, 0.8956051, 0.92453, 0.9483582, 0.92663395, 0.88531953, 0.86631733, 0.9065745, 0.87602276, 0.8626719, 0.8785352, 0.8707086, 0.8750135, 0.8780261, 0.8702131, 0.8642729, 0.8820637, 0.8724107, 0.8631717, 0.91493887, 0.91222245, 0.8793113, 0.8812691, 0.8968258, 0.85477185, 0.8811069, 0.89071494, 0.86250687, 0.8756408, 0.858033, 0.87522, 0.8960614, 0.88698053, 0.8781942, 0.8572749, 0.8738746, 0.8729148, 0.8830109, 0.87139386, 0.8695265, 0.89875966, 0.9219588, 0.88905215, 0.89079076, 0.87056696, 0.89595413, 0.84245014, 0.89452255, 0.88568825, 0.89412284, 0.9160459, 0.9059882, 0.9257588, 0.90285486, 0.86773247, 0.87083113, 0.8327215, 0.8482347, 0.8542423, 0.8733304, 0.85991615, 0.8695942, 0.8581781, 0.87674636, 0.85735273, 0.8412674, 0.8560383, 0.86496985, 0.85565466, 0.86779064, 0.8711991, 0.9018036, 0.87809134, 0.8670236, 0.85841703, 0.8898546, 0.87334144, 0.8820265, 0.8585252, 0.9008313, 0.89719576, 0.8683605, 0.85514534, 0.8501592, 0.8974134, 0.8963464, 0.8852711, 0.8741337, 0.90307605, 0.83393, 0.91441953, 0.87651557, 0.8861601, 0.8874309, 0.86297345, 0.90013593, 0.86760134, 0.86629957, 0.90875274, 0.83095485, 0.90805334, 0.88072157, 0.8601216, 0.8663137, 0.88810164, 0.89766556, 0.8786053]
[0.89154696, 0.8942214, 0.896017, 0.8789074, 0.8724618, 0.8813704, 0.9069549, 0.899394, 0.896861, 0.9262375, 0.9269825, 0.9563888, 1.0, 0.9314351, 0.9199491, 0.93269414, 0.9284878, 0.92041343, 0.9247856, 0.9247857, 0.9356911, 0.9533593, 0.92218894, 0.91995525, 0.94943696, 0.92401254, 0.91302514, 0.92662436, 0.8927472, 0.9169203, 0.9484278, 0.9260128, 0.89063776, 0.86795986, 0.90924615, 0.8859981, 0.8695884, 0.8830294, 0.8748364, 0.88082063, 0.8787984, 0.8784428, 0.86896545, 0.8934534, 0.87352383, 0.8743429, 0.92622644, 0.9001922, 0.8598748, 0.8606358, 0.87404555, 0.8448109, 0.86570007, 0.88083565, 0.8617081, 0.8643573, 0.85217094, 0.8731134, 0.8896518, 0.88896435, 0.86780447, 0.85482407, 0.8763749, 0.86118096, 0.8731009, 0.8684486, 0.85937697, 0.8870045, 0.91247004, 0.880178, 0.87803966, 0.8609454, 0.89510906, 0.8257461, 0.88573205, 0.88558966, 0.8928055, 0.91450727, 0.8986436, 0.90940756, 0.8987802, 0.8689109, 0.869109, 0.8314964, 0.8471966, 0.8482397, 0.87134343, 0.8520373, 0.8578155, 0.85520685, 0.8548166, 0.85252655, 0.82818997, 0.8480034, 0.85304195, 0.84991735, 0.85746235, 0.86275893, 0.917858, 0.86647797, 0.8538308, 0.842924, 0.89915305, 0.8546946, 0.87302214, 0.83866227, 0.8905431, 0.8939906, 0.8706677, 0.8457939, 0.84402686, 0.8900636, 0.8833654, 0.8796564, 0.8613015, 0.9041845, 0.8237723, 0.9064264, 0.8716765, 0.8750031, 0.88536465, 0.8539648, 0.8878506, 0.8655365, 0.8567652, 0.91673905, 0.8301232, 0.89893484, 0.88002634, 0.8427947, 0.8615043, 0.87965137, 0.8816814, 0.8821209]
[0.9268664, 0.89280874, 0.89353347, 0.91028666, 0.8904878, 0.9007264, 0.90525293, 0.9003183, 0.9062544, 0.95666337, 0.9371581, 0.9298527, 0.9314351, 1.0000001, 0.9363531, 0.9186725, 0.9445103, 0.937163, 0.95493686, 0.9549369, 0.960582, 0.952942, 0.9514924, 0.95156235, 0.9223063, 0.9458851, 0.9321113, 0.9592827, 0.92832065, 0.92397946, 0.9145248, 0.9587167, 0.9054019, 0.8929817, 0.90810055, 0.8952609, 0.8890577, 0.8895679, 0.87151754, 0.8875905, 0.8955533, 0.8850143, 0.86646086, 0.88522595, 0.8893798, 0.8901108, 0.92557186, 0.91354424, 0.89709383, 0.88800114, 0.9154043, 0.88925904, 0.89682925, 0.89692247, 0.903307, 0.9040689, 0.8923819, 0.9154377, 0.9279085, 0.9141436, 0.9056501, 0.8866191, 0.91147286, 0.8725955, 0.8944297, 0.89073676, 0.8767398, 0.9104695, 0.93775403, 0.9042067, 0.9017876, 0.8896551, 0.89179695, 0.87825733, 0.9129801, 0.8868262, 0.9010394, 0.9415537, 0.8614704, 0.90402496, 0.9182446, 0.90883505, 0.9164284, 0.87274307, 0.88906366, 0.8979822, 0.90555894, 0.8989977, 0.90931326, 0.89649206, 0.90305334, 0.8961944, 0.87839484, 0.8823002, 0.90926206, 0.8638332, 0.8901223, 0.87751746, 0.92015004, 0.8849521, 0.8605766, 0.8860927, 0.90550697, 0.89089525, 0.9101498, 0.8808837, 0.9128076, 0.89273924, 0.89573556, 0.874028, 0.8853835, 0.9205169, 0.9205075, 0.89981, 0.8872918, 0.91270274, 0.8617844, 0.91309726, 0.88953006, 0.9140114, 0.87552893, 0.8823884, 0.90974045, 0.89664143, 0.88790524, 0.90532386, 0.8603488, 0.9053486, 0.89498055, 0.8961373, 0.8891688, 0.91083187, 0.91234267, 0.9039811]
[0.92047125, 0.8952837, 0.8782821, 0.87181115, 0.86968553, 0.8700764, 0.8899075, 0.90563005, 0.8913462, 0.9417835, 0.9379158, 0.9162816, 0.9199491, 0.9363531, 1.0, 0.9375815, 0.93460304, 0.932267, 0.92469543, 0.9246955, 0.93729997, 0.9228124, 0.9490424, 0.95889544, 0.9051586, 0.91427016, 0.92128253, 0.9505974, 0.85734695, 0.94425344, 0.9006895, 0.9107569, 0.85258704, 0.8978311, 0.90278125, 0.88430077, 0.86918044, 0.8793194, 0.8594522, 0.88137615, 0.8915, 0.86354595, 0.8466912, 0.8662371, 0.89474875, 0.8871638, 0.9225383, 0.91203296, 0.8657017, 0.85767114, 0.8709434, 0.8949683, 0.9022001, 0.8943347, 0.9082928, 0.8988728, 0.9279423, 0.9099335, 0.9257166, 0.8910791, 0.8778137, 0.8860368, 0.9007608, 0.8443094, 0.87407154, 0.8819205, 0.8607341, 0.9247436, 0.92039245, 0.9137565, 0.9125972, 0.8988666, 0.8779551, 0.85626614, 0.8911775, 0.8885915, 0.87790513, 0.92940843, 0.8613756, 0.90647435, 0.93103796, 0.9109748, 0.9066011, 0.8596086, 0.87995005, 0.8818688, 0.896727, 0.8976485, 0.87103796, 0.88436574, 0.8898982, 0.88800347, 0.8541905, 0.8719565, 0.8992257, 0.8774149, 0.8880773, 0.87258613, 0.9037006, 0.86414295, 0.85572684, 0.882088, 0.89665794, 0.85070574, 0.9074323, 0.8884309, 0.9363739, 0.887271, 0.8866681, 0.8699091, 0.8869457, 0.893326, 0.9297253, 0.9047059, 0.880408, 0.9317609, 0.8681652, 0.92965114, 0.86945087, 0.86772, 0.8726488, 0.8885852, 0.8736229, 0.87697846, 0.8782562, 0.87213016, 0.8348081, 0.882073, 0.89953583, 0.8960679, 0.88801277, 0.889934, 0.87516856, 0.9008677]
[0.8919656, 0.87709206, 0.8629316, 0.86207205, 0.86040473, 0.85198593, 0.8742953, 0.88822544, 0.86228526, 0.9112431, 0.90893924, 0.9518541, 0.93269414, 0.9186725, 0.9375815, 0.99999994, 0.92058563, 0.9042326, 0.9028566, 0.90285665, 0.9244814, 0.91464984, 0.9361334, 0.92562187, 0.91508734, 0.9224974, 0.89279836, 0.9274638, 0.8527914, 0.9403495, 0.92581666, 0.9142624, 0.8516624, 0.8817344, 0.885142, 0.8676633, 0.8493249, 0.87537533, 0.851655, 0.86837924, 0.87003213, 0.85312057, 0.84084606, 0.8579579, 0.86279726, 0.8588938, 0.9000418, 0.898994, 0.85264075, 0.85143906, 0.86254805, 0.86212075, 0.87599134, 0.870204, 0.8652256, 0.8756312, 0.87526095, 0.86734045, 0.89063454, 0.8665724, 0.8602153, 0.87350065, 0.87171215, 0.84897566, 0.8661169, 0.8655109, 0.84841454, 0.916827, 0.91612804, 0.8851034, 0.88756114, 0.86902046, 0.86938673, 0.8404004, 0.8662236, 0.87605786, 0.8683827, 0.90030235, 0.8926154, 0.9123825, 0.90479183, 0.88525087, 0.87488395, 0.8471701, 0.84248275, 0.8546749, 0.87704086, 0.8854507, 0.8582971, 0.8653007, 0.8664552, 0.86079496, 0.8372778, 0.8513321, 0.8664181, 0.8546383, 0.8594843, 0.87267184, 0.8921497, 0.858587, 0.85718656, 0.85951215, 0.86172646, 0.84494597, 0.87787646, 0.86245257, 0.9178356, 0.88097477, 0.86838365, 0.85823685, 0.85584015, 0.87753457, 0.9163548, 0.88218534, 0.87181693, 0.9096467, 0.8502513, 0.9005295, 0.8585287, 0.8557102, 0.8644881, 0.8638163, 0.8591204, 0.85922, 0.85730827, 0.8926834, 0.8328485, 0.8777372, 0.8722918, 0.87347114, 0.86553174, 0.869582, 0.8672536, 0.87606674]
[0.9154688, 0.87623227, 0.8825235, 0.8725177, 0.86880946, 0.87730056, 0.88880956, 0.88199395, 0.89151454, 0.9193374, 0.9235192, 0.928506, 0.9284878, 0.9445103, 0.93460304, 0.92058563, 1.0000001, 0.9174941, 0.9370061, 0.9370062, 0.9314226, 0.9301163, 0.93605125, 0.9349468, 0.93958527, 0.944026, 0.93844366, 0.9434616, 0.90450704, 0.93789047, 0.91549844, 0.94383484, 0.88616455, 0.87918967, 0.8909932, 0.8837897, 0.86769867, 0.8703297, 0.85911286, 0.871394, 0.89313745, 0.87545353, 0.8531091, 0.8863092, 0.8763893, 0.8645799, 0.90762794, 0.9162462, 0.8672863, 0.8495134, 0.88070744, 0.8654847, 0.87518126, 0.8833471, 0.8851683, 0.88972944, 0.8847092, 0.89277583, 0.907822, 0.89221203, 0.86968464, 0.8611466, 0.893692, 0.8513825, 0.8673458, 0.8691218, 0.8473147, 0.8967149, 0.91906565, 0.8826498, 0.883768, 0.87043035, 0.876189, 0.8457408, 0.8727546, 0.8730013, 0.8775527, 0.9103418, 0.8634096, 0.89752287, 0.92406356, 0.8849822, 0.88786983, 0.8270987, 0.85750145, 0.8637229, 0.885976, 0.86505926, 0.8665196, 0.8632101, 0.8661608, 0.86037457, 0.8364019, 0.8502131, 0.8727577, 0.84772384, 0.8573127, 0.84004855, 0.8934852, 0.8715701, 0.8391298, 0.88651574, 0.91075283, 0.8697611, 0.9018669, 0.86281574, 0.8974511, 0.87948436, 0.87299186, 0.84657085, 0.85564435, 0.8966747, 0.8997245, 0.89171016, 0.8533886, 0.919919, 0.83135295, 0.9201283, 0.85840017, 0.8811828, 0.8662712, 0.85666716, 0.8901862, 0.85888284, 0.863205, 0.89637375, 0.8229198, 0.8971908, 0.87055165, 0.8677041, 0.85391074, 0.88920724, 0.8860661, 0.8754177]
[0.91764164, 0.9128346, 0.9062826, 0.90692073, 0.9110138, 0.8985142, 0.91488963, 0.91817427, 0.91511357, 0.93400884, 0.93785757, 0.90485317, 0.92041343, 0.937163, 0.932267, 0.9042326, 0.9174941, 1.0000001, 0.94652236, 0.9465224, 0.9391163, 0.9376444, 0.9417141, 0.9465176, 0.90015674, 0.92628324, 0.9310366, 0.93698585, 0.904872, 0.9210636, 0.9045978, 0.92142266, 0.8926193, 0.90219545, 0.92299896, 0.8994015, 0.8889684, 0.90145713, 0.8789433, 0.8948927, 0.9027326, 0.8832318, 0.8725879, 0.88280696, 0.9065886, 0.8992193, 0.9139808, 0.88451546, 0.88205004, 0.8784858, 0.9003968, 0.8963729, 0.90214014, 0.8994231, 0.90157044, 0.90557337, 0.89834976, 0.91170746, 0.9209709, 0.9008583, 0.8925961, 0.89089274, 0.9090677, 0.87823343, 0.90552956, 0.90977204, 0.8944905, 0.8881005, 0.90333486, 0.92134607, 0.9149073, 0.9080907, 0.9101094, 0.87984735, 0.91377354, 0.88463205, 0.8927758, 0.9208242, 0.8567101, 0.88757527, 0.90234274, 0.9103295, 0.91479677, 0.8852937, 0.886172, 0.88803965, 0.9037999, 0.8934613, 0.8978443, 0.88902724, 0.8886402, 0.8827482, 0.8615234, 0.8798532, 0.9009537, 0.89294744, 0.9021733, 0.888032, 0.9076752, 0.8818003, 0.88901687, 0.8884779, 0.9122895, 0.8735025, 0.9072574, 0.89879817, 0.898611, 0.9075057, 0.89108837, 0.8653461, 0.89019287, 0.90694886, 0.892098, 0.8928204, 0.89220273, 0.9052554, 0.8627666, 0.8996474, 0.89763784, 0.8938936, 0.9022589, 0.9033008, 0.88978475, 0.89920694, 0.88728034, 0.88780797, 0.8610064, 0.8944623, 0.9074039, 0.89174867, 0.9106582, 0.89679986, 0.8920392, 0.92472297]
[0.93565094, 0.89630467, 0.91032934, 0.91467077, 0.8992579, 0.9053394, 0.91431975, 0.90543914, 0.9209975, 0.93049777, 0.9337241, 0.9256306, 0.9247856, 0.95493686, 0.92469543, 0.9028566, 0.9370061, 0.94652236, 1.0000001, 1.0000001, 0.9422137, 0.9426396, 0.9400943, 0.9416339, 0.9229974, 0.9376522, 0.9634169, 0.9508587, 0.94684404, 0.92094827, 0.90854675, 0.943071, 0.92471457, 0.9003995, 0.92160827, 0.8970777, 0.89697695, 0.8888486, 0.879761, 0.880134, 0.90885997, 0.882948, 0.8750143, 0.89132583, 0.89508235, 0.8843519, 0.9161471, 0.8987879, 0.91183084, 0.89821315, 0.92636174, 0.8866231, 0.8965217, 0.9145324, 0.9060068, 0.9079794, 0.8954715, 0.92054796, 0.92694056, 0.9184004, 0.918906, 0.8888393, 0.92065257, 0.8823115, 0.90171754, 0.8982278, 0.89182025, 0.8781476, 0.9121477, 0.91004694, 0.9115012, 0.898006, 0.9086622, 0.87860864, 0.91606045, 0.8870708, 0.9068531, 0.9263773, 0.84938616, 0.8882979, 0.90511346, 0.9041414, 0.91480076, 0.86363685, 0.8849419, 0.89424527, 0.9073103, 0.88558435, 0.9046208, 0.88588864, 0.89977, 0.8916284, 0.87860805, 0.8822716, 0.9042616, 0.87225354, 0.8992364, 0.8800292, 0.89451975, 0.9050411, 0.87915, 0.9018648, 0.9134633, 0.9071585, 0.9284201, 0.8949409, 0.8920709, 0.9043632, 0.8942722, 0.8555422, 0.88596785, 0.92950547, 0.89004886, 0.895582, 0.8885849, 0.90499717, 0.8616307, 0.90530133, 0.89216036, 0.92710775, 0.8986512, 0.8919936, 0.92571247, 0.8926922, 0.90141886, 0.8920075, 0.85529363, 0.9179058, 0.8893074, 0.8990713, 0.889354, 0.91655844, 0.9176885, 0.90832007]
[0.935651, 0.89630467, 0.9103293, 0.91467077, 0.8992579, 0.9053394, 0.91431963, 0.90543926, 0.92099756, 0.9304979, 0.9337242, 0.92563075, 0.9247857, 0.9549369, 0.9246955, 0.90285665, 0.9370062, 0.9465224, 1.0000001, 1.0, 0.9422139, 0.9426396, 0.9400945, 0.9416339, 0.92299753, 0.93765205, 0.9634169, 0.9508587, 0.94684404, 0.9209483, 0.9085469, 0.943071, 0.92471457, 0.9003995, 0.9216083, 0.89707774, 0.8969771, 0.8888486, 0.87976116, 0.880134, 0.9088601, 0.88294804, 0.8750143, 0.89132595, 0.8950825, 0.88435185, 0.9161472, 0.898788, 0.9118309, 0.89821315, 0.92636174, 0.88662314, 0.89652175, 0.9145324, 0.90600693, 0.9079795, 0.89547163, 0.92054814, 0.9269406, 0.9184004, 0.918906, 0.8888393, 0.92065257, 0.8823116, 0.90171754, 0.898228, 0.89182013, 0.8781477, 0.9121477, 0.910047, 0.9115013, 0.898006, 0.9086623, 0.87860864, 0.91606057, 0.88707083, 0.9068532, 0.92637736, 0.8493862, 0.8882979, 0.90511346, 0.9041415, 0.9148008, 0.86363685, 0.88494194, 0.8942453, 0.9073103, 0.8855843, 0.9046209, 0.8858887, 0.8997701, 0.89162844, 0.87860805, 0.8822716, 0.90426165, 0.87225354, 0.89923626, 0.8800293, 0.8945198, 0.9050411, 0.8791499, 0.90186495, 0.91346335, 0.90715855, 0.9284202, 0.8949409, 0.89207095, 0.9043632, 0.89427227, 0.85554236, 0.88596797, 0.92950547, 0.8900489, 0.8955821, 0.88858485, 0.9049973, 0.8616307, 0.9053014, 0.8921603, 0.9271078, 0.8986513, 0.89199376, 0.92571235, 0.8926924, 0.9014189, 0.8920075, 0.8552937, 0.9179058, 0.88930744, 0.89907134, 0.889354, 0.9165586, 0.9176885, 0.9083201]
[0.9228341, 0.91666704, 0.90588, 0.90550965, 0.8795764, 0.89320725, 0.9134502, 0.9191036, 0.9102674, 0.97131205, 0.94783396, 0.9291721, 0.9356911, 0.960582, 0.93729997, 0.9244814, 0.9314226, 0.9391163, 0.9422137, 0.9422139, 1.0, 0.9478101, 0.962698, 0.9598807, 0.9216784, 0.934871, 0.9198326, 0.94905543, 0.899542, 0.91952527, 0.920039, 0.9412355, 0.8824993, 0.91029674, 0.91952026, 0.89934605, 0.8876674, 0.90024, 0.87822187, 0.8955394, 0.8970673, 0.88985467, 0.87226546, 0.88605756, 0.90263605, 0.9024342, 0.93093884, 0.91308165, 0.8875867, 0.87856275, 0.90489984, 0.8838835, 0.89411706, 0.887697, 0.88863474, 0.8876816, 0.8862263, 0.89810896, 0.90882236, 0.90643704, 0.8900184, 0.8848269, 0.9142818, 0.8702832, 0.89923966, 0.89230317, 0.8750683, 0.9095694, 0.9218199, 0.917677, 0.91336185, 0.9060634, 0.90024346, 0.8686609, 0.90954417, 0.88452667, 0.8996447, 0.94418466, 0.87144077, 0.9078724, 0.91904926, 0.89898604, 0.90417874, 0.8790521, 0.88834953, 0.8886411, 0.8972042, 0.89161706, 0.8911793, 0.8866361, 0.889761, 0.88464975, 0.8692569, 0.8782642, 0.8958374, 0.8758019, 0.8937832, 0.88998723, 0.9243936, 0.8885694, 0.8629444, 0.8745255, 0.90543586, 0.88173765, 0.8925927, 0.87150365, 0.9185855, 0.8916593, 0.8998368, 0.86527324, 0.89255565, 0.90912396, 0.9131125, 0.90451944, 0.8850014, 0.9209922, 0.8612462, 0.92593175, 0.88442236, 0.90705854, 0.88840246, 0.89480114, 0.8991352, 0.893628, 0.8992328, 0.89993924, 0.85969436, 0.8983706, 0.89621985, 0.8858936, 0.8888862, 0.9070743, 0.9056049, 0.9074143]
[0.91731405, 0.91613823, 0.9202673, 0.9042953, 0.8948627, 0.90427285, 0.9278928, 0.92054635, 0.929079, 0.93874574, 0.9334517, 0.9401492, 0.9533593, 0.952942, 0.9228124, 0.91464984, 0.9301163, 0.9376444, 0.9426396, 0.9426396, 0.9478101, 1.0000001, 0.9422423, 0.9383803, 0.93239486, 0.9365358, 0.919838, 0.9384228, 0.9091046, 0.93078727, 0.94198376, 0.9396978, 0.8932123, 0.89476556, 0.92181253, 0.9027714, 0.89717376, 0.90368253, 0.8857245, 0.90038186, 0.918774, 0.8959193, 0.88371074, 0.8962022, 0.9074935, 0.889863, 0.92868644, 0.9177233, 0.8866664, 0.8842496, 0.89977413, 0.89822155, 0.9102558, 0.9130701, 0.9069049, 0.9179074, 0.8911935, 0.916249, 0.92411166, 0.91623765, 0.9072964, 0.88983387, 0.9109111, 0.877628, 0.9036787, 0.9122289, 0.8967103, 0.90946513, 0.9294844, 0.9103665, 0.91004086, 0.8988196, 0.9131994, 0.8930602, 0.9213662, 0.8809569, 0.9047635, 0.9310609, 0.8782503, 0.9183729, 0.9250916, 0.90786093, 0.91186917, 0.8657839, 0.8947346, 0.90302956, 0.90109164, 0.89251137, 0.90001076, 0.9101712, 0.89840347, 0.8700088, 0.87608445, 0.8787906, 0.9003919, 0.8664235, 0.8956391, 0.8722795, 0.91805553, 0.8863391, 0.8777729, 0.8846007, 0.9224188, 0.8673385, 0.8956593, 0.8936994, 0.90893286, 0.91176254, 0.90007895, 0.867191, 0.88547736, 0.90841573, 0.9089853, 0.90103745, 0.89082676, 0.9231769, 0.84779996, 0.9247604, 0.90422565, 0.90583104, 0.90234137, 0.9026933, 0.9089494, 0.8789743, 0.899899, 0.9054805, 0.83942175, 0.90706235, 0.90681064, 0.88513875, 0.8921518, 0.9067507, 0.904563, 0.9127428]
[0.92692345, 0.89908564, 0.89176923, 0.89574164, 0.87292945, 0.88771164, 0.90074944, 0.9107985, 0.9040332, 0.94986534, 0.94165516, 0.92798495, 0.92218894, 0.9514924, 0.9490424, 0.9361334, 0.93605125, 0.9417141, 0.9400943, 0.9400945, 0.962698, 0.9422423, 1.0, 0.97443867, 0.92947847, 0.9583424, 0.92303634, 0.9449476, 0.89630485, 0.945874, 0.9196506, 0.94575536, 0.8848205, 0.91479754, 0.9034599, 0.8862394, 0.8794163, 0.8898361, 0.8660707, 0.8781623, 0.89972496, 0.8755171, 0.8616046, 0.87883365, 0.8945051, 0.88083637, 0.9208278, 0.9240279, 0.88323134, 0.8810625, 0.8995044, 0.89419746, 0.90770453, 0.892387, 0.9066513, 0.9069403, 0.8995748, 0.9063069, 0.917145, 0.89436126, 0.8895333, 0.8926392, 0.9095855, 0.8589244, 0.89104605, 0.89576125, 0.873248, 0.934701, 0.93929803, 0.9146188, 0.9150578, 0.90232843, 0.8853496, 0.88033634, 0.9002656, 0.8781882, 0.8866862, 0.9381937, 0.86556333, 0.9121797, 0.9202562, 0.9059809, 0.91629285, 0.87016255, 0.88278407, 0.9027507, 0.8994994, 0.8999595, 0.88527864, 0.8973355, 0.891271, 0.8793414, 0.85417616, 0.87264156, 0.9074439, 0.87557095, 0.8924954, 0.88285553, 0.90590763, 0.8819565, 0.8629766, 0.9009528, 0.89543146, 0.8773934, 0.9018933, 0.8880955, 0.9311853, 0.89609194, 0.8945939, 0.87082744, 0.9074073, 0.90795434, 0.9348855, 0.90688235, 0.88053256, 0.9284468, 0.8555009, 0.9256568, 0.8797712, 0.8989638, 0.8798236, 0.9010621, 0.889162, 0.8676037, 0.9003542, 0.89735216, 0.85023546, 0.8948004, 0.9017272, 0.8830506, 0.89054406, 0.9020368, 0.9013314, 0.89881265]
[0.92733663, 0.9093903, 0.89966947, 0.90027845, 0.88363653, 0.88673794, 0.906625, 0.91724926, 0.9099583, 0.95390505, 0.9522449, 0.9240957, 0.91995525, 0.95156235, 0.95889544, 0.92562187, 0.9349468, 0.9465176, 0.9416339, 0.9416339, 0.9598807, 0.9383803, 0.97443867, 0.99999994, 0.9312176, 0.9567468, 0.93564236, 0.94811225, 0.90513825, 0.92917585, 0.9133496, 0.945864, 0.8857526, 0.9066533, 0.9123667, 0.884654, 0.87230057, 0.8872129, 0.8656634, 0.88210106, 0.89499843, 0.8722663, 0.8588216, 0.87377775, 0.90193945, 0.8828799, 0.9222953, 0.92639154, 0.8754579, 0.8698731, 0.89793533, 0.887823, 0.90061, 0.89701694, 0.90234107, 0.89856577, 0.9086044, 0.9136132, 0.9219202, 0.90471286, 0.8844929, 0.87214345, 0.90434796, 0.8570668, 0.8857586, 0.8861379, 0.88042927, 0.9113585, 0.9296507, 0.92365694, 0.9210123, 0.90877116, 0.8948546, 0.86409026, 0.90490705, 0.8810631, 0.89535105, 0.94672376, 0.86461025, 0.91032255, 0.92155206, 0.8979133, 0.9051614, 0.8665601, 0.8843314, 0.88620675, 0.8968552, 0.88564473, 0.88621455, 0.87657166, 0.8894207, 0.8754834, 0.8551336, 0.87677, 0.90654224, 0.8924544, 0.90023977, 0.88793784, 0.9098176, 0.8800148, 0.86597925, 0.8845158, 0.90903807, 0.8725626, 0.89818853, 0.8898487, 0.92492735, 0.8915948, 0.89185923, 0.8574572, 0.8929409, 0.90758073, 0.9154485, 0.90118784, 0.876083, 0.92453426, 0.85452795, 0.9385863, 0.8729782, 0.89177126, 0.89239657, 0.89631295, 0.89917105, 0.8783512, 0.8977986, 0.889356, 0.8460417, 0.90220404, 0.9045964, 0.8852883, 0.8967209, 0.90154517, 0.9021905, 0.90691614]
[0.8718633, 0.8666945, 0.88292533, 0.8506957, 0.84600544, 0.851049, 0.8874491, 0.87392086, 0.8724145, 0.9066322, 0.90876156, 0.9435828, 0.94943696, 0.9223063, 0.9051586, 0.91508734, 0.93958527, 0.90015674, 0.9229974, 0.92299753, 0.9216784, 0.93239486, 0.92947847, 0.9312176, 0.99999994, 0.94439477, 0.91644526, 0.90740865, 0.9059228, 0.9214906, 0.94284356, 0.91973805, 0.9098744, 0.84682024, 0.8753618, 0.85476387, 0.83652794, 0.8503166, 0.84751153, 0.84687126, 0.8609841, 0.8530437, 0.8451564, 0.8749775, 0.8544984, 0.8352573, 0.898846, 0.90308034, 0.8267666, 0.82285184, 0.85133576, 0.81929916, 0.846721, 0.8697032, 0.8374855, 0.8461916, 0.8341185, 0.8508014, 0.8672338, 0.86759776, 0.8350605, 0.81086147, 0.845983, 0.8271041, 0.8380539, 0.83692914, 0.83149123, 0.86631876, 0.8937236, 0.8578703, 0.8574531, 0.8443981, 0.86666054, 0.80241334, 0.85033435, 0.8579993, 0.87580967, 0.8933199, 0.88044775, 0.89672095, 0.882666, 0.83670706, 0.8418756, 0.79854727, 0.8120948, 0.8219488, 0.8459776, 0.8152928, 0.83059, 0.8215989, 0.83169943, 0.8190947, 0.79106706, 0.8187963, 0.8272417, 0.8319818, 0.8325354, 0.83703417, 0.87233996, 0.8497458, 0.8213055, 0.83667725, 0.8812909, 0.83486485, 0.86320674, 0.8242987, 0.86942333, 0.8591608, 0.8432006, 0.81486523, 0.81900674, 0.87281615, 0.86375195, 0.8652779, 0.8185083, 0.8831186, 0.79549813, 0.906496, 0.8260581, 0.8601961, 0.8670263, 0.8291488, 0.8872204, 0.82651216, 0.8387771, 0.92584115, 0.7792166, 0.8934418, 0.8485062, 0.81234884, 0.8246613, 0.86637264, 0.87121433, 0.84913886]
[0.90906984, 0.8642172, 0.8750926, 0.8799105, 0.8705876, 0.87845546, 0.87678367, 0.8750441, 0.8778073, 0.9239606, 0.9169125, 0.9335815, 0.92401254, 0.9458851, 0.91427016, 0.9224974, 0.944026, 0.92628324, 0.9376522, 0.93765205, 0.934871, 0.9365358, 0.9583424, 0.9567468, 0.94439477, 0.99999994, 0.93140703, 0.924529, 0.9268097, 0.9306127, 0.9239818, 0.9674516, 0.9124261, 0.8748732, 0.8813835, 0.8581991, 0.84751123, 0.8575654, 0.8425767, 0.85103756, 0.8716674, 0.8515249, 0.83890015, 0.8620097, 0.85689, 0.845636, 0.89752686, 0.90713215, 0.8640945, 0.8602205, 0.88769245, 0.85138994, 0.8730253, 0.8831178, 0.87110376, 0.892378, 0.86239046, 0.880642, 0.9009446, 0.8770872, 0.8697111, 0.85757416, 0.8728316, 0.841826, 0.86483985, 0.8637365, 0.84629303, 0.8910117, 0.9202986, 0.87739366, 0.8839907, 0.8612437, 0.8741149, 0.84280246, 0.8696475, 0.86075133, 0.8763542, 0.9130885, 0.86167395, 0.8889307, 0.9011912, 0.8711876, 0.883111, 0.8268041, 0.842492, 0.8635852, 0.8730396, 0.855221, 0.86456794, 0.85369354, 0.86866206, 0.84854907, 0.82609534, 0.8420749, 0.86972266, 0.8450635, 0.8537438, 0.8515005, 0.8796867, 0.86402714, 0.8345472, 0.8807098, 0.8698387, 0.87077314, 0.8943809, 0.860325, 0.8886329, 0.8732542, 0.8550508, 0.8350819, 0.85192317, 0.9000981, 0.89372873, 0.8821893, 0.8449014, 0.89766055, 0.8124004, 0.9079871, 0.84953505, 0.88356674, 0.86375326, 0.8572212, 0.89716893, 0.8465612, 0.86055976, 0.9154689, 0.81063074, 0.89161587, 0.8666965, 0.85437196, 0.855061, 0.88476545, 0.89336556, 0.86643636]
