[0.99999994, 0.86920744, 0.89568096, 0.89339167, 0.87866515, 0.9094367, 0.874825, 0.8413226, 0.9128363, 0.9122901, 0.8940703, 0.93373793, 0.8684124, 0.89386725, 0.8969396, 0.890552, 0.89980125, 0.8893621, 0.91666436, 0.90063286, 0.91953105, 0.8062989, 0.8668898, 0.8977793, 0.83659977, 0.8973056, 0.8983872, 0.90265995, 0.9052445, 0.8928967, 0.8553184, 0.9094365, 0.8767444, 0.9106282, 0.8767444, 0.9068835, 0.9103462, 0.86889637, 0.9491434, 0.89685917, 0.85901934, 0.9057343, 0.8494774, 0.8908073, 0.896593, 0.9128549, 0.876682, 0.8567868, 0.87703097, 0.8703697, 0.87188286, 0.90885395, 0.8800843, 0.9032496, 0.86371803, 0.90622175, 0.8753198, 0.8961227, 0.87567306, 0.86589533, 0.89806324, 0.8886236, 0.862339, 0.8812247, 0.90772766, 0.9002866, 0.89871705, 0.90189385, 0.9267148, 0.88736457, 0.8974491, 0.90169173, 0.8917308, 0.89177406, 0.8752588, 0.90464985, 0.8862607, 0.9001079, 0.87963176, 0.91209656, 0.88283765, 0.8934785, 0.8941387, 0.88797665, 0.8574569, 0.9046041, 0.889014, 0.8926268]
[0.86920744, 0.99999994, 0.92127264, 0.9476286, 0.90578634, 0.8801348, 0.88336444, 0.86819416, 0.8613221, 0.8899303, 0.8813199, 0.8935196, 0.879111, 0.90234613, 0.9151192, 0.89174175, 0.89022845, 0.8696027, 0.8538381, 0.87850493, 0.8832689, 0.8150579, 0.9038843, 0.8702965, 0.88406676, 0.87568986, 0.89920706, 0.8951714, 0.8954141, 0.9029339, 0.88046265, 0.8801349, 0.8341528, 0.86617833, 0.8341528, 0.89009917, 0.8692769, 0.8850854, 0.87572294, 0.87214905, 0.8639714, 0.87822264, 0.85116094, 0.8797759, 0.8825596, 0.88015634, 0.8760251, 0.86863834, 0.88548535, 0.8783797, 0.84987503, 0.9012938, 0.87008774, 0.8814844, 0.86661595, 0.89694065, 0.8411697, 0.90027505, 0.8323975, 0.8088591, 0.8578136, 0.9049214, 0.89828646, 0.8732822, 0.90119356, 0.864306, 0.91889566, 0.8860542, 0.85788405, 0.8332432, 0.8890339, 0.92572856, 0.90806013, 0.85419977, 0.8690392, 0.87797755, 0.8883452, 0.8913073, 0.90034014, 0.8865665, 0.84078175, 0.87396854, 0.89431155, 0.8488371, 0.8885827, 0.9164369, 0.88266593, 0.873525]
[0.89568096, 0.92127264, 1.0, 0.9479464, 0.9426908, 0.9169206, 0.86581, 0.8544746, 0.87755316, 0.88330215, 0.8782659, 0.89515376, 0.89671576, 0.91703963, 0.9103258, 0.9106879, 0.9371909, 0.90119195, 0.9002859, 0.92242146, 0.9238871, 0.82150424, 0.8780258, 0.87216705, 0.85027707, 0.87756544, 0.87839746, 0.8915802, 0.88666165, 0.9227081, 0.87661535, 0.9169206, 0.8385413, 0.8660035, 0.8385413, 0.8991517, 0.8703511, 0.890018, 0.8803325, 0.8887695, 0.8679934, 0.8803381, 0.8336698, 0.8715484, 0.8944927, 0.8947263, 0.8891935, 0.87276703, 0.8956234, 0.8723582, 0.8805042, 0.90580577, 0.88300997, 0.9167766, 0.8618186, 0.8903351, 0.82508636, 0.8847286, 0.8500003, 0.81984186, 0.8688092, 0.91022587, 0.88916457, 0.8903135, 0.9049007, 0.8724928, 0.9212502, 0.90120745, 0.9012453, 0.8588976, 0.89574456, 0.95060164, 0.9275248, 0.8621249, 0.88828105, 0.8879845, 0.89490354, 0.8925476, 0.9145101, 0.911066, 0.8433809, 0.888896, 0.89121026, 0.850105, 0.88257694, 0.940333, 0.8696911, 0.8902109]
[0.89339167, 0.9476286, 0.9479464, 1.0000001, 0.9216529, 0.9021687, 0.8954888, 0.87075233, 0.8876481, 0.90273684, 0.89408416, 0.9102003, 0.8908335, 0.91518027, 0.9222402, 0.91099703, 0.9222652, 0.89267695, 0.88488895, 0.9047344, 0.9123786, 0.8292143, 0.89748, 0.8799471, 0.88260293, 0.8858709, 0.8953604, 0.9052401, 0.8913276, 0.9142561, 0.8705438, 0.90216875, 0.8417408, 0.8879033, 0.8417408, 0.90340436, 0.8761048, 0.884423, 0.8980511, 0.89354175, 0.88416374, 0.89302605, 0.8619409, 0.8876929, 0.8979075, 0.9115711, 0.89110094, 0.8861834, 0.90526587, 0.87951714, 0.8681822, 0.90561944, 0.87904245, 0.8949144, 0.8691427, 0.90039456, 0.8426735, 0.89827794, 0.8409139, 0.81006205, 0.8808543, 0.9050177, 0.8945448, 0.87301826, 0.90535396, 0.88174814, 0.91919625, 0.89193875, 0.88498783, 0.8591297, 0.89961725, 0.9506011, 0.9232362, 0.8875368, 0.87895703, 0.89368415, 0.90937275, 0.9024369, 0.92154074, 0.9130436, 0.85093737, 0.88596046, 0.89425665, 0.8783403, 0.88198626, 0.94342965, 0.8816643, 0.8991784]
[0.87866515, 0.90578634, 0.9426908, 0.9216529, 1.0000001, 0.9184772, 0.8212807, 0.8151849, 0.83685505, 0.84597087, 0.83701617, 0.86414087, 0.9214123, 0.9466262, 0.91834444, 0.9349703, 0.93218356, 0.90080386, 0.8981894, 0.92664033, 0.9345706, 0.7675387, 0.8226917, 0.85319716, 0.8162354, 0.85024154, 0.85595566, 0.86729765, 0.8548534, 0.9599096, 0.8905309, 0.9184773, 0.81961155, 0.82785237, 0.81961155, 0.87613344, 0.8466108, 0.84829897, 0.8668782, 0.8576889, 0.8050415, 0.85436815, 0.7992335, 0.8415992, 0.8443452, 0.859063, 0.854014, 0.81752485, 0.8487634, 0.82868457, 0.85293895, 0.8920586, 0.8628596, 0.91166997, 0.81636405, 0.8467908, 0.7976781, 0.8444089, 0.8188537, 0.81145334, 0.84514076, 0.914585, 0.88433945, 0.8972114, 0.90694857, 0.8520316, 0.9215513, 0.8935357, 0.9096542, 0.83014864, 0.8672145, 0.9562832, 0.9642704, 0.85418004, 0.8459196, 0.8483096, 0.86817133, 0.8856987, 0.9085198, 0.9247069, 0.83111674, 0.8395605, 0.86162716, 0.84503424, 0.85057783, 0.9547866, 0.8302618, 0.8608698]
[0.9094367, 0.8801348, 0.9169206, 0.9021687, 0.9184772, 1.0, 0.83828306, 0.82914966, 0.8952928, 0.88114, 0.86883116, 0.889565, 0.9429689, 0.9458462, 0.91239643, 0.93660873, 0.92867035, 0.8876139, 0.93908554, 0.93006635, 0.9565749, 0.77134746, 0.8723744, 0.86550075, 0.83147264, 0.88839495, 0.8778656, 0.8740302, 0.88797796, 0.94869304, 0.8835032, 1.0, 0.8618039, 0.8763313, 0.8618039, 0.9009989, 0.86985105, 0.8912468, 0.8970637, 0.8749024, 0.8528503, 0.89799136, 0.8426599, 0.8477014, 0.8910733, 0.8773079, 0.89198136, 0.8638081, 0.87729186, 0.87365836, 0.9302032, 0.90844595, 0.93776864, 0.9414149, 0.8488958, 0.88292676, 0.8429389, 0.8774286, 0.8897798, 0.87493414, 0.87905127, 0.93836683, 0.91008705, 0.93843347, 0.94807684, 0.92835194, 0.9403866, 0.8868285, 0.94643587, 0.86132354, 0.88472766, 0.95052, 0.9549485, 0.8447057, 0.87123865, 0.8924966, 0.85664755, 0.92707497, 0.9212481, 0.9629876, 0.81460583, 0.9150327, 0.9162663, 0.83120316, 0.8696987, 0.9175321, 0.8859963, 0.864006]
[0.874825, 0.88336444, 0.86581, 0.8954888, 0.8212807, 0.83828306, 1.0000001, 0.8871634, 0.87444615, 0.91455275, 0.90846807, 0.9167132, 0.8197679, 0.85126215, 0.84866697, 0.83985955, 0.84157944, 0.8375791, 0.82015574, 0.81118286, 0.84330267, 0.85244876, 0.91155773, 0.88341117, 0.9019925, 0.8879085, 0.9056734, 0.8947679, 0.89514047, 0.84029114, 0.7980645, 0.838283, 0.8427003, 0.90490294, 0.8427003, 0.89159817, 0.8967237, 0.8782827, 0.9000457, 0.88065445, 0.90215594, 0.8919329, 0.8572288, 0.8968016, 0.8879405, 0.91597426, 0.8721427, 0.89038444, 0.9011861, 0.8981846, 0.84990734, 0.8652219, 0.8449318, 0.83238584, 0.8795478, 0.9022898, 0.86912733, 0.9119245, 0.81808966, 0.7769122, 0.86992484, 0.8351976, 0.83143383, 0.79197377, 0.845807, 0.8650769, 0.8438243, 0.81818306, 0.8255205, 0.83136624, 0.88129807, 0.8562094, 0.83264893, 0.8923459, 0.86672926, 0.8849195, 0.90667987, 0.85428286, 0.84705615, 0.85022503, 0.85627705, 0.8606265, 0.87535864, 0.8730067, 0.8548393, 0.84764934, 0.8682313, 0.88701713]
[0.8413226, 0.86819416, 0.8544746, 0.87075233, 0.8151849, 0.82914966, 0.8871634, 1.0, 0.834981, 0.9016451, 0.89047945, 0.8908353, 0.8136972, 0.85256875, 0.83820134, 0.82660484, 0.83070457, 0.8175047, 0.80907226, 0.80311644, 0.83228475, 0.8595264, 0.88805586, 0.85798824, 0.9043355, 0.8763764, 0.8803298, 0.87419695, 0.87767345, 0.84385353, 0.8439837, 0.8291496, 0.852982, 0.88041985, 0.852982, 0.8705989, 0.87367463, 0.8781086, 0.86122775, 0.8678155, 0.8703375, 0.8662933, 0.8892824, 0.89034057, 0.86362016, 0.86955893, 0.84512943, 0.87027824, 0.8633496, 0.8799954, 0.8381937, 0.85417324, 0.82899857, 0.82102776, 0.8755232, 0.89521956, 0.8852733, 0.9080805, 0.8045578, 0.77615947, 0.8640034, 0.8407703, 0.8553976, 0.80452347, 0.8473795, 0.8452648, 0.8494486, 0.8196764, 0.82614, 0.8133079, 0.8613546, 0.8562375, 0.84263104, 0.8390153, 0.8432802, 0.8670955, 0.8614139, 0.8493333, 0.8625225, 0.8332894, 0.81340486, 0.83180183, 0.86241156, 0.8441611, 0.8532048, 0.83374083, 0.8562253, 0.8870388]
[0.9128363, 0.8613221, 0.87755316, 0.8876481, 0.83685505, 0.8952928, 0.87444615, 0.834981, 1.0000001, 0.9203563, 0.911705, 0.9146324, 0.8521181, 0.8724629, 0.8780527, 0.88749874, 0.87188274, 0.8703428, 0.9212282, 0.8692575, 0.8894766, 0.82088685, 0.89985466, 0.912164, 0.8471464, 0.8905702, 0.8877861, 0.8879821, 0.90806717, 0.8657835, 0.83424264, 0.89529264, 0.8817639, 0.9256338, 0.8817639, 0.92057765, 0.8923305, 0.89775974, 0.9337353, 0.896645, 0.8919982, 0.92678255, 0.88318, 0.8724784, 0.93177265, 0.92759985, 0.8988814, 0.8913085, 0.87965, 0.8975247, 0.88650286, 0.8904092, 0.9025671, 0.8685897, 0.8885978, 0.91726756, 0.85293096, 0.8912775, 0.89003444, 0.85764545, 0.9022968, 0.88219136, 0.87052715, 0.8644516, 0.9132597, 0.92432076, 0.89208126, 0.85099477, 0.8849192, 0.8159695, 0.8614393, 0.87161964, 0.86647666, 0.871894, 0.8727084, 0.93385094, 0.9001679, 0.9124102, 0.8468296, 0.9175329, 0.8527719, 0.89121926, 0.893144, 0.87981254, 0.88771814, 0.8628479, 0.9335176, 0.8831933]
[0.9122901, 0.8899303, 0.88330215, 0.90273684, 0.84597087, 0.88114, 0.91455275, 0.9016451, 0.9203563, 1.0, 0.9314921, 0.95103514, 0.8410739, 0.8794841, 0.8816486, 0.8647672, 0.86467993, 0.8339668, 0.865859, 0.8516145, 0.8695848, 0.8465761, 0.91902936, 0.9207657, 0.88647515, 0.90030646, 0.9057996, 0.8982454, 0.9083772, 0.87858194, 0.8581527, 0.88114, 0.87912273, 0.9399177, 0.8791227, 0.9088759, 0.8945864, 0.8978441, 0.9312262, 0.8925573, 0.8999441, 0.91695005, 0.8966453, 0.8921916, 0.9152987, 0.9191688, 0.86327046, 0.895876, 0.8745965, 0.90689415, 0.8623401, 0.89365524, 0.87600607, 0.8593016, 0.89350164, 0.9419506, 0.90488404, 0.92497444, 0.85210496, 0.8256769, 0.8728743, 0.8717932, 0.8643789, 0.84110445, 0.89587426, 0.9143664, 0.88235056, 0.84753406, 0.88293356, 0.8425858, 0.8815901, 0.87931144, 0.86985236, 0.8811981, 0.86825645, 0.9195673, 0.9010719, 0.90034914, 0.87036616, 0.88838303, 0.8289169, 0.8844993, 0.9030515, 0.8731151, 0.86289257, 0.8783621, 0.9085026, 0.8955806]
[0.8940703, 0.8813199, 0.8782659, 0.89408416, 0.83701617, 0.86883116, 0.90846807, 0.89047945, 0.911705, 0.9314921, 1.0, 0.9323727, 0.84302104, 0.8728893, 0.8590319, 0.8655729, 0.8599228, 0.8456849, 0.8526247, 0.83849716, 0.87695986, 0.87074167, 0.89948034, 0.8920972, 0.88833, 0.9107555, 0.8995682, 0.9186559, 0.89464873, 0.85901946, 0.84359056, 0.8688311, 0.85914016, 0.9201268, 0.85914016, 0.9012713, 0.8979883, 0.8966668, 0.9159341, 0.89000314, 0.910907, 0.8935649, 0.8845553, 0.9005536, 0.90244395, 0.9299855, 0.8886242, 0.8846932, 0.88945067, 0.90948457, 0.85493964, 0.88167244, 0.86629486, 0.8617911, 0.88650185, 0.9344645, 0.8859312, 0.91576344, 0.8327646, 0.8117566, 0.87263936, 0.8586124, 0.87291485, 0.8373286, 0.8731869, 0.884068, 0.8831629, 0.83807987, 0.8539776, 0.8215622, 0.8712581, 0.8788356, 0.8638622, 0.8874615, 0.87603986, 0.90124273, 0.914314, 0.8777295, 0.8872159, 0.8664502, 0.8379929, 0.86297405, 0.89283705, 0.8659491, 0.86703944, 0.8615542, 0.88737804, 0.9101106]
[0.93373793, 0.8935196, 0.89515376, 0.9102003, 0.86414087, 0.889565, 0.9167132, 0.8908353, 0.9146324, 0.95103514, 0.9323727, 0.99999994, 0.8493628, 0.8872896, 0.87560904, 0.8700973, 0.8845308, 0.8725036, 0.8865189, 0.8650125, 0.8891818, 0.8611465, 0.89448154, 0.90513515, 0.89113235, 0.9092307, 0.91654366, 0.9147947, 0.91718906, 0.8818062, 0.85944337, 0.889565, 0.871746, 0.9142118, 0.871746, 0.90836287, 0.90855366, 0.89187795, 0.93693376, 0.90031207, 0.89818555, 0.8999704, 0.8604276, 0.9198401, 0.8979569, 0.9290149, 0.89261115, 0.89227796, 0.8956984, 0.895589, 0.8656363, 0.89891857, 0.87304384, 0.8772525, 0.88116574, 0.9265093, 0.88036525, 0.91163623, 0.8585962, 0.8342137, 0.90958846, 0.8826989, 0.8813782, 0.8587343, 0.896563, 0.8870025, 0.9019749, 0.8657026, 0.88752764, 0.85345703, 0.8826429, 0.9045131, 0.883486, 0.9044772, 0.869288, 0.9004351, 0.90175587, 0.8858851, 0.8889646, 0.88634044, 0.8922944, 0.8832026, 0.8891556, 0.9011691, 0.85542387, 0.88763386, 0.8853843, 0.918298]
[0.8684124, 0.879111, 0.89671576, 0.8908335, 0.9214123, 0.9429689, 0.8197679, 0.8136972, 0.8521181, 0.8410739, 0.84302104, 0.8493628, 0.99999994, 0.94017756, 0.8960982, 0.92528516, 0.9007322, 0.87103176, 0.91058445, 0.9273474, 0.928232, 0.75639623, 0.8428936, 0.8496616, 0.8076587, 0.8518138, 0.8531642, 0.85019493, 0.85594803, 0.94739836, 0.884453, 0.9429689, 0.83071524, 0.84503347, 0.83071524, 0.8826159, 0.84865946, 0.8696684, 0.8677347, 0.85208035, 0.8038749, 0.86172104, 0.8184586, 0.82802516, 0.85858166, 0.8560578, 0.8556878, 0.8106993, 0.84105194, 0.8434778, 0.88049567, 0.8841375, 0.88923043, 0.9024063, 0.83423233, 0.8586691, 0.8139925, 0.84861994, 0.8464277, 0.84447664, 0.8444581, 0.918468, 0.8872083, 0.90797496, 0.9198169, 0.8842206, 0.9139393, 0.86507386, 0.8972505, 0.8247695, 0.86762947, 0.91890186, 0.9538856, 0.83648324, 0.8530821, 0.8575022, 0.86064696, 0.8962107, 0.89882684, 0.94209, 0.8105867, 0.8665311, 0.8823609, 0.8197018, 0.85182303, 0.91217005, 0.85219514, 0.8418056]
[0.89386725, 0.90234613, 0.91703963, 0.91518027, 0.9466262, 0.9458462, 0.85126215, 0.85256875, 0.8724629, 0.8794841, 0.8728893, 0.8872896, 0.94017756, 1.0000001, 0.9297962, 0.9393735, 0.934138, 0.8990873, 0.9138526, 0.9305653, 0.9392648, 0.78905463, 0.86818624, 0.88753754, 0.8448584, 0.87027395, 0.8742165, 0.8806902, 0.88675845, 0.97837836, 0.9070853, 0.94584614, 0.86528057, 0.87676394, 0.86528057, 0.9177526, 0.8902373, 0.8971977, 0.8987866, 0.8848067, 0.83464676, 0.89145887, 0.8533406, 0.86167115, 0.8740586, 0.8721188, 0.87085646, 0.8446313, 0.8739554, 0.88045144, 0.8949424, 0.89816654, 0.90062547, 0.91982204, 0.86620396, 0.8772285, 0.84080464, 0.88103324, 0.8477676, 0.83867013, 0.8714509, 0.9410709, 0.903941, 0.91048753, 0.94446707, 0.9009599, 0.9357379, 0.8774721, 0.92862713, 0.8558839, 0.89240175, 0.94667846, 0.9668681, 0.85828274, 0.86908865, 0.8817325, 0.8765414, 0.9120458, 0.9075051, 0.9516436, 0.83917165, 0.8809093, 0.9022239, 0.8553727, 0.88192624, 0.93228626, 0.8753872, 0.86842537]
[0.8969396, 0.9151192, 0.9103258, 0.9222402, 0.91834444, 0.91239643, 0.84866697, 0.83820134, 0.8780527, 0.8816486, 0.8590319, 0.87560904, 0.8960982, 0.9297962, 1.0, 0.92639816, 0.9402967, 0.89326406, 0.88282394, 0.91091764, 0.91620314, 0.7664016, 0.87490207, 0.8638986, 0.8370058, 0.88426954, 0.8861325, 0.88797575, 0.9051132, 0.9171007, 0.86453927, 0.91239643, 0.84544533, 0.87428665, 0.84544533, 0.90486896, 0.8786683, 0.8704954, 0.9122306, 0.87198555, 0.833959, 0.8980008, 0.84680396, 0.85387045, 0.8756393, 0.8640736, 0.85929894, 0.85223097, 0.8612443, 0.85708576, 0.8583209, 0.89413697, 0.87753266, 0.8882651, 0.8537068, 0.8886452, 0.85837305, 0.88675886, 0.85844916, 0.84471667, 0.8561619, 0.904599, 0.873809, 0.8786148, 0.91403335, 0.8976889, 0.91030777, 0.90208554, 0.89278316, 0.83801204, 0.8782932, 0.9226268, 0.917704, 0.8652534, 0.8516829, 0.8898815, 0.8707077, 0.9097472, 0.8898536, 0.93132335, 0.83174103, 0.8804967, 0.89284563, 0.861442, 0.87210363, 0.9445604, 0.8859701, 0.871423]
[0.890552, 0.89174175, 0.9106879, 0.91099703, 0.9349703, 0.93660873, 0.83985955, 0.82660484, 0.88749874, 0.8647672, 0.8655729, 0.8700973, 0.92528516, 0.9393735, 0.92639816, 0.99999994, 0.93180877, 0.9170559, 0.9182161, 0.9176587, 0.96301395, 0.77916306, 0.8583774, 0.8692999, 0.82620764, 0.8852645, 0.87800795, 0.88801223, 0.8882595, 0.9462507, 0.8774171, 0.9366088, 0.87064934, 0.8789673, 0.87064934, 0.9070097, 0.8826408, 0.8884464, 0.9096517, 0.8907988, 0.8328059, 0.8929494, 0.8515116, 0.86180437, 0.8836592, 0.88562775, 0.88181967, 0.84552556, 0.86852705, 0.86871696, 0.9050098, 0.93215835, 0.92433935, 0.93723845, 0.8547846, 0.87979054, 0.84705913, 0.88233566, 0.86935353, 0.85676944, 0.8901071, 0.92191005, 0.8982129, 0.91349566, 0.9395419, 0.91221064, 0.9353002, 0.9162199, 0.9180657, 0.833905, 0.88334256, 0.9355524, 0.9447194, 0.8736862, 0.8720028, 0.8880106, 0.88695514, 0.94329315, 0.8985688, 0.960314, 0.8416432, 0.87843406, 0.9023305, 0.862215, 0.8818036, 0.93393373, 0.8828215, 0.87408435]
[0.89980125, 0.89022845, 0.9371909, 0.9222652, 0.93218356, 0.92867035, 0.84157944, 0.83070457, 0.87188274, 0.86467993, 0.8599228, 0.8845308, 0.9007322, 0.934138, 0.9402967, 0.93180877, 0.99999994, 0.91715133, 0.90926296, 0.9364803, 0.9401258, 0.7866303, 0.8622384, 0.8597247, 0.83292985, 0.8685807, 0.8641712, 0.8867927, 0.8849527, 0.92835206, 0.8629936, 0.9286703, 0.8425847, 0.8636985, 0.8425847, 0.89931315, 0.8814511, 0.87491673, 0.8945706, 0.88327086, 0.83974344, 0.88023627, 0.8254362, 0.8614847, 0.87833935, 0.8736822, 0.8797184, 0.852365, 0.87950796, 0.8575779, 0.87411827, 0.90089995, 0.88617635, 0.91876996, 0.8463055, 0.872968, 0.8282245, 0.86703205, 0.86058754, 0.8383467, 0.8739033, 0.91502243, 0.8765625, 0.8914261, 0.91151255, 0.8787155, 0.9164557, 0.9144216, 0.9150013, 0.87072897, 0.88903224, 0.9414684, 0.9282918, 0.86020565, 0.8611196, 0.883374, 0.87162703, 0.89678663, 0.8951814, 0.93168247, 0.8406853, 0.88995546, 0.88608, 0.8494048, 0.8731953, 0.94795656, 0.86325645, 0.86909187]
[0.8893621, 0.8696027, 0.90119195, 0.89267695, 0.90080386, 0.8876139, 0.8375791, 0.8175047, 0.8703428, 0.8339668, 0.8456849, 0.8725036, 0.87103176, 0.8990873, 0.89326406, 0.9170559, 0.91715133, 1.0, 0.9130262, 0.89661777, 0.9245228, 0.7863991, 0.83877355, 0.83976567, 0.8185492, 0.88473046, 0.88346606, 0.90236783, 0.89840025, 0.8995225, 0.8435544, 0.8876139, 0.83972925, 0.8572119, 0.83972925, 0.8915843, 0.88983434, 0.8603161, 0.88407695, 0.88654333, 0.82285905, 0.87095445, 0.81652486, 0.88185906, 0.8629202, 0.88001615, 0.9060069, 0.84181803, 0.8808725, 0.8510057, 0.8556903, 0.88980794, 0.87261665, 0.9079488, 0.8459701, 0.8579902, 0.81884515, 0.8655234, 0.85239685, 0.8243962, 0.90258455, 0.8924126, 0.86208165, 0.8657656, 0.8867642, 0.85899216, 0.89808154, 0.891369, 0.8840338, 0.842186, 0.8738367, 0.91267216, 0.90242034, 0.86657006, 0.856863, 0.8653115, 0.88094884, 0.8857801, 0.8700292, 0.8984783, 0.89940715, 0.84863526, 0.856945, 0.8796338, 0.8646648, 0.9116664, 0.8545454, 0.883462]
[0.91666436, 0.8538381, 0.9002859, 0.88488895, 0.8981894, 0.93908554, 0.82015574, 0.80907226, 0.9212282, 0.865859, 0.8526247, 0.8865189, 0.91058445, 0.9138526, 0.88282394, 0.9182161, 0.90926296, 0.9130262, 0.99999994, 0.9154633, 0.93954664, 0.7655991, 0.84830326, 0.8675727, 0.8022899, 0.8651343, 0.8606982, 0.86640435, 0.8779076, 0.92133796, 0.8854741, 0.9390854, 0.8680092, 0.87076765, 0.86800915, 0.90295386, 0.8849759, 0.871509, 0.9050086, 0.8774212, 0.81660485, 0.88489944, 0.8270515, 0.85235757, 0.8798682, 0.8794725, 0.8805784, 0.8308235, 0.8583343, 0.8468394, 0.8957665, 0.89504975, 0.9077521, 0.92052627, 0.8384743, 0.86610466, 0.81789464, 0.85458535, 0.8887582, 0.8758454, 0.8925233, 0.9188146, 0.8758138, 0.9116409, 0.93786865, 0.896493, 0.92148894, 0.87647504, 0.93306065, 0.83222765, 0.8603628, 0.9239939, 0.92670107, 0.84590787, 0.8577257, 0.8825423, 0.86029583, 0.9200341, 0.8841589, 0.94472855, 0.85517085, 0.8720161, 0.8740938, 0.8487693, 0.8549608, 0.9041442, 0.8814153, 0.8574298]
[0.90063286, 0.87850493, 0.92242146, 0.9047344, 0.92664033, 0.93006635, 0.81118286, 0.80311644, 0.8692575, 0.8516145, 0.83849716, 0.8650125, 0.9273474, 0.9305653, 0.91091764, 0.9176587, 0.9364803, 0.89661777, 0.9154633, 1.0, 0.924355, 0.764726, 0.82928085, 0.86176, 0.8117759, 0.84595543, 0.8502012, 0.86453015, 0.8659094, 0.9339378, 0.8879679, 0.9300664, 0.83959544, 0.84822094, 0.83959544, 0.88450986, 0.8549738, 0.86521983, 0.87439835, 0.8534549, 0.8043026, 0.86422175, 0.801535, 0.8263859, 0.8687786, 0.8650825, 0.85376436, 0.8228019, 0.8454679, 0.83736265, 0.86095285, 0.89206463, 0.87010974, 0.90536535, 0.8445355, 0.86955935, 0.806929, 0.8402035, 0.84275764, 0.8302696, 0.8564777, 0.9274082, 0.88496405, 0.92153144, 0.91716707, 0.8663131, 0.92798674, 0.8856971, 0.9159016, 0.84616524, 0.875203, 0.9290508, 0.9416219, 0.83943003, 0.85016024, 0.8688114, 0.85662043, 0.88170475, 0.8787988, 0.93063194, 0.84134257, 0.8813855, 0.87093824, 0.83372664, 0.86540586, 0.94586337, 0.8652855, 0.8470155]
[0.91953105, 0.8832689, 0.9238871, 0.9123786, 0.9345706, 0.9565749, 0.84330267, 0.83228475, 0.8894766, 0.8695848, 0.87695986, 0.8891818, 0.928232, 0.9392648, 0.91620314, 0.96301395, 0.9401258, 0.9245228, 0.93954664, 0.924355, 1.0000001, 0.79040027, 0.8651429, 0.86972755, 0.8308648, 0.9029433, 0.8920694, 0.9029238, 0.8954621, 0.945446, 0.8746537, 0.95657486, 0.8807468, 0.8838854, 0.8807468, 0.9047307, 0.8931087, 0.89178157, 0.9129029, 0.9006271, 0.85032547, 0.8994941, 0.8548265, 0.8737161, 0.8939598, 0.8895684, 0.9002566, 0.8536273, 0.890973, 0.8724305, 0.9149042, 0.9376612, 0.93481046, 0.96333635, 0.8601854, 0.88403314, 0.8522007, 0.8886717, 0.8879875, 0.87730765, 0.90078884, 0.9182272, 0.8891691, 0.91500187, 0.93678135, 0.9115303, 0.9374602, 0.9227029, 0.9408571, 0.8713637, 0.9063388, 0.9483094, 0.9461441, 0.87691164, 0.88775396, 0.8962002, 0.88768876, 0.94204706, 0.9171491, 0.9584219, 0.843923, 0.8994454, 0.91115785, 0.8593617, 0.8801441, 0.9370763, 0.8812298, 0.88606954]
[0.8062989, 0.8150579, 0.82150424, 0.8292143, 0.7675387, 0.77134746, 0.85244876, 0.8595264, 0.82088685, 0.8465761, 0.87074167, 0.8611465, 0.75639623, 0.78905463, 0.7664016, 0.77916306, 0.7866303, 0.7863991, 0.7655991, 0.764726, 0.79040027, 1.0, 0.8516971, 0.8587945, 0.84659106, 0.8115062, 0.81473047, 0.8543549, 0.8085419, 0.7845421, 0.76264167, 0.7713475, 0.81427413, 0.8472544, 0.81427413, 0.81907475, 0.8226427, 0.84659046, 0.825986, 0.8423163, 0.8957811, 0.8291348, 0.8420916, 0.8601206, 0.8463906, 0.8797921, 0.81435174, 0.82565415, 0.8399712, 0.8427939, 0.79046035, 0.8080539, 0.7805511, 0.7770866, 0.84903145, 0.8528038, 0.78575945, 0.8460633, 0.75833744, 0.7174839, 0.8161106, 0.78573984, 0.80100363, 0.749883, 0.7906982, 0.7779755, 0.8036668, 0.7689296, 0.76341784, 0.765291, 0.8161944, 0.8029818, 0.7806257, 0.8299184, 0.8189693, 0.84246325, 0.87278557, 0.7838174, 0.7924344, 0.77668744, 0.80293226, 0.78694105, 0.80546993, 0.8110752, 0.81337035, 0.7791336, 0.8102951, 0.82591385]
[0.8668898, 0.9038843, 0.8780258, 0.89748, 0.8226917, 0.8723744, 0.91155773, 0.88805586, 0.89985466, 0.91902936, 0.89948034, 0.89448154, 0.8428936, 0.86818624, 0.87490207, 0.8583774, 0.8622384, 0.83877355, 0.84830326, 0.82928085, 0.8651429, 0.8516971, 1.0, 0.899891, 0.8875149, 0.89284974, 0.9026512, 0.891882, 0.9025299, 0.86183554, 0.82492024, 0.87237453, 0.8674691, 0.9187724, 0.8674691, 0.9109377, 0.9008182, 0.9097446, 0.8991205, 0.8946253, 0.9135667, 0.918218, 0.9035741, 0.87977207, 0.9318619, 0.90256625, 0.8820175, 0.91218686, 0.9033393, 0.9244075, 0.8921748, 0.88692415, 0.9017599, 0.8589857, 0.9095742, 0.92901295, 0.8858315, 0.9301862, 0.8553121, 0.80754197, 0.8701754, 0.8683324, 0.8543675, 0.8302911, 0.88800865, 0.90578306, 0.87558967, 0.85142523, 0.853143, 0.82732916, 0.89047647, 0.86181146, 0.84573495, 0.8486231, 0.8834283, 0.9268712, 0.90223247, 0.8999556, 0.84967875, 0.88162285, 0.8134457, 0.9185058, 0.9205326, 0.84737986, 0.8973703, 0.85136056, 0.9242337, 0.8689333]
[0.8977793, 0.8702965, 0.87216705, 0.8799471, 0.85319716, 0.86550075, 0.88341117, 0.85798824, 0.912164, 0.9207657, 0.8920972, 0.90513515, 0.8496616, 0.88753754, 0.8638986, 0.8692999, 0.8597247, 0.83976567, 0.8675727, 0.86176, 0.86972755, 0.8587945, 0.899891, 1.0, 0.8532159, 0.8633313, 0.87593013, 0.87728274, 0.88855857, 0.8903354, 0.844037, 0.86550075, 0.88929063, 0.9200588, 0.88929063, 0.91038775, 0.89184725, 0.8919113, 0.92105794, 0.89472723, 0.8736224, 0.9098339, 0.889296, 0.87254053, 0.9181205, 0.91383827, 0.84249, 0.8539623, 0.8631614, 0.88754624, 0.85974425, 0.88089037, 0.8714231, 0.86065346, 0.9107114, 0.90451187, 0.8560681, 0.89132273, 0.85737365, 0.8395067, 0.870387, 0.86964387, 0.84872246, 0.8385825, 0.90205634, 0.9000052, 0.8696896, 0.8330662, 0.87915003, 0.8063542, 0.87248725, 0.85954577, 0.8631085, 0.8680559, 0.8738731, 0.9293226, 0.916773, 0.8978583, 0.8408615, 0.8985469, 0.83399415, 0.86118954, 0.8930664, 0.86800694, 0.874119, 0.8640429, 0.9093083, 0.8533326]
[0.83659977, 0.88406676, 0.85027707, 0.88260293, 0.8162354, 0.83147264, 0.9019925, 0.9043355, 0.8471464, 0.88647515, 0.88833, 0.89113235, 0.8076587, 0.8448584, 0.8370058, 0.82620764, 0.83292985, 0.8185492, 0.8022899, 0.8117759, 0.8308648, 0.84659106, 0.8875149, 0.8532159, 1.0000001, 0.8703941, 0.891748, 0.86012, 0.89235365, 0.8309611, 0.8138782, 0.83147275, 0.82455736, 0.87131876, 0.82455736, 0.86698323, 0.86611134, 0.85144687, 0.8601688, 0.8508366, 0.8836061, 0.8546267, 0.8617334, 0.8720827, 0.8600639, 0.8787809, 0.8466313, 0.8591339, 0.8556715, 0.8721357, 0.8176664, 0.8395079, 0.817232, 0.8162924, 0.866171, 0.8893184, 0.84042865, 0.893136, 0.803677, 0.7691198, 0.8509798, 0.8366018, 0.8613416, 0.7972331, 0.84253055, 0.8476475, 0.842424, 0.8061165, 0.8118197, 0.79364204, 0.85401714, 0.8576137, 0.83307403, 0.82957935, 0.8326565, 0.85456645, 0.86167884, 0.84040487, 0.8660984, 0.8311201, 0.81842864, 0.825926, 0.85745007, 0.84043777, 0.8451777, 0.82984304, 0.8519297, 0.86605537]
[0.8973056, 0.87568986, 0.87756544, 0.8858709, 0.85024154, 0.88839495, 0.8879085, 0.8763764, 0.8905702, 0.90030646, 0.9107555, 0.9092307, 0.8518138, 0.87027395, 0.88426954, 0.8852645, 0.8685807, 0.88473046, 0.8651343, 0.84595543, 0.9029433, 0.8115062, 0.89284974, 0.8633313, 0.8703941, 0.99999994, 0.9641327, 0.9360396, 0.9371232, 0.8661179, 0.82744336, 0.888395, 0.8791883, 0.9145319, 0.8791883, 0.91326433, 0.9118403, 0.8951556, 0.92239165, 0.888778, 0.8861673, 0.91326594, 0.8794078, 0.90159786, 0.9012226, 0.91454476, 0.9135402, 0.90064704, 0.89323205, 0.9148975, 0.8682685, 0.8897218, 0.8922274, 0.88022, 0.87547237, 0.91781074, 0.9169398, 0.9353401, 0.8817851, 0.8504798, 0.91998166, 0.8570353, 0.85973036, 0.83937275, 0.8788785, 0.8939824, 0.8755158, 0.85594726, 0.8736793, 0.83377653, 0.8732755, 0.8877712, 0.8671815, 0.89720184, 0.86544144, 0.904032, 0.9082001, 0.8992858, 0.8924713, 0.8845471, 0.85725796, 0.8765618, 0.90317637, 0.8848231, 0.8746654, 0.88218385, 0.88964224, 0.94201577]
[0.8983872, 0.89920706, 0.87839746, 0.8953604, 0.85595566, 0.8778656, 0.9056734, 0.8803298, 0.8877861, 0.9057996, 0.8995682, 0.91654366, 0.8531642, 0.8742165, 0.8861325, 0.87800795, 0.8641712, 0.88346606, 0.8606982, 0.8502012, 0.8920694, 0.81473047, 0.9026512, 0.87593013, 0.891748, 0.9641327, 1.0, 0.9250642, 0.9538621, 0.8742103, 0.8313637, 0.8778657, 0.8749012, 0.9126091, 0.8749012, 0.9103508, 0.91367966, 0.8884099, 0.9195767, 0.88745874, 0.88013995, 0.9160389, 0.8766053, 0.90610224, 0.89592165, 0.9103945, 0.90407026, 0.8912441, 0.89377755, 0.912113, 0.85824937, 0.8893703, 0.8780867, 0.87211317, 0.8905918, 0.91820115, 0.8982831, 0.92722946, 0.873166, 0.8398554, 0.9097392, 0.8628334, 0.8570373, 0.83390886, 0.87607086, 0.8890898, 0.8724495, 0.85227174, 0.86838835, 0.8352212, 0.8863949, 0.88162935, 0.86788213, 0.89775765, 0.8661607, 0.8990902, 0.91020274, 0.89546686, 0.8839914, 0.8828446, 0.86684364, 0.8735289, 0.9010402, 0.89926076, 0.873823, 0.8819121, 0.89288396, 0.9242657]
[0.90265995, 0.8951714, 0.8915802, 0.9052401, 0.86729765, 0.8740302, 0.8947679, 0.87419695, 0.8879821, 0.8982454, 0.9186559, 0.9147947, 0.85019493, 0.8806902, 0.88797575, 0.88801223, 0.8867927, 0.90236783, 0.86640435, 0.86453015, 0.9029238, 0.8543549, 0.891882, 0.87728274, 0.86012, 0.9360396, 0.9250642, 1.0000001, 0.9078319, 0.87885123, 0.8456975, 0.87403023, 0.87344325, 0.90705377, 0.87344325, 0.9026226, 0.90415, 0.9072192, 0.9185198, 0.91923183, 0.902642, 0.9179029, 0.8849612, 0.92495906, 0.9031455, 0.91828984, 0.9156572, 0.8942779, 0.91980475, 0.9083163, 0.8676607, 0.9056972, 0.88675797, 0.89336586, 0.8865605, 0.92114615, 0.8933756, 0.9233947, 0.8497865, 0.8226065, 0.9008275, 0.87812734, 0.8615152, 0.85040367, 0.8828655, 0.86730087, 0.89719886, 0.88168555, 0.8740316, 0.84730226, 0.88666356, 0.8981962, 0.8782748, 0.9187765, 0.8731564, 0.9072881, 0.92454857, 0.8887154, 0.8849697, 0.8750378, 0.87479025, 0.8707383, 0.89322495, 0.89456856, 0.88965094, 0.89826304, 0.8852199, 0.91920525]
[0.9052445, 0.8954141, 0.88666165, 0.8913276, 0.8548534, 0.88797796, 0.89514047, 0.87767345, 0.90806717, 0.9083772, 0.89464873, 0.91718906, 0.85594803, 0.88675845, 0.9051132, 0.8882595, 0.8849527, 0.89840025, 0.8779076, 0.8659094, 0.8954621, 0.8085419, 0.9025299, 0.88855857, 0.89235365, 0.9371232, 0.9538621, 0.9078319, 1.0, 0.8801671, 0.838686, 0.887978, 0.8833666, 0.91902614, 0.8833665, 0.92801267, 0.92581546, 0.8990808, 0.92888415, 0.89020777, 0.8715785, 0.9206844, 0.8763173, 0.9022671, 0.90804315, 0.9071162, 0.90787107, 0.88540596, 0.8839019, 0.91547644, 0.8731932, 0.8938263, 0.8891347, 0.87853354, 0.90663594, 0.9219491, 0.8951297, 0.9258363, 0.88771456, 0.84851915, 0.91717, 0.8751878, 0.86932003, 0.84587383, 0.89854664, 0.9062085, 0.88410306, 0.86146367, 0.87423205, 0.84300923, 0.89562255, 0.8828444, 0.8698923, 0.8727225, 0.8670753, 0.91496927, 0.8982099, 0.90680206, 0.87433296, 0.90072703, 0.8840934, 0.8898363, 0.9077082, 0.89597124, 0.8916788, 0.8854912, 0.9117721, 0.9133036]
[0.8928967, 0.9029339, 0.9227081, 0.9142561, 0.9599096, 0.94869304, 0.84029114, 0.84385353, 0.8657835, 0.87858194, 0.85901946, 0.8818062, 0.94739836, 0.97837836, 0.9171007, 0.9462507, 0.92835206, 0.8995225, 0.92133796, 0.9339378, 0.945446, 0.7845421, 0.86183554, 0.8903354, 0.8309611, 0.8661179, 0.8742103, 0.87885123, 0.8801671, 1.0, 0.91226673, 0.94869304, 0.86694676, 0.87458986, 0.86694676, 0.9094856, 0.8806253, 0.8898265, 0.89314926, 0.8817415, 0.82492584, 0.8867867, 0.8467056, 0.8609613, 0.8694781, 0.8695552, 0.8645005, 0.83012, 0.8604471, 0.869264, 0.89238554, 0.9083976, 0.9050993, 0.93212634, 0.85806847, 0.87140447, 0.8338994, 0.8824681, 0.84475446, 0.8399529, 0.8681333, 0.9421761, 0.90542567, 0.9215026, 0.9435967, 0.89335865, 0.9379841, 0.8832353, 0.93630373, 0.8532791, 0.89668125, 0.94889545, 0.9777832, 0.85461366, 0.8669403, 0.8766865, 0.87706834, 0.91916436, 0.9108341, 0.9569414, 0.83873016, 0.8801002, 0.9090956, 0.85186195, 0.87915564, 0.94287694, 0.87045354, 0.8601714]
[0.8553184, 0.88046265, 0.87661535, 0.8705438, 0.8905309, 0.8835032, 0.7980645, 0.8439837, 0.83424264, 0.8581527, 0.84359056, 0.85944337, 0.884453, 0.9070853, 0.86453927, 0.8774171, 0.8629936, 0.8435544, 0.8854741, 0.8879679, 0.8746537, 0.76264167, 0.82492024, 0.844037, 0.8138782, 0.82744336, 0.8313637, 0.8456975, 0.838686, 0.91226673, 0.99999994, 0.8835032, 0.81889445, 0.8256218, 0.81889445, 0.8566498, 0.8412826, 0.85255444, 0.8429482, 0.82913744, 0.78365946, 0.83298105, 0.8065697, 0.8211212, 0.8339009, 0.83011246, 0.8233606, 0.79128873, 0.81768286, 0.8182346, 0.82579565, 0.8693556, 0.84793246, 0.87409544, 0.814942, 0.8625085, 0.8112459, 0.84110695, 0.81305206, 0.8222665, 0.8237695, 0.94296646, 0.9172376, 0.9335022, 0.9166324, 0.8336665, 0.9377577, 0.84996325, 0.88032734, 0.802787, 0.8344422, 0.902985, 0.932351, 0.80650884, 0.8149139, 0.8389847, 0.8383183, 0.8698125, 0.87592375, 0.8776737, 0.79643893, 0.82349783, 0.83980775, 0.802032, 0.84517837, 0.896949, 0.8423188, 0.83426785]
[0.9094365, 0.8801349, 0.9169206, 0.90216875, 0.9184773, 1.0, 0.838283, 0.8291496, 0.89529264, 0.88114, 0.8688311, 0.889565, 0.9429689, 0.94584614, 0.91239643, 0.9366088, 0.9286703, 0.8876139, 0.9390854, 0.9300664, 0.95657486, 0.7713475, 0.87237453, 0.86550075, 0.83147275, 0.888395, 0.8778657, 0.87403023, 0.887978, 0.94869304, 0.8835032, 0.99999994, 0.8618039, 0.8763313, 0.8618039, 0.90099895, 0.8698511, 0.89124674, 0.8970637, 0.87490237, 0.85285026, 0.8979913, 0.84266, 0.8477015, 0.8910731, 0.8773079, 0.8919813, 0.8638081, 0.877292, 0.8736584, 0.9302032, 0.90844595, 0.93776864, 0.9414149, 0.84889585, 0.8829267, 0.84293884, 0.87742853, 0.8897797, 0.8749342, 0.8790513, 0.93836695, 0.91008705, 0.9384333, 0.94807696, 0.928352, 0.9403866, 0.88682854, 0.94643575, 0.8613235, 0.88472766, 0.95052004, 0.9549484, 0.8447057, 0.87123865, 0.8924966, 0.85664755, 0.9270749, 0.92124826, 0.9629877, 0.8146059, 0.9150326, 0.91626626, 0.8312032, 0.8696987, 0.91753197, 0.88599616, 0.86400604]
[0.8767444, 0.8341528, 0.8385413, 0.8417408, 0.81961155, 0.8618039, 0.8427003, 0.852982, 0.8817639, 0.87912273, 0.85914016, 0.871746, 0.83071524, 0.86528057, 0.84544533, 0.87064934, 0.8425847, 0.83972925, 0.8680092, 0.83959544, 0.8807468, 0.81427413, 0.8674691, 0.88929063, 0.82455736, 0.8791883, 0.8749012, 0.87344325, 0.8833666, 0.86694676, 0.81889445, 0.8618039, 1.0000001, 0.9431511, 1.0000001, 0.90826076, 0.92869735, 0.9019638, 0.9141823, 0.90006214, 0.83317316, 0.9097212, 0.87593657, 0.8765898, 0.8817343, 0.87023216, 0.84721476, 0.83538496, 0.8517954, 0.90255415, 0.8808324, 0.8856872, 0.8854416, 0.86526084, 0.9014308, 0.8849047, 0.90173966, 0.8985549, 0.86914915, 0.84819007, 0.8999951, 0.85363173, 0.82788306, 0.8363308, 0.89302766, 0.8791635, 0.8588341, 0.83589137, 0.87066764, 0.80745506, 0.86402404, 0.84425914, 0.84421515, 0.84645265, 0.86742604, 0.8965489, 0.8607956, 0.9036823, 0.8253837, 0.88575184, 0.824454, 0.86899644, 0.89635766, 0.8423696, 0.8816472, 0.84424293, 0.8956613, 0.85247016]
[0.9106282, 0.86617833, 0.8660035, 0.8879033, 0.82785237, 0.8763313, 0.90490294, 0.88041985, 0.9256338, 0.9399177, 0.9201268, 0.9142118, 0.84503347, 0.87676394, 0.87428665, 0.8789673, 0.8636985, 0.8572119, 0.87076765, 0.84822094, 0.8838854, 0.8472544, 0.9187724, 0.9200588, 0.87131876, 0.9145319, 0.9126091, 0.90705377, 0.91902614, 0.87458986, 0.8256218, 0.8763313, 0.9431511, 1.0, 0.9431511, 0.9330604, 0.9336622, 0.9090363, 0.9471843, 0.91021216, 0.8909199, 0.9360653, 0.9096307, 0.89965236, 0.9163809, 0.92050105, 0.8781232, 0.8822637, 0.87934124, 0.9328897, 0.8814977, 0.90290815, 0.89646256, 0.86762923, 0.9230767, 0.9322211, 0.91613346, 0.9328761, 0.87897277, 0.8447097, 0.9011434, 0.86449677, 0.8487092, 0.8343976, 0.89502347, 0.9223678, 0.86594975, 0.849035, 0.8800439, 0.8490334, 0.8924964, 0.8580412, 0.8549555, 0.886275, 0.8872525, 0.92648906, 0.91169304, 0.91807985, 0.85051507, 0.9024383, 0.83892304, 0.8935101, 0.92202246, 0.8827986, 0.8966195, 0.8649306, 0.92582583, 0.8910545]
[0.8767444, 0.8341528, 0.8385413, 0.8417408, 0.81961155, 0.8618039, 0.8427003, 0.852982, 0.8817639, 0.8791227, 0.85914016, 0.871746, 0.83071524, 0.86528057, 0.84544533, 0.87064934, 0.8425847, 0.83972925, 0.86800915, 0.83959544, 0.8807468, 0.81427413, 0.8674691, 0.88929063, 0.82455736, 0.8791883, 0.8749012, 0.87344325, 0.8833665, 0.86694676, 0.81889445, 0.8618039, 1.0000001, 0.9431511, 1.0000001, 0.90826076, 0.92869735, 0.9019638, 0.9141823, 0.90006214, 0.83317316, 0.9097212, 0.87593657, 0.8765898, 0.8817343, 0.87023216, 0.84721476, 0.83538496, 0.8517954, 0.90255415, 0.8808324, 0.8856872, 0.8854416, 0.86526084, 0.9014308, 0.8849047, 0.90173954, 0.8985549, 0.86914915, 0.84819007, 0.8999951, 0.85363173, 0.82788306, 0.8363308, 0.8930275, 0.8791635, 0.8588341, 0.83589137, 0.87066764, 0.80745506, 0.8640239, 0.84425914, 0.84421515, 0.84645265, 0.86742604, 0.8965489, 0.86079556, 0.9036823, 0.8253837, 0.88575184, 0.8244539, 0.8689964, 0.89635766, 0.8423696, 0.8816472, 0.84424293, 0.8956613, 0.85247016]
[0.9068835, 0.89009917, 0.8991517, 0.90340436, 0.87613344, 0.9009989, 0.89159817, 0.8705989, 0.92057765, 0.9088759, 0.9012713, 0.90836287, 0.8826159, 0.9177526, 0.90486896, 0.9070097, 0.89931315, 0.8915843, 0.90295386, 0.88450986, 0.9047307, 0.81907475, 0.9109377, 0.91038775, 0.86698323, 0.91326433, 0.9103508, 0.9026226, 0.92801267, 0.9094856, 0.8566498, 0.90099895, 0.90826076, 0.9330604, 0.90826076, 1.0000001, 0.94290036, 0.94129497, 0.9433075, 0.9030681, 0.86533844, 0.93912095, 0.89014, 0.8889766, 0.9127218, 0.9092245, 0.8997312, 0.88728744, 0.8868668, 0.9335533, 0.8956479, 0.9021316, 0.91150826, 0.88363165, 0.91723037, 0.907841, 0.8760757, 0.9093424, 0.89982885, 0.8607175, 0.92113143, 0.8948239, 0.8672726, 0.85789263, 0.9239433, 0.9248689, 0.89127487, 0.8552272, 0.8942983, 0.8363894, 0.8818974, 0.88878936, 0.89277726, 0.8779752, 0.88477904, 0.9179053, 0.90435565, 0.9244208, 0.8645178, 0.92558086, 0.87289107, 0.8967176, 0.90817904, 0.89126724, 0.91120774, 0.89172864, 0.9299567, 0.9029284]
[0.9103462, 0.8692769, 0.8703511, 0.8761048, 0.8466108, 0.86985105, 0.8967237, 0.87367463, 0.8923305, 0.8945864, 0.8979883, 0.90855366, 0.84865946, 0.8902373, 0.8786683, 0.8826408, 0.8814511, 0.88983434, 0.8849759, 0.8549738, 0.8931087, 0.8226427, 0.9008182, 0.89184725, 0.86611134, 0.9118403, 0.91367966, 0.90415, 0.92581546, 0.8806253, 0.8412826, 0.8698511, 0.92869735, 0.9336622, 0.92869735, 0.94290036, 0.99999994, 0.90006477, 0.9440339, 0.9103043, 0.8526382, 0.9203504, 0.8767354, 0.90745944, 0.88762105, 0.89556795, 0.8894413, 0.86237496, 0.8866108, 0.9178488, 0.87144595, 0.8900493, 0.87998796, 0.8747046, 0.91247976, 0.90762675, 0.8999986, 0.9218939, 0.8694205, 0.8345705, 0.91648394, 0.8681725, 0.849356, 0.83504826, 0.88970345, 0.88576114, 0.87413514, 0.8534303, 0.869774, 0.8287862, 0.87923026, 0.8705914, 0.8661954, 0.8821475, 0.8825723, 0.8942551, 0.8915848, 0.8978296, 0.85783243, 0.8949464, 0.8908958, 0.87826645, 0.8978818, 0.88641703, 0.8878924, 0.8698786, 0.9050105, 0.8992125]
[0.86889637, 0.8850854, 0.890018, 0.884423, 0.84829897, 0.8912468, 0.8782827, 0.8781086, 0.89775974, 0.8978441, 0.8966668, 0.89187795, 0.8696684, 0.8971977, 0.8704954, 0.8884464, 0.87491673, 0.8603161, 0.871509, 0.86521983, 0.89178157, 0.84659046, 0.9097446, 0.8919113, 0.85144687, 0.8951556, 0.8884099, 0.9072192, 0.8990808, 0.8898265, 0.85255444, 0.89124674, 0.9019638, 0.9090363, 0.9019638, 0.94129497, 0.90006477, 1.0, 0.89343417, 0.92160183, 0.89945513, 0.9262486, 0.9140498, 0.89575577, 0.92333454, 0.8975802, 0.90869707, 0.8973648, 0.9124, 0.94272923, 0.9086179, 0.9002565, 0.9196264, 0.8900125, 0.9052983, 0.90904045, 0.87853473, 0.9133535, 0.8617071, 0.8304139, 0.8887153, 0.8882508, 0.8582156, 0.8599321, 0.9009448, 0.89050776, 0.89720976, 0.8432568, 0.87120396, 0.8259984, 0.8868372, 0.87794036, 0.87787014, 0.86382294, 0.8957094, 0.9273629, 0.8983387, 0.9021328, 0.8481651, 0.89315635, 0.83274096, 0.906811, 0.91378105, 0.846892, 0.91896546, 0.86585546, 0.9100931, 0.88085777]
[0.9491434, 0.87572294, 0.8803325, 0.8980511, 0.8668782, 0.8970637, 0.9000457, 0.86122775, 0.9337353, 0.9312262, 0.9159341, 0.93693376, 0.8677347, 0.8987866, 0.9122306, 0.9096517, 0.8945706, 0.88407695, 0.9050086, 0.87439835, 0.9129029, 0.825986, 0.8991205, 0.92105794, 0.8601688, 0.92239165, 0.9195767, 0.9185198, 0.92888415, 0.89314926, 0.8429482, 0.8970637, 0.9141823, 0.9471843, 0.9141823, 0.9433075, 0.9440339, 0.89343417, 1.0, 0.91411746, 0.8802445, 0.9388226, 0.8900424, 0.9062141, 0.91267455, 0.9288297, 0.88633025, 0.88039917, 0.88621265, 0.9098698, 0.88263863, 0.9060945, 0.89777607, 0.88576066, 0.90348375, 0.93489784, 0.9124921, 0.9266001, 0.88913614, 0.8675039, 0.91549027, 0.88329476, 0.86352134, 0.8564369, 0.9172238, 0.92543703, 0.88901424, 0.87499386, 0.90051824, 0.8336852, 0.8758633, 0.88641554, 0.88343644, 0.916134, 0.8791564, 0.92559123, 0.91119564, 0.92484796, 0.87116873, 0.92648035, 0.8843419, 0.8857944, 0.9087981, 0.9110952, 0.8731281, 0.8932983, 0.9178467, 0.90899587]
[0.89685917, 0.87214905, 0.8887695, 0.89354175, 0.8576889, 0.8749024, 0.88065445, 0.8678155, 0.896645, 0.8925573, 0.89000314, 0.90031207, 0.85208035, 0.8848067, 0.87198555, 0.8907988, 0.88327086, 0.88654333, 0.8774212, 0.8534549, 0.9006271, 0.8423163, 0.8946253, 0.89472723, 0.8508366, 0.888778, 0.88745874, 0.91923183, 0.89020777, 0.8817415, 0.82913744, 0.87490237, 0.90006214, 0.91021216, 0.90006214, 0.9030681, 0.9103043, 0.92160183, 0.91411746, 0.99999994, 0.90351415, 0.9298606, 0.90849334, 0.9317394, 0.90628076, 0.9081839, 0.9029648, 0.89867127, 0.92980707, 0.9009992, 0.90134925, 0.90230364, 0.89353585, 0.90089166, 0.89465314, 0.9064953, 0.8817031, 0.9291615, 0.8534195, 0.82266617, 0.9021931, 0.882124, 0.8601152, 0.8484409, 0.8931952, 0.8826119, 0.88696235, 0.87939405, 0.87941647, 0.8402306, 0.89320046, 0.88170606, 0.87165874, 0.9058036, 0.9452846, 0.9125768, 0.90500593, 0.9012187, 0.87091863, 0.89104766, 0.8607289, 0.890178, 0.89981425, 0.88518184, 0.89514184, 0.8667772, 0.8990015, 0.89532006]
