[0, 63.60730593607306, 61.077235772357724, 62.07657657657658, 65.09389671361502, 56.86829268292683, 67.375, 55.0, 39.943396226415096, 61.56363636363636, 45.632075471698116, 32.972972972972975, 60.05238095238095, 58.98076923076923, 65.2882096069869, 57.08837209302325, 59.42035398230089, 59.862385321100916, 64.56140350877193, 60.32857142857143, 70.86802030456853, 52.415929203539825, 54.63913043478261, 52.345454545454544, 50.30434782608695, 50.74129353233831, 46.28813559322034, 46.45762711864407, 42.45505617977528, 61.077235772357724, 58.653333333333336, 57.36842105263158, 52.74271844660194, 47.497737556561084, 52.18614718614719, 50.74242424242424, 51.278481012658226, 51.47391304347826, 52.03056768558952, 65.85786802030456, 55.1207729468599, 56.5462962962963, 51.931937172774866, 53.873684210526314, 67.09693877551021, 64.22488038277513, 53.12359550561798, 53.50273224043716, 61.52717391304348, 52.13973799126637, 63.65217391304348, 84.66666666666667, 81.11304347826086, 65.9059405940594, 55.52709359605911, 63.455882352941174, 63.794392523364486, 59.7420814479638, 62.83152173913044, 55.325581395348834, 52.461077844311376, 61.38405797101449, 57.97549019607843, 60.73737373737374, 61.54228855721393, 62.519417475728154, 58.19024390243902, 52.629464285714285, 52.61607142857143, 53.776649746192895, 54.72105263157895, 54.89380530973451, 51.115207373271886, 47.13013698630137, 67.60103626943005, 65.79710144927536, 64.18181818181819, 58.12663755458515, 60.11848341232228, 56.56730769230769, 64.84803921568627, 66.22935779816514, 66.93119266055047, 40.030701754385966, 60.34183673469388, 61.522935779816514, 54.848837209302324, 51.5]
[63.60730593607306, 0, 64.25550660792952, 54.82627118644068, 58.0, 38.03125, 60.833333333333336, 54.15425531914894, 54.12676056338028, 58.364102564102566, 45.325581395348834, 60.736434108527135, 53.82868525896414, 52.23868312757202, 16.896984924623116, 38.94385964912281, 53.52444444444444, 58.95964125560538, 51.67820069204152, 60.18055555555556, 64.60905349794238, 51.66985645933014, 58.38461538461539, 53.75, 53.42702702702703, 52.40865384615385, 52.12359550561798, 49.12222222222222, 56.094202898550726, 64.25550660792952, 50.82845188284519, 37.693661971830984, 56.73737373737374, 51.050561797752806, 53.276785714285715, 58.66161616161616, 53.94607843137255, 55.89767441860465, 53.638392857142854, 65.02843601895735, 55.806306306306304, 55.92857142857143, 55.09947643979058, 56.311258278145694, 67.47085201793722, 63.903669724770644, 53.625, 53.0045871559633, 56.53648068669528, 53.27111111111111, 40.702341137123746, 71.80141843971631, 72.27741935483871, 60.62352941176471, 55.63265306122449, 62.29133858267716, 60.84126984126984, 59.13157894736842, 55.38461538461539, 53.64, 50.224598930481285, 60.395833333333336, 48.253787878787875, 53.723981900452486, 47.93609022556391, 47.62975778546713, 48.26615969581749, 53.955882352941174, 54.36585365853659, 50.85446009389671, 52.056872037914694, 49.28426395939086, 47.63316582914573, 47.78787878787879, 68.036866359447, 65.96208530805687, 66.63679245283019, 52.552845528455286, 38.53310104529617, 38.9822695035461, 57.19444444444444, 53.524904214559385, 55.430278884462155, 60.36898395721925, 56.865800865800864, 40.05483870967742, 52.96111111111111, 50.41059602649007]
[61.077235772357724, 64.25550660792952, 0, 61.05069124423963, 63.223684210526315, 55.610837438423644, 64.07179487179488, 61.41104294478528, 48.87417218543046, 61.331460674157306, 47.82105263157895, 53.432, 44.088235294117645, 42.706382978723404, 66.78378378378379, 55.12380952380953, 48.104838709677416, 50.504464285714285, 63.00429184549356, 47.996, 54.22115384615385, 55.310526315789474, 52.08294930875576, 62.59183673469388, 58.95104895104895, 54.68263473053892, 51.0722891566265, 52.406666666666666, 50.16551724137931, 0.0, 58.46601941747573, 55.285, 47.86829268292683, 49.62337662337662, 55.90055248618785, 47.98969072164948, 53.484848484848484, 53.657754010695186, 56.02247191011236, 57.80373831775701, 56.68, 57.515957446808514, 55.07936507936508, 50.18292682926829, 60.311004784689, 58.33649289099526, 55.62721893491124, 57.10497237569061, 65.49509803921569, 56.027624309392266, 67.24255319148936, 65.98373983739837, 62.93129770992366, 39.32113821138211, 54.73262032085562, 58.28110599078341, 64.08810572687224, 62.34272300469483, 62.6580310880829, 53.4873417721519, 51.0, 54.9685534591195, 61.31428571428572, 51.015228426395936, 61.61057692307692, 66.58771929824562, 61.404761904761905, 58.248704663212436, 58.12234042553192, 56.35329341317365, 56.22680412371134, 40.73568281938326, 39.75949367088607, 47.83206106870229, 62.44642857142857, 61.52073732718894, 59.942477876106196, 58.92056074766355, 58.124378109452735, 55.15311004784689, 62.32820512820513, 65.3896103896104, 65.26315789473684, 56.76315789473684, 61.37560975609756, 61.83743842364532, 55.21052631578947, 48.18064516129032]
[62.07657657657658, 54.82627118644068, 61.05069124423963, 0, 48.25255972696246, 49.40585774058577, 56.88844621513944, 54.7, 53.82608695652174, 57.070093457943926, 47.71590909090909, 60.015625, 55.93981481481482, 55.60280373831776, 57.623893805309734, 49.52765957446808, 58.411483253588514, 58.280701754385966, 56.58730158730159, 60.23364485981308, 68.17788461538461, 54.513636363636365, 59.372727272727275, 55.370370370370374, 54.78947368421053, 50.95305164319249, 51.80874316939891, 49.01970443349754, 56.56551724137931, 60.36, 52.49308755760369, 49.628691983122366, 56.33513513513513, 52.11931818181818, 53.333333333333336, 56.455621301775146, 53.23152709359606, 56.06217616580311, 53.47826086956522, 66.5111111111111, 56.35217391304348, 55.81856540084388, 55.34871794871795, 53.93103448275862, 64.37864077669903, 63.19806763285024, 53.41826923076923, 54.56422018348624, 55.450413223140494, 53.523809523809526, 58.09442060085837, 77.5078125, 77.93382352941177, 65.41363636363636, 56.77725118483412, 63.02074688796681, 60.059925093632955, 60.38056680161943, 57.63594470046083, 55.59313725490196, 53.432748538011694, 61.3515625, 54.66079295154185, 58.076142131979694, 57.39914163090129, 58.54077253218884, 55.4698275862069, 55.41860465116279, 55.221698113207545, 50.81642512077295, 55.49302325581395, 47.48372093023256, 44.95495495495496, 47.0, 67.8, 65.31506849315069, 64.76635514018692, 53.2198275862069, 51.92511013215859, 50.70954356846473, 57.43171806167401, 61.36440677966102, 61.351694915254235, 61.38953488372093, 55.24894514767932, 52.580357142857146, 51.47150259067357, 52.31012658227848]
[65.09389671361502, 58.0, 63.223684210526315, 48.25255972696246, 0, 53.502262443438916, 60.57471264367816, 56.492537313432834, 52.18796992481203, 59.04385964912281, 48.025, 59.08620689655172, 59.94954128440367, 58.929906542056074, 62.020833333333336, 54.12068965517241, 60.63106796116505, 59.9451476793249, 60.00403225806452, 62.841628959276015, 69.69683257918552, 56.596330275229356, 61.60730593607306, 56.38775510204081, 54.69021739130435, 53.17307692307692, 52.653179190751445, 50.51030927835052, 57.023622047244096, 61.971014492753625, 56.43518518518518, 53.330232558139535, 60.043956043956044, 53.30769230769231, 55.3125, 57.98275862068966, 55.792270531400966, 58.15760869565217, 55.239234449760765, 66.73478260869565, 56.901785714285715, 59.31304347826087, 57.101522842639596, 53.65413533834587, 65.47572815533981, 63.78109452736319, 55.4037558685446, 55.049019607843135, 56.09282700421941, 55.286407766990294, 59.458333333333336, 80.8961038961039, 80.66470588235295, 67.11261261261261, 57.75, 64.37768240343348, 61.13740458015267, 61.18103448275862, 60.09442060085837, 54.62051282051282, 55.93142857142857, 64.01428571428572, 59.88392857142857, 62.4126213592233, 59.782051282051285, 62.2625, 59.856502242152466, 55.92788461538461, 56.047846889952154, 52.50248756218905, 58.04663212435233, 49.467289719626166, 49.1651376146789, 47.96694214876033, 69.05418719211822, 66.02912621359224, 64.42857142857143, 56.969026548672566, 54.506437768240346, 54.03030303030303, 60.502145922746784, 64.01167315175097, 63.84189723320158, 65.94318181818181, 55.35398230088496, 57.99166666666667, 51.26373626373626, 52.384105960264904]
[56.86829268292683, 38.03125, 55.610837438423644, 49.40585774058577, 53.502262443438916, 0, 58.89878542510122, 54.45205479452055, 51.25157232704402, 56.57209302325582, 43.57142857142857, 57.50694444444444, 42.7436974789916, 41.0836820083682, 41.50328947368421, 8.50242718446602, 43.77215189873418, 52.204819277108435, 46.358620689655176, 43.16831683168317, 57.679611650485434, 50.023622047244096, 55.256, 53.39655172413793, 51.6764705882353, 49.27038626609442, 48.33673469387755, 47.27927927927928, 53.735099337748345, 58.208695652173915, 40.99629629629629, 0.44685466377440347, 51.0547263681592, 47.21025641025641, 50.98770491803279, 53.185, 51.616379310344826, 50.52995391705069, 51.24583333333333, 60.091787439613526, 53.53617021276596, 52.26315789473684, 51.44392523364486, 53.67080745341615, 63.04807692307692, 61.1889400921659, 51.18376068376068, 50.78969957081545, 55.54980079681275, 51.170731707317074, 47.64705882352941, 66.33333333333333, 64.24242424242425, 53.06578947368421, 54.48888888888889, 59.15447154471545, 59.43396226415094, 57.58730158730159, 56.139830508474574, 51.21860465116279, 46.79775280898876, 52.15384615384615, 27.75, 43.40088105726872, 44.18007662835249, 52.3936170212766, 27.317725752508363, 51.90625, 51.109375, 48.308300395256914, 48.6651376146789, 45.34033613445378, 43.95238095238095, 48.18300653594771, 64.67555555555556, 63.52511415525114, 62.81659388646288, 43.6231884057971, 32.41017964071856, 9.002487562189055, 53.85655737704918, 57.21686746987952, 57.01639344262295, 55.513966480446925, 53.23622047244095, 37.12460063897763, 49.115, 48.0]
[67.375, 60.833333333333336, 64.07179487179488, 56.88844621513944, 60.57471264367816, 58.89878542510122, 0, 53.48309178743961, 58.4468085106383, 53.30801687763713, 50.19767441860465, 64.22314049586777, 61.16822429906542, 60.24390243902439, 61.56837606837607, 56.09777777777778, 61.06315789473684, 62.16818181818182, 60.293103448275865, 63.3160621761658, 66.139896373057, 54.62980769230769, 60.10900473933649, 58.48979591836735, 55.4251497005988, 48.303030303030305, 48.94082840236686, 49.556756756756755, 58.47328244274809, 64.11428571428571, 56.701492537313435, 56.47161572052402, 59.45161290322581, 55.325301204819276, 57.34020618556701, 58.74585635359116, 59.583333333333336, 59.33695652173913, 57.85641025641026, 65.16267942583733, 56.841628959276015, 55.67111111111111, 56.935960591133004, 56.411764705882355, 63.7286432160804, 62.48, 52.72549019607843, 51.71830985915493, 52.78512396694215, 57.558375634517766, 63.5063829787234, 74.26271186440678, 72.48695652173913, 65.09734513274336, 56.97883597883598, 61.22666666666667, 58.95719844357976, 60.918454935622314, 59.792792792792795, 57.046875, 54.20496894409938, 61.99186991869919, 57.806306306306304, 62.35981308411215, 58.782978723404256, 61.04237288135593, 58.339285714285715, 58.776595744680854, 59.047120418848166, 52.973544973544975, 56.93617021276596, 59.63461538461539, 57.371980676328505, 50.02255639097744, 66.12820512820512, 63.43, 63.78172588832487, 58.62135922330097, 55.74887892376682, 56.91880341880342, 56.67948717948718, 61.42982456140351, 60.69736842105263, 62.909604519774014, 56.55128205128205, 60.333333333333336, 53.0880829015544, 51.91503267973856]
[55.0, 54.15425531914894, 61.41104294478528, 54.7, 56.492537313432834, 54.45205479452055, 53.48309178743961, 0, 51.5688622754491, 54.21634615384615, 44.87155963302752, 56.3014705882353, 61.65158371040724, 61.018181818181816, 61.9059829059829, 55.21559633027523, 63.25, 62.229729729729726, 60.56542056074766, 67.28318584070796, 70.74407582938389, 53.23628691983122, 60.0, 55.81666666666667, 53.28125, 49.600985221674875, 49.22051282051282, 47.25238095238095, 54.00709219858156, 64.74774774774775, 54.62844036697248, 54.582159624413144, 58.71028037383178, 53.41752577319588, 54.8235294117647, 57.710144927536234, 55.633663366336634, 57.42583732057416, 54.71621621621622, 68.13106796116504, 56.83173076923077, 56.43290043290043, 55.07657657657658, 54.10179640718563, 65.71361502347418, 62.2122641509434, 52.5933014354067, 52.602739726027394, 55.70940170940171, 54.99107142857143, 62.52488687782805, 83.9271523178808, 82.83211678832117, 68.35714285714286, 55.10891089108911, 64.29464285714286, 61.599137931034484, 60.47457627118644, 61.03431372549019, 54.98019801980198, 52.65, 67.64900662251655, 60.05150214592275, 63.4392523364486, 60.563025210084035, 62.105932203389834, 59.88793103448276, 54.63235294117647, 54.396039603960396, 49.78536585365854, 55.24761904761905, 53.761702127659575, 53.666666666666664, 46.66233766233766, 68.31627906976745, 64.77777777777777, 63.65898617511521, 57.174311926605505, 55.120535714285715, 54.465753424657535, 57.92660550458716, 64.23766816143498, 64.89823008849558, 63.31147540983606, 53.54545454545455, 57.25688073394495, 49.62068965517241, 50.112994350282484]
[39.943396226415096, 54.12676056338028, 48.87417218543046, 53.82608695652174, 52.18796992481203, 51.25157232704402, 58.4468085106383, 51.5688622754491, 0, 61.65384615384615, 38.415929203539825, 37.14492753623188, 58.79723502304147, 58.94347826086957, 62.482300884955755, 56.11522633744856, 59.200873362445414, 57.56896551724138, 63.35744680851064, 58.47004608294931, 68.75, 51.856540084388186, 53.534188034188034, 57.22641509433962, 48.91919191919192, 50.35609756097561, 40.52879581151832, 45.32275132275132, 36.820754716981135, 55.297777777777775, 56.912863070539416, 56.06382978723404, 49.70283018867924, 45.875, 52.98347107438016, 47.32, 50.52755905511811, 48.595, 52.46413502109704, 59.37373737373738, 54.88018433179724, 54.58715596330275, 51.17142857142857, 45.777272727272724, 60.34862385321101, 59.56194690265487, 51.03125, 52.13989637305699, 60.08457711442786, 52.950413223140494, 63.162393162393165, 83.24603174603175, 79.46774193548387, 65.26940639269407, 52.724137931034484, 62.50684931506849, 60.900826446280995, 58.00406504065041, 62.14141414141414, 52.67724867724868, 50.16483516483517, 58.575949367088604, 57.85267857142857, 60.51162790697674, 61.46636771300449, 63.33891213389121, 57.874439461883405, 54.15384615384615, 53.705128205128204, 51.87619047619047, 51.481675392670155, 52.475, 50.15021459227468, 39.3525641025641, 62.61421319796954, 60.60550458715596, 57.665116279069764, 55.66244725738397, 58.63133640552996, 55.16525423728814, 61.97727272727273, 66.63111111111111, 66.53488372093024, 51.208333333333336, 58.28921568627451, 59.85407725321888, 52.72832369942196, 43.01069518716577]
[61.56363636363636, 58.364102564102566, 61.331460674157306, 57.070093457943926, 59.04385964912281, 56.57209302325582, 53.30801687763713, 54.21634615384615, 61.65384615384615, 0, 47.0126582278481, 64.18110236220473, 61.055045871559635, 60.37914691943128, 64.1140350877193, 57.00473933649289, 62.333333333333336, 61.46511627906977, 60.82553191489362, 65.59024390243903, 67.4040404040404, 53.40930232558139, 57.882629107981224, 57.5, 57.53370786516854, 50.74038461538461, 48.28488372093023, 47.630208333333336, 58.71875, 64.175, 58.753488372093024, 56.388625592417064, 57.95580110497237, 53.775757575757574, 57.01470588235294, 56.33898305084746, 57.58375634517766, 58.759562841530055, 56.757425742574256, 65.4829268292683, 55.89956331877729, 56.190265486725664, 55.19191919191919, 55.68421052631579, 62.3411214953271, 61.0958904109589, 51.41826923076923, 52.04128440366973, 53.666666666666664, 56.915841584158414, 65.5475113122172, 76.0, 75.62857142857143, 66.6150234741784, 56.25133689839572, 60.40092165898618, 59.56595744680851, 59.1875, 62.66222222222222, 55.76923076923077, 56.26857142857143, 64.62411347517731, 59.54824561403509, 62.82266009852217, 61.348017621145374, 65.52586206896552, 59.45614035087719, 57.34170854271357, 57.375, 52.13661202185792, 57.0880829015544, 57.069651741293534, 55.58762886597938, 47.090225563909776, 65.99537037037037, 62.570093457943926, 61.81990521327014, 59.409691629955944, 57.294930875576036, 57.44711538461539, 59.46280991735537, 64.6954732510288, 63.78540772532189, 65.49473684210527, 53.38425925925926, 62.60434782608696, 50.8994708994709, 48.922077922077925]
[45.632075471698116, 45.325581395348834, 47.82105263157895, 47.71590909090909, 48.025, 43.57142857142857, 50.19767441860465, 44.87155963302752, 38.415929203539825, 47.0126582278481, 0, 48.45390070921986, 54.298701298701296, 54.382716049382715, 57.641618497109825, 51.395604395604394, 55.16352201257862, 56.31515151515151, 61.50847457627118, 57.733333333333334, 67.31788079470199, 50.075581395348834, 54.19318181818182, 58.36, 49.21511627906977, 46.70224719101124, 41.97041420118343, 44.706586826347305, 45.18562874251497, 55.8876404494382, 53.17204301075269, 51.62222222222222, 46.04761904761905, 42.017857142857146, 46.15606936416185, 43.63068181818182, 45.97076023391813, 45.558282208588956, 46.0, 57.0375, 52.12280701754386, 51.12571428571429, 47.31901840490798, 45.49438202247191, 60.403614457831324, 56.747126436781606, 45.899441340782126, 47.17204301075269, 54.07643312101911, 46.30285714285714, 59.12068965517241, 83.66315789473684, 80.40229885057471, 60.58904109589041, 44.63586956521739, 58.59146341463415, 58.82658959537572, 57.205555555555556, 58.18354430379747, 49.94230769230769, 43.071005917159766, 60.76229508196721, 55.101604278074866, 55.7939393939394, 56.04242424242424, 58.77514792899408, 55.351063829787236, 47.657534246575345, 47.57142857142857, 46.10227272727273, 46.09090909090909, 49.707602339181285, 49.282722513089006, 30.439560439560438, 65.35757575757576, 61.838509316770185, 60.0, 50.946236559139784, 54.23699421965318, 50.106951871657756, 58.21348314606742, 61.616883116883116, 62.52795031055901, 60.1656050955414, 55.775, 55.443243243243245, 49.37579617834395, 36.6256157635468]
[32.972972972972975, 60.736434108527135, 53.432, 60.015625, 59.08620689655172, 57.50694444444444, 64.22314049586777, 56.3014705882353, 37.14492753623188, 64.18110236220473, 48.45390070921986, 0, 63.814655172413794, 62.64224137931034, 68.54042553191489, 61.35087719298246, 63.577586206896555, 63.25, 65.87603305785125, 63.306666666666665, 73.17840375586854, 55.741379310344826, 58.608695652173914, 60.71153846153846, 51.31132075471698, 55.47979797979798, 47.671875, 52.58673469387755, 41.244791666666664, 60.57258064516129, 60.61603375527426, 59.91162790697675, 51.34782608695652, 48.98326359832636, 54.108225108225106, 50.94230769230769, 53.328125, 52.034188034188034, 53.74122807017544, 65.335, 58.78082191780822, 60.10176991150443, 55.285714285714285, 51.19095477386934, 65.8989898989899, 63.11926605504587, 57.131979695431475, 58.77669902912621, 66.30046948356808, 53.90869565217391, 66.64822134387352, 86.93388429752066, 85.3828125, 69.13679245283019, 57.133640552995395, 65.76363636363637, 64.89177489177489, 61.63392857142857, 66.44444444444444, 59.291666666666664, 54.39408866995074, 65.58666666666667, 62.65777777777778, 65.26363636363637, 64.80092592592592, 66.7381974248927, 62.80888888888889, 57.3304347826087, 56.99122807017544, 57.94146341463415, 59.17560975609756, 57.56846473029046, 55.50413223140496, 47.132183908045974, 67.50761421319797, 65.79292929292929, 63.698019801980195, 59.392405063291136, 62.07729468599034, 60.972972972972975, 66.30697674418604, 71.42105263157895, 71.22026431718062, 52.24888888888889, 65.63131313131314, 65.4069264069264, 58.91489361702128, 51.137362637362635]
[60.05238095238095, 53.82868525896414, 44.088235294117645, 55.93981481481482, 59.94954128440367, 42.7436974789916, 61.16822429906542, 61.65158371040724, 58.79723502304147, 61.055045871559635, 54.298701298701296, 63.814655172413794, 0, 5.01605504587156, 52.33196721311475, 41.049107142857146, 38.24074074074074, 50.331932773109244, 58.964285714285715, 39.554655870445345, 55.491150442477874, 49.97435897435897, 46.36401673640167, 53.490566037735846, 54.366863905325445, 50.42424242424242, 47.84293193717277, 46.435754189944134, 49.53076923076923, 46.199203187250994, 51.653153153153156, 40.25909090909091, 45.17040358744394, 46.17365269461078, 51.854838709677416, 46.494680851063826, 51.212290502793294, 52.722727272727276, 51.82513661202186, 54.54893617021276, 50.902325581395345, 51.54112554112554, 49.16243654822335, 52.61437908496732, 60.608695652173914, 58.77056277056277, 50.364102564102566, 50.30952380952381, 58.29596412556054, 52.07446808510638, 57.6551724137931, 57.83464566929134, 61.786764705882355, 38.68454258675079, 52.545, 54.077551020408166, 59.96666666666667, 58.69874476987448, 58.95475113122172, 52.707692307692305, 45.5026455026455, 56.80281690140845, 51.71615720524017, 39.535714285714285, 52.05128205128205, 57.583657587548636, 51.53711790393013, 53.207070707070706, 53.08205128205128, 48.78787878787879, 49.045643153526974, 41.42986425339367, 39.570048309178745, 45.11594202898551, 62.282051282051285, 60.34222222222222, 58.37280701754386, 52.98642533936651, 45.34873949579832, 44.12820512820513, 57.46521739130435, 60.51807228915663, 61.05179282868526, 56.20320855614973, 55.92272727272727, 46.888888888888886, 52.0375, 47.35672514619883]
[58.98076923076923, 52.23868312757202, 42.706382978723404, 55.60280373831776, 58.929906542056074, 41.0836820083682, 60.24390243902439, 61.018181818181816, 58.94347826086957, 60.37914691943128, 54.382716049382715, 62.64224137931034, 5.01605504587156, 0, 52.10546875, 40.45454545454545, 35.147887323943664, 48.79365079365079, 59.015625, 36.513011152416354, 53.85909090909091, 50.40298507462686, 45.452674897119344, 53.528301886792455, 54.41379310344828, 50.257425742574256, 47.43298969072165, 46.30681818181818, 47.59230769230769, 45.95348837209303, 51.22171945701358, 38.98672566371681, 44.88495575221239, 46.245714285714286, 52.78391959798995, 47.21608040201005, 51.56149732620321, 51.60648148148148, 52.82142857142857, 53.50210970464135, 50.949074074074076, 50.91304347826087, 48.80769230769231, 51.52317880794702, 60.77433628318584, 58.81545064377682, 50.50259067357513, 50.48076923076923, 58.24454148471616, 52.985074626865675, 57.202643171806166, 52.01639344262295, 54.544642857142854, 37.80891719745223, 52.535885167464116, 53.33864541832669, 60.05106382978723, 58.6900826446281, 57.86607142857143, 52.845360824742265, 44.076502732240435, 48.485074626865675, 50.77215189873418, 37.81647940074907, 50.33617021276596, 57.11877394636015, 50.865546218487395, 52.94634146341463, 53.05882352941177, 48.171875, 49.6425702811245, 40.76146788990825, 40.36697247706422, 44.12686567164179, 62.0418410041841, 59.178899082568805, 57.95217391304348, 50.981308411214954, 45.30672268907563, 44.11538461538461, 58.04255319148936, 60.06614785992218, 60.44705882352941, 53.16842105263158, 55.52582159624413, 46.100401606425706, 52.37888198757764, 46.7514450867052]
[65.2882096069869, 16.896984924623116, 66.78378378378379, 57.623893805309734, 62.020833333333336, 41.50328947368421, 61.56837606837607, 61.9059829059829, 62.482300884955755, 64.1140350877193, 57.641618497109825, 68.54042553191489, 52.33196721311475, 52.10546875, 0, 38.191335740072205, 53.660714285714285, 58.23394495412844, 52.39855072463768, 60.10087719298246, 63.87234042553192, 52.01449275362319, 58.36625514403292, 52.886792452830186, 55.441624365482234, 51.275, 51.666666666666664, 50.41269841269841, 56.20610687022901, 65.27981651376147, 51.235772357723576, 37.52536231884058, 55.18181818181818, 51.794736842105266, 52.857142857142854, 57.186868686868685, 52.282722513089006, 55.608040201005025, 53.13300492610838, 63.91304347826087, 56.26548672566372, 56.06880733944954, 54.51052631578948, 56.21830985915493, 67.05288461538461, 63.49756097560976, 54.58373205741627, 54.07692307692308, 56.39301310043668, 52.76960784313726, 41.30201342281879, 70.12592592592593, 68.82857142857142, 60.254826254826256, 56.45959595959596, 62.54724409448819, 60.386454183266935, 58.00438596491228, 51.36363636363637, 55.014354066985646, 49.87777777777778, 58.22794117647059, 48.19776119402985, 52.0836820083682, 47.01937984496124, 48.06666666666667, 48.30223880597015, 53.27014218009479, 53.229665071770334, 49.71634615384615, 52.98019801980198, 50.765853658536585, 48.83505154639175, 47.34375, 66.92592592592592, 65.80090497737557, 65.97630331753554, 51.96103896103896, 39.03971119133574, 38.85036496350365, 58.329166666666666, 47.3978102189781, 53.003846153846155, 58.4054054054054, 56.828054298642535, 42.16139240506329, 52.38953488372093, 49.94405594405595]
[57.08837209302325, 38.94385964912281, 55.12380952380953, 49.52765957446808, 54.12068965517241, 8.50242718446602, 56.09777777777778, 55.21559633027523, 56.11522633744856, 57.00473933649289, 51.395604395604394, 61.35087719298246, 41.049107142857146, 40.45454545454545, 38.191335740072205, 0, 45.59375, 53.2, 46.54736842105263, 48.34862385321101, 59.32642487046632, 50.51764705882353, 54.84782608695652, 53.189655172413794, 52.357142857142854, 48.5450643776824, 48.05291005291005, 47.74889867841409, 52.42142857142857, 55.350710900473935, 41.11743772241993, 8.455847255369928, 52.47422680412371, 48.32673267326733, 49.78632478632478, 53.31658291457286, 51.3542600896861, 52.08715596330275, 50.39316239316239, 61.14691943127962, 54.148, 52.2911877394636, 51.80373831775701, 52.22641509433962, 63.873303167420815, 62.09322033898305, 51.914529914529915, 51.6375, 55.21513944223108, 49.782051282051285, 48.77173913043478, 65.47368421052632, 66.22105263157894, 52.92139737991266, 53.711009174311926, 58.93852459016394, 57.97794117647059, 57.612648221343875, 56.31739130434783, 51.244239631336406, 47.75690607734806, 54.42962962962963, 30.48135593220339, 45.42307692307692, 43.87747035573123, 51.75539568345324, 31.35810810810811, 50.077235772357724, 51.42323651452282, 47.63265306122449, 49.0625, 44.217021276595744, 43.565400843881854, 45.939597315436245, 64.89201877934272, 63.48356807511737, 62.90717299578059, 42.49063670411985, 31.066066066066067, 4.0479452054794525, 53.91532258064516, 58.583333333333336, 57.7037037037037, 55.89655172413793, 53.577358490566034, 37.4025974025974, 49.651041666666664, 47.91379310344828]
[59.42035398230089, 53.52444444444444, 48.104838709677416, 58.411483253588514, 60.63106796116505, 43.77215189873418, 61.06315789473684, 63.25, 59.200873362445414, 62.333333333333336, 55.16352201257862, 63.577586206896555, 38.24074074074074, 35.147887323943664, 53.660714285714285, 45.59375, 0, 47.08527131782946, 59.8996138996139, 35.44701986754967, 54.19383259911894, 50.9060773480663, 52.699074074074076, 56.04761904761905, 54.945578231292515, 50.87292817679558, 47.78333333333333, 47.435064935064936, 49.55102040816327, 49.01593625498008, 54.5, 43.06018518518518, 50.0625, 48.86708860759494, 53.3125, 49.84574468085106, 51.946236559139784, 52.52061855670103, 53.21511627906977, 47.791111111111114, 51.80582524271845, 52.34975369458128, 49.20725388601036, 52.98675496688742, 56.27669902912621, 54.367924528301884, 53.005376344086024, 52.61702127659574, 60.17733990147783, 53.6875, 62.370535714285715, 51.602739726027394, 47.31428571428572, 46.2129963898917, 54.54271356783919, 58.21610169491525, 61.201716738197426, 59.838095238095235, 59.34782608695652, 54.69364161849711, 47.84971098265896, 41.59411764705882, 49.118721461187214, 42.11673151750973, 50.31799163179916, 61.270833333333336, 49.67713004484305, 54.06842105263158, 54.205263157894734, 51.10614525139665, 52.495370370370374, 43.02884615384615, 40.951219512195124, 48.33587786259542, 58.09274193548387, 56.94444444444444, 54.732394366197184, 55.08780487804878, 47.491379310344826, 47.813397129186605, 58.559471365638764, 61.1336032388664, 60.79435483870968, 53.51724137931034, 57.775, 53.55021834061135, 52.877300613496935, 47.4311377245509]
[59.862385321100916, 58.95964125560538, 50.504464285714285, 58.280701754385966, 59.9451476793249, 52.204819277108435, 62.16818181818182, 62.229729729729726, 57.56896551724138, 61.46511627906977, 56.31515151515151, 63.25, 50.331932773109244, 48.79365079365079, 58.23394495412844, 53.2, 47.08527131782946, 0, 58.75098814229249, 45.02510460251046, 49.82380952380952, 55.9377990430622, 57.876106194690266, 58.30769230769231, 56.68604651162791, 55.765, 52.60233918128655, 52.6, 53.84172661870504, 52.17467248908297, 57.70796460176991, 51.17727272727273, 55.16990291262136, 53.73255813953488, 56.04145077720207, 55.03191489361702, 56.91705069124424, 55.888297872340424, 56.47179487179487, 61.68316831683168, 58.06392694063927, 58.258620689655174, 55.4321608040201, 52.11392405063291, 61.650485436893206, 61.46120689655172, 56.18811881188119, 56.68571428571428, 61.178403755868544, 56.13846153846154, 65.29787234042553, 63.5, 61.104166666666664, 58.28151260504202, 55.114583333333336, 60.717213114754095, 62.975, 61.76521739130435, 59.61467889908257, 54.857142857142854, 52.409937888198755, 48.78378378378378, 57.081447963800905, 54.93896713615023, 57.58293838862559, 63.21120689655172, 57.265765765765764, 57.222727272727276, 57.285714285714285, 56.01685393258427, 55.78365384615385, 46.85022026431718, 45.84018264840183, 48.63865546218487, 62.63849765258216, 62.5, 61.523809523809526, 56.279661016949156, 53.47161572052402, 54.71300448430493, 60.31192660550459, 61.72103004291846, 61.46551724137931, 57.30386740331492, 58.42028985507246, 60.02252252252252, 54.120879120879124, 50.11805555555556]
[64.56140350877193, 51.67820069204152, 63.00429184549356, 56.58730158730159, 60.00403225806452, 46.358620689655176, 60.293103448275865, 60.56542056074766, 63.35744680851064, 60.82553191489362, 61.50847457627118, 65.87603305785125, 58.964285714285715, 59.015625, 52.39855072463768, 46.54736842105263, 59.8996138996139, 58.75098814229249, 0, 59.055045871559635, 60.425, 55.46478873239437, 59.22457627118644, 58.233333333333334, 53.95977011494253, 54.67661691542288, 55.02958579881657, 53.635897435897434, 57.47244094488189, 61.77209302325581, 54.525862068965516, 41.9453125, 57.45789473684211, 55.41346153846154, 56.12162162162162, 57.9144385026738, 56.45794392523364, 57.62, 56.29596412556054, 65.03827751196172, 59.654008438818565, 58.27947598253275, 58.55, 56.964285714285715, 65.44927536231884, 62.19211822660098, 56.147619047619045, 55.85321100917431, 59.45495495495496, 56.14027149321267, 52.08, 66.1826923076923, 68.32478632478633, 62.67099567099567, 57.82325581395349, 60.53813559322034, 62.27651515151515, 60.794238683127574, 60.18348623853211, 57.291666666666664, 53.785276073619634, 56.09090909090909, 52.529411764705884, 56.10679611650485, 55.197424892703864, 57.91439688715953, 52.46025104602511, 57.60091743119266, 58.02283105022831, 53.25233644859813, 55.7952380952381, 53.66046511627907, 52.687203791469194, 52.56198347107438, 66.01357466063348, 65.4093023255814, 64.16143497757848, 56.016806722689076, 46.92622950819672, 44.43629343629344, 57.25925925925926, 59.52608695652174, 59.2532751091703, 59.32954545454545, 58.68122270742358, 47.77902621722846, 55.12154696132597, 52.29496402877698]
[60.32857142857143, 60.18055555555556, 47.996, 60.23364485981308, 62.841628959276015, 43.16831683168317, 63.3160621761658, 67.28318584070796, 58.47004608294931, 65.59024390243903, 57.733333333333334, 63.306666666666665, 39.554655870445345, 36.513011152416354, 60.10087719298246, 48.34862385321101, 35.44701986754967, 45.02510460251046, 59.055045871559635, 0, 51.22083333333333, 54.42162162162162, 54.61538461538461, 62.127272727272725, 60.66225165562914, 53.29824561403509, 49.32298136645963, 50.615894039735096, 50.45323741007194, 48.63035019455253, 57.46632124352332, 43.52857142857143, 51.78431372549019, 49.31210191082803, 56.95454545454545, 49.060109289617486, 54.23783783783784, 53.77948717948718, 57.10674157303371, 52.97727272727273, 52.88780487804878, 53.990243902439026, 49.04255319148936, 51.27741935483871, 60.03636363636364, 58.54854368932039, 55.66129032258065, 56.4, 64.22388059701493, 56.91525423728814, 65.93103448275862, 50.921875, 47.92700729927007, 49.627376425855516, 54.74585635359116, 59.955555555555556, 62.782805429864254, 62.59447004608295, 61.5969387755102, 55.27840909090909, 48.16981132075472, 41.89385474860335, 51.57142857142857, 45.08139534883721, 52.50230414746544, 62.63203463203463, 52.01793721973094, 58.47715736040609, 58.43076923076923, 52.353658536585364, 53.3, 42.2970297029703, 41.91542288557214, 45.89430894308943, 61.46861924686193, 60.87155963302752, 59.69230769230769, 57.21182266009852, 50.74025974025974, 51.71980676328502, 59.38095238095238, 62.32083333333333, 61.345991561181435, 53.55434782608695, 60.64171122994652, 56.02272727272727, 55.225806451612904, 43.17751479289941]
[70.86802030456853, 64.60905349794238, 54.22115384615385, 68.17788461538461, 69.69683257918552, 57.679611650485434, 66.139896373057, 70.74407582938389, 68.75, 67.4040404040404, 67.31788079470199, 73.17840375586854, 55.491150442477874, 53.85909090909091, 63.87234042553192, 59.32642487046632, 54.19383259911894, 49.82380952380952, 60.425, 51.22083333333333, 0, 57.688311688311686, 61.888324873096444, 60.869565217391305, 61.738255033557046, 58.34931506849315, 56.158940397350996, 56.518248175182485, 62.146341463414636, 54.93832599118943, 56.78453038674033, 52.728813559322035, 59.64327485380117, 57.583333333333336, 60.9496855345912, 61.08552631578947, 60.817567567567565, 60.642458100558656, 61.00636942675159, 65.3265306122449, 63.285714285714285, 60.33734939759036, 61.81065088757396, 60.661417322834644, 65.85128205128206, 66.23243243243243, 58.860759493670884, 59.04093567251462, 63.3475935828877, 61.16352201257862, 66.12562814070351, 62.90184049079755, 63.63253012048193, 60.55172413793103, 57.60248447204969, 63.98148148148148, 67.01507537688443, 64.87179487179488, 62.43010752688172, 58.06622516556291, 51.75, 57.4, 58.286458333333336, 58.018181818181816, 58.614634146341466, 65.92070484581498, 58.37948717948718, 61.54705882352941, 61.54761904761905, 54.50694444444444, 57.596858638743456, 48.433526011560694, 47.08379888268156, 54.9, 65.70098039215686, 65.83157894736843, 65.36813186813187, 59.67231638418079, 52.68783068783069, 53.68421052631579, 60.09852216748769, 62.19047619047619, 62.096638655462186, 61.27567567567568, 63.18857142857143, 61.792270531400966, 59.94656488549618, 54.560344827586206]
[52.415929203539825, 51.66985645933014, 55.310526315789474, 54.513636363636365, 56.596330275229356, 50.023622047244096, 54.62980769230769, 53.23628691983122, 51.856540084388186, 53.40930232558139, 50.075581395348834, 55.741379310344826, 49.97435897435897, 50.40298507462686, 52.01449275362319, 50.51764705882353, 50.9060773480663, 55.9377990430622, 55.46478873239437, 54.42162162162162, 57.688311688311686, 0, 36.582142857142856, 41.52238805970149, 50.59241706161137, 47.04471544715447, 45.58620689655172, 46.25523012552301, 52.295597484276726, 58.63913043478261, 54.12340425531915, 51.41153846153846, 48.509009009009006, 46.72608695652174, 50.242798353909464, 47.82051282051282, 49.25833333333333, 49.743362831858406, 50.344398340248965, 58.71296296296296, 50.62403100775194, 50.02928870292887, 48.348017621145374, 48.79661016949152, 60.398148148148145, 59.10762331838565, 48.5990990990991, 48.94893617021277, 54.95945945945946, 50.4320987654321, 59.17786561264822, 75.29203539823008, 70.8, 61.261802575107296, 51.471111111111114, 55.16597510373444, 56.69776119402985, 54.91923076923077, 57.58771929824562, 50.669767441860465, 47.82383419689119, 60.53900709219858, 53.19583333333333, 54.470319634703195, 54.570247933884296, 61.916666666666664, 53.44214876033058, 51.05952380952381, 50.964285714285715, 47.30869565217391, 52.65470852017937, 51.50826446280992, 49.836909871244636, 46.01960784313726, 64.02450980392157, 60.268181818181816, 60.08370044052864, 53.47698744769875, 52.46280991735537, 51.00790513833992, 57.58482142857143, 61.15765765765766, 60.88, 55.774566473988436, 52.32295719844358, 56.10569105691057, 48.915, 43.73372781065089]
[54.63913043478261, 58.38461538461539, 52.08294930875576, 59.372727272727275, 61.60730593607306, 55.256, 60.10900473933649, 60.0, 53.534188034188034, 57.882629107981224, 54.19318181818182, 58.608695652173914, 46.36401673640167, 45.452674897119344, 58.36625514403292, 54.84782608695652, 52.699074074074076, 57.876106194690266, 59.22457627118644, 54.61538461538461, 61.888324873096444, 36.582142857142856, 0, 45.7037037037037, 51.1505376344086, 51.077669902912625, 47.03076923076923, 47.44210526315789, 50.35947712418301, 53.50869565217391, 56.414414414414416, 54.323008849557525, 44.48927038626609, 46.97422680412371, 53.04265402843602, 47.59024390243903, 50.943127962085306, 50.018348623853214, 52.87019230769231, 55.671052631578945, 53.21834061135371, 52.776315789473685, 51.56666666666667, 47.94409937888199, 59.660633484162894, 58.84100418410042, 50.85427135678392, 51.33175355450237, 58.872037914691944, 53.12918660287081, 62.05691056910569, 61.67460317460318, 60.83206106870229, 54.812, 50.47, 49.09225092250922, 58.61776061776062, 56.44491525423729, 60.17224880382775, 52.81382978723404, 49.72486772486773, 57.136986301369866, 55.14732142857143, 35.10526315789474, 57.17167381974249, 60.778625954198475, 55.01793721973094, 53.61538461538461, 53.977375565610856, 50.29100529100529, 53.26168224299065, 54.23004694835681, 51.468599033816425, 44.71311475409836, 60.96774193548387, 58.14159292035398, 57.72844827586207, 55.973094170403584, 56.5940170940171, 55.25, 58.63274336283186, 60.876068376068375, 61.47950819672131, 53.14795918367347, 55.81094527363184, 57.97816593886463, 51.57396449704142, 46.52903225806452]
[52.345454545454544, 53.75, 62.59183673469388, 55.370370370370374, 56.38775510204081, 53.39655172413793, 58.48979591836735, 55.81666666666667, 57.22641509433962, 57.5, 58.36, 60.71153846153846, 53.490566037735846, 53.528301886792455, 52.886792452830186, 53.189655172413794, 56.04761904761905, 58.30769230769231, 58.233333333333334, 62.127272727272725, 60.869565217391305, 41.52238805970149, 45.7037037037037, 0, 47.15714285714286, 57.52777777777778, 55.492537313432834, 54.09090909090909, 63.07692307692308, 67.3157894736842, 60.17333333333333, 57.36986301369863, 64.3, 56.72857142857143, 56.985074626865675, 64.75, 57.95774647887324, 58.73134328358209, 56.56716417910448, 69.36842105263158, 59.10958904109589, 59.445945945945944, 58.89705882352941, 66.81818181818181, 71.41666666666667, 69.55263157894737, 58.357142857142854, 56.072463768115945, 61.041666666666664, 56.985074626865675, 59.166666666666664, 85.94915254237289, 83.19642857142857, 68.83783783783784, 61.541666666666664, 64.01369863013699, 61.76, 59.642857142857146, 63.01428571428571, 59.64705882352941, 58.815384615384616, 70.27118644067797, 61.2, 63.478873239436616, 63.171052631578945, 62.25974025974026, 61.25333333333333, 58.04109589041096, 58.13513513513514, 54.84285714285714, 58.21739130434783, 60.25675675675676, 59.22666666666667, 58.36538461538461, 72.68, 69.32432432432432, 70.32876712328768, 62.06578947368421, 58.32432432432432, 56.15714285714286, 59.614285714285714, 62.10958904109589, 60.985915492957744, 61.521126760563384, 58.985915492957744, 61.32051282051282, 58.66197183098591, 59.55357142857143]
