[1, 0.4676017596284967, 0.36528357298110686, 0.5327774111290177, 0.48790313489575227, 0.4803203605287669, 0.44426151013191256, 0.6387519277245272, 0.5410537337429737, 0.4692113052706896, 0.6995873224590686, 0.6136314309269676, 0.3969779966203923, 0.396589892332393, 0.492670145012497, 0.4655253188357089, 0.3903505003223195, 0.43902543023694846, 0.43867408966818155, 0.398227250018675, 0.5375985764867183, 0.79467087712448, 0.6490237825515573, 0.776325962821506, 0.8107982829065273, 0.6312804874573352, 0.5584382347432345, 0.6350760614140759, 0.6195510956218151, 0.36528357298110686, 0.6010369677626409, 0.48550263612945477, 0.45733749350492375, 0.5081202487192399, 0.5277575293365175, 0.412702817387901, 0.5360007168172238, 0.45428922915581965, 0.5138468733409032, 0.6984356241264211, 0.7958453680884915, 0.7678710770566018, 0.7293417908247005, 0.6297527545191574, 0.409395143857125, 0.4033430186767033, 0.6945424743606333, 0.6938461367715241, 0.6840283353247854, 0.5360540838709421, 0.7475473949076011, 0.4297477626397066, 0.37146857248153425, 0.3649211057617899, 0.6751069431406268, 0.6398047405009275, 0.771553646773064, 0.7389362696020378, 0.5970098206552096, 0.6092837502594812, 0.4414329686500352, 0.33976685064279155, 0.448756996614088, 0.36522078704035854, 0.4491336505172086, 0.4287263734937752, 0.44782368608067374, 0.7345955531112937, 0.7330121161122721, 0.4024563575686597, 0.38425054952928567, 0.4940321658783209, 0.49438441432347435, 0.5161455477515888, 0.36425720920411764, 0.39262472408097043, 0.41137014232995056, 0.5819196761957303, 0.46934432206790816, 0.6315186900475038, 0.5742502547451294, 0.41865177426576694, 0.41873986553039133, 0.44139083189138767, 0.700725046062511, 0.4690101347390936, 0.7134883358042168, 0.4595428685682202]
[0.4676017596284967, 1, 0.3026623149205358, 0.53668717118072, 0.4779576485574346, 0.6656147912742473, 0.3660432270652729, 0.42302235501848046, 0.36606055565134393, 0.31876636643342354, 0.4289603117250403, 0.3892708005530327, 0.5278415079132713, 0.522634791880851, 0.6618349103831526, 0.6326482732247524, 0.5855503872000521, 0.5705250622850043, 0.6268708037581131, 0.5735432388688184, 0.4384091063512414, 0.5696788250654633, 0.43389244525695925, 0.4927615563756556, 0.5490228169471725, 0.46589642551768257, 0.39149817698306216, 0.5192880594352108, 0.4184317169526513, 0.3026623149205358, 0.4731009176716329, 0.6676548379946764, 0.5163237325230948, 0.5427884700452378, 0.5705936268018603, 0.45496463652281866, 0.6573688681222044, 0.5132484645487693, 0.5635405375943584, 0.45896609504872066, 0.5758557975957058, 0.5162568343563995, 0.480392421616725, 0.41793063269332165, 0.25566324620374786, 0.2666047134887146, 0.5521654493996873, 0.5480426263101034, 0.5137253487522475, 0.5825035428208478, 0.5204460608831821, 0.5175486614622843, 0.44856103998896507, 0.41607690832033745, 0.4254917681121196, 0.4181781758787859, 0.5372323292258832, 0.48525814162391984, 0.4778051064651723, 0.41330742532898673, 0.5616961725606403, 0.43899339273361254, 0.6116587667450852, 0.4408213401950283, 0.5747601997098449, 0.5985156137264088, 0.6125300421167106, 0.4966399677320301, 0.49584760743591466, 0.45527692506520717, 0.34893098062344907, 0.45158467329557767, 0.4492014689687091, 0.3584865926089987, 0.42565942059739986, 0.2553896387552543, 0.2576295444300973, 0.45769107486929944, 0.7996630147905638, 0.4812771042840746, 0.44043322841358884, 0.5118643794650312, 0.5174856255180684, 0.5146534293572581, 0.4953807770080461, 0.6974744204446418, 0.5044444263008799, 0.35209830551569365]
[0.36528357298110686, 0.3026623149205358, 1, 0.34086180786335474, 0.2711137044235377, 0.30959918482738485, 0.18632802649532162, 0.3201133708041939, 0.31458641431311346, 0.17512780972365818, 0.39907747306009006, 0.37213963117080673, 0.33171310635575185, 0.3309732257316123, 0.32058332780064386, 0.3190532964756406, 0.3056233110632532, 0.2994760210921916, 0.32256637234838625, 0.32089911587533443, 0.3383153383472705, 0.4419879029830159, 0.43936292540038296, 0.45874039535801997, 0.45807094373244744, 0.32239984440189323, 0.3476131775925569, 0.335361797671289, 0.3508727880961659, 1.0, 0.33230756479517404, 0.3094906075226574, 0.3389773408994721, 0.32859916283641427, 0.3187708033749011, 0.3819497114555535, 0.343739463290452, 0.33730374097988675, 0.32032082504555753, 0.4347874684340018, 0.448899379580016, 0.41446782675928845, 0.44585750028952004, 0.3580178640817622, 0.23270621054232424, 0.25349597542988417, 0.390909466613593, 0.3897632019554824, 0.35645040999215466, 0.32225661532600375, 0.41510163330460736, 0.34961043812478954, 0.3278963021266998, 0.6549297857948878, 0.4203860865431049, 0.4342984185065984, 0.4264879753306355, 0.4144068065290229, 0.29353057715071834, 0.30238412955382493, 0.32723645231861304, 0.2938282854737992, 0.30518428907980794, 0.31959689894300186, 0.29524361629404333, 0.29155085524571606, 0.3059464809426279, 0.3926277154682018, 0.3926568320540433, 0.22314826469105234, 0.22699060843786742, 0.3369810829186797, 0.3462122598844737, 0.3125159211945474, 0.27564692366029103, 0.23579818569942823, 0.2492597127038665, 0.3279837474080255, 0.30323075202226063, 0.36100531466511, 0.28915442096926053, 0.26410177655069117, 0.263768747747715, 0.3263883965293331, 0.3706509514948584, 0.2954116043879615, 0.369207813150979, 0.2972152221092459]
[0.5327774111290177, 0.53668717118072, 0.34086180786335474, 1, 0.5403480959792337, 0.491038280510992, 0.46560605907380626, 0.48770449491353246, 0.4047088660288613, 0.34785169393479315, 0.4722349353622653, 0.43088043009119, 0.4091240424548419, 0.4131507188384311, 0.5251905833728717, 0.7183607661105934, 0.430783070782163, 0.41091837705266326, 0.5004645416398111, 0.45029770669435965, 0.44842094859246423, 0.6449207953294946, 0.47234452806389493, 0.5590280200044967, 0.6533651081916431, 0.5016849737028731, 0.4016869785756622, 0.5371419689817802, 0.4380477567126649, 0.34086180786335474, 0.5465510442290068, 0.49388940766865064, 0.37697887245070855, 0.4154976882203198, 0.4448066739426426, 0.3189662680500181, 0.5071817278375438, 0.375761812546265, 0.45396905662464254, 0.5007840016509482, 0.6439980723546151, 0.5788094053243052, 0.5255478744444534, 0.45627464331489936, 0.29430307832282226, 0.2980762493775349, 0.5762462073239621, 0.5709070825308581, 0.5823852767047895, 0.4534970058464524, 0.6217599350450141, 0.38275366536123556, 0.31461319410484595, 0.3096813615364109, 0.5028363158538148, 0.47352865430072016, 0.6226659312558782, 0.5633199616802572, 0.5521236644123273, 0.4703886775549007, 0.3804752908810673, 0.3223993847676631, 0.44335184450323, 0.320515678069809, 0.4093657082222682, 0.46704195428199374, 0.4434828671229433, 0.571456119436587, 0.5716528154439954, 0.40745304715063674, 0.3061607599612464, 0.9377706925539746, 0.9540387292349317, 0.3802307072786037, 0.31644018441218635, 0.28798166786807156, 0.3092681499736596, 0.5384816773402201, 0.4785579825006813, 0.8380363258769424, 0.5298078261907625, 0.3915954756411863, 0.39529008455727993, 0.3823079026512675, 0.5598808194660898, 0.5061093883891208, 0.5724526685586415, 0.3389285244109895]
[0.48790313489575227, 0.4779576485574346, 0.2711137044235377, 0.5403480959792337, 1, 0.4652413459878604, 0.3888493159964563, 0.4430904315669692, 0.3640125130306961, 0.3173589924710322, 0.427243890571488, 0.39070431724184007, 0.3392041520093745, 0.3389934174103577, 0.5039918343169544, 0.4446474654307124, 0.3445414429675327, 0.4172106583648178, 0.444526272180821, 0.34217855942570435, 0.4637468520777921, 0.6007409564296554, 0.42484412334265537, 0.509345753973064, 0.5951356938242583, 0.4640959810252212, 0.3649160381350201, 0.5060366877345365, 0.40290999548751977, 0.2711137044235377, 0.4821078293644221, 0.46680581874275595, 0.348010380632497, 0.3861239452381359, 0.4162165988788578, 0.29092171208431045, 0.4671288414987129, 0.35227970226010424, 0.4097197855051919, 0.46289952042368077, 0.5969303509073486, 0.5281548848733117, 0.48121234589009004, 0.4093613061759149, 0.26561001711606225, 0.2755616237110505, 0.5445035401183466, 0.5385317417342256, 0.5271083648070866, 0.4202994928587958, 0.706481178407154, 0.3445554372814552, 0.2742209780274519, 0.2718469123069609, 0.4221178008258594, 0.42191101958855687, 0.5644708049709607, 0.5104493370773545, 0.5079299880697022, 0.4279634955501366, 0.3293997743791513, 0.26278728713783367, 0.3964581776167861, 0.295010346933869, 0.3789817503260759, 0.4481136000450982, 0.3965521475642662, 0.5167687966415285, 0.5162073125887954, 0.3618481592547187, 0.2576038364598821, 0.4439145234519919, 0.4489586674881536, 0.33387889077463556, 0.28431151852874553, 0.2470857108773016, 0.2741405903088392, 0.46993522140686744, 0.4111630580505244, 0.5085581215819645, 0.5675010956132437, 0.36805506161197526, 0.3697883470751968, 0.34363505299498387, 0.5330514974910106, 0.47269253718750676, 0.5334959685024326, 0.32722671396721964]
[0.4803203605287669, 0.6656147912742473, 0.30959918482738485, 0.491038280510992, 0.4652413459878604, 1, 0.3365240443450875, 0.426276586414287, 0.3658046135515956, 0.3166510359279053, 0.45238788489848253, 0.40183939901470594, 0.518445298922121, 0.5214885536157224, 0.6615289695160428, 0.5972805665172497, 0.5397877335656469, 0.6194970264217047, 0.6298825352007454, 0.553929619301383, 0.4809127125536136, 0.5643011182551341, 0.4399625995815519, 0.4979553396534027, 0.5462101287317381, 0.4855576280161453, 0.40200117897223026, 0.49971962935212594, 0.4390978479046163, 0.30959918482738485, 0.4648302106118934, 0.9893509512498594, 0.5203943380975931, 0.5580693094086672, 0.5806381014989618, 0.4631827192890225, 0.6477738468485411, 0.5356295540222862, 0.5680876693209633, 0.45354714706702487, 0.5626317332079059, 0.5207222817866753, 0.4807845524188474, 0.4175659424068163, 0.2530762807126577, 0.2660338342407184, 0.5316710751538228, 0.5302100089712559, 0.5026943991929481, 0.5931286965654303, 0.5058813976916612, 0.5261634366678369, 0.46866500446945897, 0.42820508546479213, 0.44164809258215226, 0.42844424039909534, 0.5561339905369246, 0.48985829993314417, 0.4563142046656794, 0.4192912687500246, 0.5728144332566568, 0.43765682053035576, 0.6529204562729185, 0.4413967803048968, 0.5731680717763074, 0.5780162649840692, 0.6513861665299995, 0.5036293819378669, 0.5020954089021196, 0.44602794921649375, 0.3568351234545865, 0.43342846963671827, 0.4331746173113233, 0.36137000008240633, 0.42502485891538333, 0.2533754943516519, 0.2542548797303955, 0.4664607350176985, 0.6284786917347102, 0.47172634132210295, 0.42279206521230656, 0.4920977265987145, 0.4976054123635218, 0.5178835117966569, 0.5245057506605737, 0.7488492647031738, 0.5296645568970472, 0.35071722285675727]
[0.44426151013191256, 0.3660432270652729, 0.18632802649532162, 0.46560605907380626, 0.3888493159964563, 0.3365240443450875, 1, 0.42154852008043203, 0.3151238734701069, 0.30476165584706194, 0.4051097721756672, 0.34807690235772526, 0.24308117406914986, 0.24469565645091915, 0.3771898605200587, 0.32138524007186736, 0.2464724295062928, 0.2590402615837797, 0.3484968882821362, 0.24133370015826214, 0.29978929050300773, 0.5722888269106964, 0.3670941980114748, 0.47066418231195123, 0.5815799450434622, 0.4573359869293414, 0.3522927298981318, 0.4848762927954074, 0.3583906445698874, 0.18632802649532162, 0.4068412928535048, 0.3385480085931341, 0.2797412588811454, 0.3241514904017031, 0.3505964020834658, 0.21474047744600622, 0.3955234100943905, 0.2744247665221443, 0.35868394409902554, 0.4149761589917655, 0.5685138876374746, 0.4851379960649707, 0.43390341921982795, 0.3709890888384602, 0.25252513297373663, 0.27113982162882283, 0.5156956187807779, 0.5132505092157352, 0.5267393138921007, 0.35218776442425925, 0.5558917831540727, 0.2505167734416775, 0.1905199447958397, 0.1809585017939892, 0.3645416582401828, 0.37465280108855764, 0.5344839123242612, 0.46815111409178206, 0.47730720159637685, 0.3838842867189349, 0.26569314909576014, 0.2002284963343822, 0.32492233159923173, 0.22732891526994833, 0.29194191300004263, 0.3619790033888745, 0.32460416927827546, 0.46150162735318223, 0.4617807540321668, 0.3056986579530334, 0.2094177885678603, 0.3338760646466991, 0.33762331489695147, 0.3176097527711516, 0.23570413767011344, 0.2407109468605548, 0.2650304226165958, 0.40120529220158074, 0.2976597736896948, 0.42600906067163663, 0.46230150130055275, 0.32145466164880454, 0.3213577240195709, 0.27465571992462073, 0.4914887849752243, 0.3595857609435231, 0.4810338533311513, 0.31171022699223516]
[0.6387519277245272, 0.42302235501848046, 0.3201133708041939, 0.48770449491353246, 0.4430904315669692, 0.426276586414287, 0.42154852008043203, 1, 0.5870225052023615, 0.41429404259099667, 0.6417946716612742, 0.5486937066664904, 0.3693403982919344, 0.37088399397607114, 0.44146989275275333, 0.4191818681716273, 0.3591824433474018, 0.3919287436584664, 0.42268044555849554, 0.36563246126058097, 0.4512260957759879, 0.7395914503102219, 0.5940896641719448, 0.7234968620028436, 0.7699221667900636, 0.5819556072806716, 0.5264497213784737, 0.5947463826630247, 0.5593257167823009, 0.3201133708041939, 0.5514927781701685, 0.43007702514712703, 0.4384102282722735, 0.46781128244035625, 0.4915804534167149, 0.3726836633970312, 0.5097267484528966, 0.4285880218525089, 0.4963055207286926, 0.6423720590705638, 0.7354688974287225, 0.7022102487325825, 0.6826953449271181, 0.6068633990788318, 0.3804823102846491, 0.39889667374252724, 0.6571416656083591, 0.652238985728426, 0.6407080521142491, 0.49612589656515893, 0.7021428661696311, 0.4069000366577071, 0.3427525827988917, 0.31835655836599513, 0.6081291382181275, 0.5817145878088673, 0.7182126857973082, 0.6515718358078827, 0.5429528755889692, 0.5452848517995718, 0.38048934483456937, 0.33217680811134603, 0.40712188353716655, 0.3494342895800963, 0.41731669877423094, 0.40029455894975013, 0.40735507152313283, 0.6692378961637188, 0.6693443998718508, 0.3618077430531452, 0.3077252994911367, 0.4294147497592565, 0.43121051339838107, 0.49906964968547984, 0.34387378634427695, 0.36720319454659145, 0.38373365793254344, 0.5291216984514745, 0.42678076991639974, 0.5718504169615684, 0.5457303480999829, 0.3924621475393195, 0.39195785692688084, 0.4209789835337278, 0.6322226022864067, 0.4228852810066286, 0.6327313477650995, 0.48078468629123394]
[0.5410537337429737, 0.36606055565134393, 0.31458641431311346, 0.4047088660288613, 0.3640125130306961, 0.3658046135515956, 0.3151238734701069, 0.5870225052023615, 1, 0.2940666607610281, 0.6214509729383835, 0.5411270847639302, 0.3179337106690536, 0.316870185002956, 0.3788668421053814, 0.37897537721521446, 0.3322615972639558, 0.3673062800202452, 0.3249807632325408, 0.34638725762040107, 0.4462684027719707, 0.6686731021916984, 0.5623765828612353, 0.6847027578229361, 0.6854413700377157, 0.49071651833177815, 0.4590012161156522, 0.4962755376763112, 0.5058599242963617, 0.31458641431311346, 0.4714051111585827, 0.37182827673202484, 0.3899607634032942, 0.46747042730300375, 0.44753825448976287, 0.3788174350258842, 0.4414666276502772, 0.3976417180398468, 0.43055609407793577, 0.6257900017560378, 0.6788726354518474, 0.671962775889669, 0.6505229259713753, 0.5409172941246186, 0.354057775016583, 0.3441359558156108, 0.5899524685441674, 0.5883890718257033, 0.5622354360652848, 0.46159010463112554, 0.6613547057812207, 0.3724876681885516, 0.3576340303271102, 0.32132987936626645, 0.632890887584485, 0.5491976673004724, 0.6469422639246379, 0.6599460878918917, 0.42754732148804303, 0.40070693994777135, 0.3826828958889254, 0.3237229570416257, 0.3478368962971654, 0.3101809628477531, 0.35128575762619213, 0.35327415075966423, 0.3477576156253177, 0.6250873203773383, 0.6238462975327713, 0.28184115918509817, 0.29917990946693457, 0.41909935709340385, 0.4132618526437333, 0.5092270253902355, 0.32432121448060136, 0.32427698447134773, 0.34613265394067616, 0.4571568126375036, 0.3534625244795336, 0.49614790937320924, 0.4658924148182419, 0.3375975175636888, 0.33614611984313386, 0.3663116248194201, 0.5514541382374646, 0.35677929405501013, 0.5707938411709729, 0.43692067028812326]
[0.4692113052706896, 0.31876636643342354, 0.17512780972365818, 0.34785169393479315, 0.3173589924710322, 0.3166510359279053, 0.30476165584706194, 0.41429404259099667, 0.2940666607610281, 1, 0.41771358444891193, 0.34370178517072364, 0.23892086575583024, 0.2391451611593994, 0.3252330128120875, 0.31689811099498644, 0.2414339290329546, 0.2794061463682394, 0.2912858033253551, 0.2310485965263126, 0.3055268530783147, 0.5055809905465006, 0.34156090303320746, 0.4646258927402802, 0.5143893319507413, 0.41673908540189536, 0.3152611058971107, 0.4153938945058813, 0.3670286988139166, 0.17512780972365818, 0.39779190897408245, 0.32141849802689043, 0.2660166048743851, 0.30672346767795106, 0.35232569233984007, 0.2200967290689393, 0.35360812876556724, 0.27082818672933157, 0.34365134506606104, 0.3798546509913683, 0.49800133906627986, 0.4664794262702374, 0.421123636608326, 0.3893433636174623, 0.23130093863598566, 0.23922544893205164, 0.4542742797606017, 0.45475855032208345, 0.42658469294120044, 0.3550941939629573, 0.4764745465234916, 0.23923402072925434, 0.18067873019814362, 0.18216643668497856, 0.3663472903181619, 0.3375492846025165, 0.48746688414941475, 0.42071126007313486, 0.3784112590328154, 0.4051778748578843, 0.26308582509338013, 0.19749308163987297, 0.3062908968633587, 0.21110920870325467, 0.32396436854571015, 0.288471206336087, 0.30673214187910613, 0.4556745944605481, 0.45469180914569113, 0.2574129430142687, 0.20277307348060228, 0.2962458170014579, 0.3010200444521948, 0.292353284818441, 0.22095457526563103, 0.24003511127732158, 0.25227451945674817, 0.38798022171471674, 0.3330904589303681, 0.4117243988950477, 0.38068756972677525, 0.2576629582700713, 0.26221613025039137, 0.2726375106015939, 0.4433638125659527, 0.30769444669227175, 0.4585469502160057, 0.2969796390100114]
[0.6995873224590686, 0.4289603117250403, 0.39907747306009006, 0.4722349353622653, 0.427243890571488, 0.45238788489848253, 0.4051097721756672, 0.6417946716612742, 0.6214509729383835, 0.41771358444891193, 1, 0.6785672705290033, 0.40167209060917686, 0.40165000688958347, 0.45262150269898416, 0.4301825338045063, 0.41054888812605367, 0.4374077847730291, 0.40728744382868837, 0.4309150501812018, 0.5451037096386128, 0.8290137676351413, 0.6956207506028299, 0.8482111221846212, 0.8428372641716438, 0.6320468547550461, 0.6138156774320539, 0.6385901437812899, 0.6737376752326104, 0.39907747306009006, 0.5699329957295973, 0.4580601990882031, 0.489313539902324, 0.5332813380853733, 0.5188528489591874, 0.4690524271449776, 0.5461754459359414, 0.5019501198088133, 0.511558787076687, 0.778155898961631, 0.8361455114405509, 0.7906385346816102, 0.8049074879283609, 0.6741663332379785, 0.42668032920753357, 0.4422347804361146, 0.736022564300023, 0.7372491333794029, 0.6978996054429875, 0.5292694555398366, 0.7968810440332571, 0.4623931544302315, 0.426746961295514, 0.3997240458178915, 0.7811146807999249, 0.6965198703258993, 0.7904917854599208, 0.7673178416194096, 0.544035425582142, 0.5656175767961095, 0.467746977549043, 0.39940020482217675, 0.4394536128708264, 0.38121085782697817, 0.4448328638783982, 0.41001062700041074, 0.43892381009731585, 0.7469643942339083, 0.7454617772282202, 0.3572730232601095, 0.367327434572432, 0.4814566294070903, 0.48068569213764034, 0.6281686865042224, 0.3920582375223452, 0.40591725802416173, 0.4407546724685573, 0.5438038303386611, 0.4413748136565003, 0.58599809042987, 0.558098449692043, 0.4193845277251382, 0.41628255580074863, 0.4734699473530562, 0.6897647402841464, 0.44285449173825847, 0.7173986852198481, 0.5472944740265463]
[0.6136314309269676, 0.3892708005530327, 0.37213963117080673, 0.43088043009119, 0.39070431724184007, 0.40183939901470594, 0.34807690235772526, 0.5486937066664904, 0.5411270847639302, 0.34370178517072364, 0.6785672705290033, 1, 0.37532841142481727, 0.3768741042109802, 0.4191942324375852, 0.3775811829405284, 0.3795091712492562, 0.401572982514824, 0.3922108590730397, 0.39396604644933814, 0.4843396792535606, 0.7217272588753559, 0.6274461287201759, 0.7656864786964218, 0.7526569774960375, 0.5188738867987952, 0.5052459604634366, 0.5383312475242749, 0.5689103754548589, 0.37213963117080673, 0.4772471197262793, 0.4076634442893526, 0.44050401319470905, 0.4685470649444709, 0.45376174521204243, 0.402836991138598, 0.4774882096138811, 0.42570979841108886, 0.45860275919908516, 0.6714033405096025, 0.7160202128186097, 0.6738030102906417, 0.7032743488027274, 0.5981198218578901, 0.38325550537145103, 0.3999505626212452, 0.6095133072623319, 0.6055721546570599, 0.5990628229712355, 0.4673716115356485, 0.6813035464748931, 0.4066430213340237, 0.3717480204752337, 0.3622415912782668, 0.6872375143297446, 0.6194742821637124, 0.699413449479029, 0.6663042915109844, 0.494533999389114, 0.4786743100766524, 0.40511103724974, 0.36084907275641626, 0.3745711160948651, 0.3539536367837676, 0.3738610605118178, 0.3565946958428474, 0.3747911010446529, 0.6330618237207881, 0.6329869162334104, 0.33195964955461527, 0.33283363852542364, 0.43085916940123026, 0.43067213320709924, 0.5332679092717284, 0.35647719689080537, 0.3715510243056001, 0.38969473362913937, 0.4601896901589299, 0.38294040763940673, 0.5143593741411737, 0.47876045329285005, 0.3444375026110725, 0.33999924660642317, 0.43330306691306036, 0.6022390301542322, 0.39229441637682183, 0.6356707434896157, 0.4601217401353805]
[0.3969779966203923, 0.5278415079132713, 0.33171310635575185, 0.4091240424548419, 0.3392041520093745, 0.518445298922121, 0.24308117406914986, 0.3693403982919344, 0.3179337106690536, 0.23892086575583024, 0.40167209060917686, 0.37532841142481727, 1, 0.9741928508472935, 0.4782513359301832, 0.5411689275778678, 0.5488471637156223, 0.47626790764213395, 0.47336529104893277, 0.5774876985327119, 0.37291126418519477, 0.474985103412996, 0.49114496985104883, 0.4701278166545897, 0.4750351927532652, 0.36806831159911263, 0.43256447495555217, 0.40917067931960166, 0.4007367415910678, 0.33171310635575185, 0.39599595696397155, 0.524232726814675, 0.6264501557401504, 0.5111099063964795, 0.5008279642242653, 0.47831324023772703, 0.5415574060536209, 0.5914224666352873, 0.506336777996148, 0.46822664358441957, 0.48076842657816066, 0.4507329223163465, 0.46010975128409887, 0.38693118630428064, 0.2703097525956952, 0.28301244829508887, 0.44605496530263017, 0.4428297496273496, 0.40894427302460995, 0.5128687029461527, 0.4319653563190677, 0.6359775104037619, 0.48470523224347084, 0.47255378439290735, 0.41759177841913503, 0.47276044063913975, 0.45804464084075797, 0.45097892377620363, 0.33381776335830277, 0.34388179451778594, 0.5145679722993116, 0.4041553389020896, 0.48261163557507825, 0.4914477264362378, 0.48284527714197095, 0.4686599007608408, 0.4837513191288559, 0.429247393758964, 0.4293198915291909, 0.36073655686141715, 0.33307879673071367, 0.402582117589118, 0.4016962510356603, 0.3210206909197569, 0.44486876316141966, 0.26985824638755757, 0.2777340888655994, 0.38597041172680263, 0.5074115262196626, 0.4049173913022049, 0.32938190458604993, 0.4000374070228913, 0.3983377758543058, 0.505290552748945, 0.40525365065477503, 0.5095092038046429, 0.4143098463631447, 0.36067013915517204]
[0.396589892332393, 0.522634791880851, 0.3309732257316123, 0.4131507188384311, 0.3389934174103577, 0.5214885536157224, 0.24469565645091915, 0.37088399397607114, 0.316870185002956, 0.2391451611593994, 0.40165000688958347, 0.3768741042109802, 0.9741928508472935, 1, 0.48278422184750447, 0.5406749580984573, 0.5541197034249915, 0.4788440403659983, 0.471225926647264, 0.5858613842138752, 0.37616353816653403, 0.47653962793799326, 0.4931432613583315, 0.47133528062626967, 0.4764296828144133, 0.36910457330760876, 0.43401697139385886, 0.4104228746328656, 0.40235219499867103, 0.3309732257316123, 0.3962009417233969, 0.5274017989414246, 0.6311720949286505, 0.5147935246040495, 0.5043056795102564, 0.47692294568356913, 0.5418324609796467, 0.5912025521775567, 0.5098141599308496, 0.46946619908795534, 0.4823393315841606, 0.4517769349062744, 0.4613969112614596, 0.38756889784146237, 0.2698212073918074, 0.2845820968141133, 0.4474177366047354, 0.4441411838060647, 0.41027238678989103, 0.5164366780991642, 0.43336405602376077, 0.6400708792161133, 0.48658914157148575, 0.4699828997650486, 0.42076194986667853, 0.47320148707406595, 0.45953209870536843, 0.45216016549762794, 0.3342079348857747, 0.3426272060834105, 0.5151389761275528, 0.40565339983181453, 0.48422463032706337, 0.4950347533116611, 0.48408317991364186, 0.4699089845290744, 0.48536431388084117, 0.43065953854833233, 0.4307320362481244, 0.3620343643345672, 0.3310753852047476, 0.4069172439502566, 0.4063215947085119, 0.321772256524753, 0.4458445441531698, 0.2711867102603837, 0.27867918316590207, 0.3853388347717479, 0.5031349411474971, 0.4079782816627442, 0.3313118453636844, 0.401857675894623, 0.40013081868401085, 0.5056300064943031, 0.40345455886620635, 0.5019768906593481, 0.4148985472448617, 0.3634467631589504]
[0.492670145012497, 0.6618349103831526, 0.32058332780064386, 0.5251905833728717, 0.5039918343169544, 0.6615289695160428, 0.3771898605200587, 0.44146989275275333, 0.3788668421053814, 0.3252330128120875, 0.45262150269898416, 0.4191942324375852, 0.4782513359301832, 0.48278422184750447, 1, 0.5757887582749003, 0.4945071483564381, 0.8365522797365408, 0.6136652309650785, 0.5076675107594674, 0.5997735236869709, 0.5960196944173176, 0.4572802376935127, 0.5144246304364694, 0.574446972128373, 0.46285218179567217, 0.3898747377273423, 0.5171899740588463, 0.4171036336909679, 0.32058332780064386, 0.4751812521024403, 0.6647019770673458, 0.5152886110074714, 0.5547815622968763, 0.5768353163762144, 0.46179899337386554, 0.6542524759678711, 0.5194827162771044, 0.5652381874239064, 0.47509570335333207, 0.5951787323795813, 0.5399324560819024, 0.49609591815522663, 0.42128444615697386, 0.27669918525500464, 0.28139039559007545, 0.5499539756760282, 0.5446838548688694, 0.5190405256300178, 0.5922089053589404, 0.5367755583240924, 0.5234794656986614, 0.46718291401758877, 0.41413351368707696, 0.44591230218296296, 0.434311642840175, 0.562888994330163, 0.508855772571316, 0.5207660175849138, 0.42840087005838884, 0.6023314642756721, 0.4215915480345533, 0.5921578122479528, 0.4474345769755141, 0.553816409612052, 0.5958615797309105, 0.592221955116269, 0.5309688988778211, 0.5299165366226949, 0.46542616244800383, 0.3546407891617826, 0.4361760892689359, 0.43645097629181345, 0.36614905602728626, 0.4363521983841141, 0.263830571761563, 0.2766958534629962, 0.4662460272826914, 0.5789179428408121, 0.48926207782751857, 0.45661998045878516, 0.5199296105598766, 0.522146743209352, 0.505814796277277, 0.5230326087868745, 0.6596146108079669, 0.523354608275047, 0.3547291996463812]
[0.4655253188357089, 0.6326482732247524, 0.3190532964756406, 0.7183607661105934, 0.4446474654307124, 0.5972805665172497, 0.32138524007186736, 0.4191818681716273, 0.37897537721521446, 0.31689811099498644, 0.4301825338045063, 0.3775811829405284, 0.5411689275778678, 0.5406749580984573, 0.5757887582749003, 1, 0.5707185781248789, 0.5330033561313258, 0.5849479967342451, 0.6033463981437952, 0.41047101160124844, 0.5290229356697523, 0.42724695276184405, 0.4849869088410494, 0.5162599151353064, 0.4344667363891849, 0.382658174585667, 0.45360935367029637, 0.41647183348927014, 0.3190532964756406, 0.5144141239384887, 0.6010871437422994, 0.49700820750170704, 0.5483244706675351, 0.5820750782573828, 0.43997025290748454, 0.5965135103937339, 0.5051135173081122, 0.5637459344710468, 0.4429556723947898, 0.5251506562021305, 0.5244535371728212, 0.46930924452428663, 0.39976092494606547, 0.2616947307602681, 0.27012364920382487, 0.49191852239847783, 0.49054939257322466, 0.45705203269117806, 0.5905395048823743, 0.504208865565866, 0.5070285685199664, 0.4413831369888815, 0.41470307721069205, 0.43087885450047736, 0.41430427652590684, 0.5095527223538036, 0.5051262355316116, 0.4237497412766385, 0.41044261163500817, 0.5406570066434128, 0.43424494419730625, 0.5722389816098027, 0.43421968105439834, 0.5615532664858901, 0.5686764941965406, 0.570773470625148, 0.5211166605927863, 0.517271072921064, 0.403859658127026, 0.34451899113009365, 0.7106743384980249, 0.7291207095644294, 0.35101550749785515, 0.42490908113782466, 0.25390014897849406, 0.2674353976321752, 0.5090302436953867, 0.632990468997333, 0.7021676774127323, 0.4231989945758503, 0.45351225962512215, 0.45794270047023655, 0.5025250509262728, 0.4598700033279058, 0.583756166440398, 0.4740053470356847, 0.34707042319038983]
[0.3903505003223195, 0.5855503872000521, 0.3056233110632532, 0.430783070782163, 0.3445414429675327, 0.5397877335656469, 0.2464724295062928, 0.3591824433474018, 0.3322615972639558, 0.2414339290329546, 0.41054888812605367, 0.3795091712492562, 0.5488471637156223, 0.5541197034249915, 0.4945071483564381, 0.5707185781248789, 1, 0.5035387489481656, 0.47037024834106766, 0.7721442175107097, 0.3915482891310438, 0.46797639157396786, 0.4422396865424462, 0.4685286519589478, 0.4664694891939903, 0.3504165997487516, 0.37096620015037285, 0.38370377777111914, 0.38496211309229106, 0.3056233110632532, 0.3928702415239911, 0.545708803002594, 0.5221449086477674, 0.5221947258000098, 0.5043143849538415, 0.45967439629941304, 0.5281286166171683, 0.503088901059385, 0.5104741976158899, 0.5072201191027769, 0.4664305704180934, 0.44894461053514395, 0.4594687744672396, 0.3878751573507286, 0.3180739422249106, 0.3308560539575341, 0.426599541276651, 0.4226414815624822, 0.3968990594278033, 0.5190083580166855, 0.4251857919166617, 0.5155117104068372, 0.4685969005864221, 0.4365578863199591, 0.4203931979969537, 0.43622708600150384, 0.45460730685451095, 0.44632536093368996, 0.33963130956161275, 0.33509665073564393, 0.5018423596487881, 0.40706288910639526, 0.47837704229188655, 0.44719611798457404, 0.4712698779302091, 0.4712029229193481, 0.4784923088214903, 0.43351490814932103, 0.4334232395855258, 0.34523119524966245, 0.32307829421601125, 0.43359787225521584, 0.43428801545908957, 0.3167247615038254, 0.48295335515004884, 0.2594415836336689, 0.31985100264255373, 0.3922917303399289, 0.5602614409979965, 0.41809245362799713, 0.3365043772126239, 0.3872570191246338, 0.38497029501659696, 0.5059496192535987, 0.39062648079885404, 0.5231140596811233, 0.40748514926247875, 0.3800745488825785]
[0.43902543023694846, 0.5705250622850043, 0.2994760210921916, 0.41091837705266326, 0.4172106583648178, 0.6194970264217047, 0.2590402615837797, 0.3919287436584664, 0.3673062800202452, 0.2794061463682394, 0.4374077847730291, 0.401572982514824, 0.47626790764213395, 0.4788440403659983, 0.8365522797365408, 0.5330033561313258, 0.5035387489481656, 1, 0.5288095356829007, 0.5141507631754486, 0.5942327695736682, 0.5085435743750928, 0.43583057521641333, 0.49054719170509625, 0.4973954777282845, 0.38328439112397067, 0.377434123369434, 0.4245100936709954, 0.415112970243728, 0.2994760210921916, 0.41890553247687645, 0.6219552775794218, 0.5090672092410032, 0.5539994616085385, 0.5375015090641638, 0.4722577522394526, 0.5751058480660443, 0.5117561246779071, 0.5295151865072095, 0.4511372196051257, 0.5058150431947531, 0.4882500418189805, 0.474938602077192, 0.4064591510170912, 0.2586201247901752, 0.2694666751160122, 0.46804362144301387, 0.4651064557685502, 0.44063565086644135, 0.5535981865116049, 0.4617645295084583, 0.516157950503386, 0.45459479166504707, 0.4060390707930083, 0.4341907156957281, 0.41495580549045497, 0.4969759386134891, 0.49091861766541584, 0.402355305996926, 0.36970396541826206, 0.5627832818466004, 0.4240904492690157, 0.5256558490875405, 0.43296848619023964, 0.5009055516197823, 0.48112681094827386, 0.5258475250901417, 0.48083005910850224, 0.4804033692530985, 0.3647464716148406, 0.3516151933039479, 0.4179856395073909, 0.416500522349055, 0.35732969782595125, 0.4313443583105923, 0.24746525584873338, 0.25945115298096183, 0.4095949131732708, 0.5471197190955482, 0.43107263909636967, 0.36815209949595395, 0.42345154697330073, 0.4251067768149288, 0.5174054790986877, 0.45469026865770507, 0.5953561927389898, 0.455861448465908, 0.35079689141747283]
[0.43867408966818155, 0.6268708037581131, 0.32256637234838625, 0.5004645416398111, 0.444526272180821, 0.6298825352007454, 0.3484968882821362, 0.42268044555849554, 0.3249807632325408, 0.2912858033253551, 0.40728744382868837, 0.3922108590730397, 0.47336529104893277, 0.471225926647264, 0.6136652309650785, 0.5849479967342451, 0.47037024834106766, 0.5288095356829007, 1, 0.4774616071395968, 0.401807991875516, 0.5389769439513828, 0.4286595828917692, 0.4928832764215736, 0.5440114277631888, 0.4412017582872308, 0.37852379700398214, 0.48461963190164425, 0.40214752010433824, 0.32256637234838625, 0.4278474530792353, 0.6336346196258841, 0.501507144156439, 0.5208362423142104, 0.5474798610648033, 0.4363676185488367, 0.6347442469820984, 0.5044284744555058, 0.5531434684730544, 0.4367240026212393, 0.534082257604284, 0.48608355556548405, 0.47754221104871225, 0.4074784841231615, 0.25676134564116254, 0.26368262166068734, 0.5106725640439048, 0.5074349950638085, 0.4917673634120694, 0.5554815498969311, 0.4868460434147515, 0.5072630282089515, 0.4385083403070267, 0.41622334758794244, 0.4211858999869744, 0.4102008585743884, 0.5172266681644122, 0.45140579156505406, 0.43357092075113296, 0.3978703962994747, 0.5203233666902439, 0.4776002957476329, 0.579929760613424, 0.43347192020313735, 0.5356330999786982, 0.5556805629364295, 0.5795771955609504, 0.4679434679585897, 0.46769429704005855, 0.46213120918140693, 0.33529445074968495, 0.4095066358798629, 0.418028903501126, 0.36217746163276043, 0.42288661129072097, 0.24220219420440137, 0.2579933163974078, 0.4330592079280992, 0.6102081051500502, 0.45049515989964534, 0.413383681123019, 0.4789404430936761, 0.48290177467363754, 0.5210680364538959, 0.46411495901595856, 0.64061910677465, 0.4739503109108649, 0.3452595643180212]
[0.398227250018675, 0.5735432388688184, 0.32089911587533443, 0.45029770669435965, 0.34217855942570435, 0.553929619301383, 0.24133370015826214, 0.36563246126058097, 0.34638725762040107, 0.2310485965263126, 0.4309150501812018, 0.39396604644933814, 0.5774876985327119, 0.5858613842138752, 0.5076675107594674, 0.6033463981437952, 0.7721442175107097, 0.5141507631754486, 0.4774616071395968, 1, 0.4075452135533011, 0.4839209893735899, 0.44748402836042606, 0.48606460407728913, 0.4826474138082774, 0.3669357719594098, 0.38994748916314886, 0.40865795270130684, 0.3927772635112083, 0.32089911587533443, 0.39811733572032343, 0.5603005369847157, 0.5150082549032531, 0.5227388719330932, 0.5027798273827186, 0.4914258937405274, 0.5413530259942249, 0.5176728321720191, 0.508101356884289, 0.476542759395737, 0.4950461345397035, 0.4588564512729636, 0.47300589194317205, 0.3932452368799826, 0.2651041004408244, 0.27543536127944, 0.45461989029198674, 0.44990946073344706, 0.41087237014544004, 0.5212581116423208, 0.44537959590741855, 0.5216870995985575, 0.48108247266917786, 0.4501484392516088, 0.44022447126199626, 0.4314483910288352, 0.47183674496467165, 0.4653372389784601, 0.3459010812570265, 0.33302449938447415, 0.5298263132725739, 0.42939632278723344, 0.4847501373641035, 0.4471672062674177, 0.48014299533386384, 0.4788806130509358, 0.4853724124906547, 0.44454947131503203, 0.4444259271090734, 0.3435706026320629, 0.33319331874628294, 0.45285971176445355, 0.45204357955745506, 0.3345788691287517, 0.4386450641891333, 0.24444507504851343, 0.26631270544821795, 0.39563523117043925, 0.5574842128053323, 0.44096340554257857, 0.33741789576450437, 0.40379085158307904, 0.4007755353774092, 0.508215775473399, 0.4060147336465962, 0.5396364985093948, 0.4241272978058999, 0.4546560947640208]
[0.5375985764867183, 0.4384091063512414, 0.3383153383472705, 0.44842094859246423, 0.4637468520777921, 0.4809127125536136, 0.29978929050300773, 0.4512260957759879, 0.4462684027719707, 0.3055268530783147, 0.5451037096386128, 0.4843396792535606, 0.37291126418519477, 0.37616353816653403, 0.5997735236869709, 0.41047101160124844, 0.3915482891310438, 0.5942327695736682, 0.401807991875516, 0.4075452135533011, 1, 0.6088836337649596, 0.5174944950941981, 0.6087245453581702, 0.6058241267472061, 0.4439155344507093, 0.41996226167463996, 0.4482183903991576, 0.4724389520098771, 0.3383153383472705, 0.43731142897605674, 0.4835179027491008, 0.4056739336621391, 0.44602753862302813, 0.4284618419668578, 0.37123152867662074, 0.46327669882638284, 0.3987031751698709, 0.420704804926846, 0.5538593908440635, 0.6105028348188061, 0.5778598871536375, 0.5734354689949239, 0.49261589474675255, 0.31889176617760334, 0.30913246018277424, 0.5042948847703083, 0.4986214378694566, 0.5125479599146224, 0.4419200535419004, 0.5599578160339722, 0.39763055789994045, 0.35069656357410844, 0.3536355478093179, 0.5374832558988966, 0.5047218360269797, 0.6100066073722293, 0.6034109147402128, 0.460132287873807, 0.44022131172270873, 0.4740715168714389, 0.3161181856495538, 0.40569199278884077, 0.31503071206116984, 0.3735433707124131, 0.3477212335766748, 0.4065604447869653, 0.5695281016111222, 0.5685309256125978, 0.32138794662452225, 0.3499744825961872, 0.46060911086408335, 0.4574541469200075, 0.4070969827802724, 0.3344101187439467, 0.2924777222709422, 0.3230414926802208, 0.42952813059612843, 0.4305912397085659, 0.4856626960306621, 0.4235998263505833, 0.33580465449432895, 0.3345517939008122, 0.4019639175109651, 0.5490488192276065, 0.46357585684227604, 0.5729964497040823, 0.3672369212334534]
[0.79467087712448, 0.5696788250654633, 0.4419879029830159, 0.6449207953294946, 0.6007409564296554, 0.5643011182551341, 0.5722888269106964, 0.7395914503102219, 0.6686731021916984, 0.5055809905465006, 0.8290137676351413, 0.7217272588753559, 0.474985103412996, 0.47653962793799326, 0.5960196944173176, 0.5290229356697523, 0.46797639157396786, 0.5085435743750928, 0.5389769439513828, 0.4839209893735899, 0.6088836337649596, 1, 0.7623242059956965, 0.9216530517138403, 0.9320375134483632, 0.7490166438232522, 0.6703813296953443, 0.7878122275940881, 0.7368448306658185, 0.4419879029830159, 0.6786356252775102, 0.5691501788504428, 0.5589596587088703, 0.5997734265616909, 0.6071225020781651, 0.5172081958717546, 0.6664386956859081, 0.5597308007675356, 0.5972605847969757, 0.8364004725437088, 0.9371629774915592, 0.8747453645472513, 0.8735600177749018, 0.7446711798253999, 0.4666628236760533, 0.48852424321327975, 0.8473322589402049, 0.8378860725164282, 0.8184689059018614, 0.6179403876243432, 0.8735933491017255, 0.5274678168954459, 0.4773777117711593, 0.4523928903360483, 0.8359645016690913, 0.7555412769280824, 0.8819241086136723, 0.8429860962940959, 0.7320080507375404, 0.6784102452665449, 0.5179705473877196, 0.4384731255183381, 0.535677689811017, 0.44429641113201335, 0.5217255554520596, 0.5339503999183307, 0.5352467281940735, 0.832681289974743, 0.8316531231683633, 0.47657941267785064, 0.41406538077441074, 0.55660938985757, 0.5565228101343672, 0.6773428824857293, 0.43583724088127757, 0.4571569348562073, 0.47638158609501624, 0.6610920314386748, 0.5303292057353102, 0.7093975276619627, 0.7214894077664821, 0.5227345503326869, 0.5230770048075651, 0.5304831410990762, 0.8036190344235402, 0.5652175579028724, 0.8243576055615308, 0.5835008814189199]
