[1, 0.28715277777777776, 0.32083333333333336, 0.2625, 0.26944444444444443, 0.27534722222222224, 0.24930555555555556, 0.28229166666666666, 0.3215277777777778, 0.22083333333333333, 0.275, 0.3454861111111111, 0.2861111111111111, 0.2857638888888889, 0.2625, 0.28958333333333336, 0.3038194444444444, 0.2833333333333333, 0.25763888888888886, 0.2982638888888889, 0.2899305555555556, 0.35520833333333335, 0.3236111111111111, 0.4027777777777778, 0.30277777777777776, 0.30972222222222223, 0.3434027777777778, 0.29965277777777777, 0.3125, 0.32083333333333336, 0.2847222222222222, 0.2899305555555556, 0.3402777777777778, 0.4357638888888889, 0.3875, 0.3559027777777778, 0.3697916666666667, 0.3434027777777778, 0.37256944444444445, 0.3680555555555556, 0.34305555555555556, 0.32048611111111114, 0.35520833333333335, 0.25069444444444444, 0.2263888888888889, 0.24375, 0.28541666666666665, 0.3177083333333333, 0.2503472222222222, 0.35208333333333336, 0.3263888888888889, 0.2878472222222222, 0.2857638888888889, 0.3392361111111111, 0.3548611111111111, 0.3145833333333333, 0.2826388888888889, 0.30486111111111114, 0.18472222222222223, 0.19826388888888888, 0.35625, 0.2972222222222222, 0.31805555555555554, 0.29583333333333334, 0.28958333333333336, 0.24756944444444445, 0.3017361111111111, 0.303125, 0.3079861111111111, 0.25763888888888886, 0.3211805555555556, 0.3138888888888889, 0.3013888888888889, 0.32569444444444445, 0.2513888888888889, 0.22465277777777778, 0.234375, 0.29270833333333335, 0.2652777777777778, 0.27847222222222223, 0.2170138888888889, 0.2916666666666667, 0.29305555555555557, 0.45868055555555554, 0.26006944444444446, 0.26319444444444445, 0.23541666666666666, 0.2965277777777778]
[0.28715277777777776, 1, 0.32443377831108444, 0.5254237288135594, 0.5131243437828109, 0.47097645117744114, 0.21958902054897256, 0.2272386380680966, 0.21178941052947353, 0.1960401979901005, 0.28183590820458976, 0.22768861556922154, 0.39658017099145043, 0.39793010349482527, 0.7390130493475326, 0.440077996100195, 0.35128243587820607, 0.3937303134843258, 0.4762261886905655, 0.3383830808459577, 0.32008399580020996, 0.27913604319784013, 0.2767361631918404, 0.3044847757612119, 0.25168741562921854, 0.2537873106344683, 0.28198590070496476, 0.2590370481475926, 0.19664016799160042, 0.32443377831108444, 0.3112344382780861, 0.4751762411879406, 0.23728813559322035, 0.2738863056847158, 0.2887355632218389, 0.24943752812359382, 0.24148792560371982, 0.28693565321733916, 0.26863656817159143, 0.2864856757162142, 0.31318434078296087, 0.29323533823308834, 0.32518374081295937, 0.17669116544172792, 0.20413979301034949, 0.19934003299835007, 0.24868756562171893, 0.2806359682015899, 0.2416379181040948, 0.2743362831858407, 0.31183440827958603, 0.2759862006899655, 0.24673766311684417, 0.33553322333883306, 0.2633868306584671, 0.28123593820308984, 0.29008549572521375, 0.31318434078296087, 0.23308834558272087, 0.2008399580020999, 0.30043497825108745, 0.2567871606419679, 0.3050847457627119, 0.303884805759712, 0.3034348282585871, 0.3503824808759562, 0.2942852857357132, 0.2909854507274636, 0.2824358782060897, 0.2513874306284686, 0.30118494075296237, 0.37708114594270287, 0.3805309734513274, 0.2383380830958452, 0.20428978551072446, 0.20908954552272385, 0.2087895605219739, 0.31093445327733615, 0.4768261586920654, 0.4142792860356982, 0.21658917054147292, 0.29068546572671367, 0.2783860806959652, 0.2701364931753412, 0.25183740812959354, 0.5636718164091795, 0.24358782060896955, 0.21733913304334784]
[0.32083333333333336, 0.32443377831108444, 1, 0.5177304964539007, 0.4722569879015436, 0.39632874426366294, 0.17313308302044222, 0.2202753441802253, 0.22736754276178556, 0.16312056737588654, 0.2586566541510221, 0.2261159783062161, 0.4668335419274093, 0.45640383813099705, 0.38506466416353774, 0.4142678347934919, 0.4117647058823529, 0.39883187317480184, 0.38881935753024616, 0.410095953274927, 0.4459741343345849, 0.2649144764288694, 0.2903629536921151, 0.2565707133917397, 0.19858156028368795, 0.24405506883604505, 0.2557363370880267, 0.22361284939507717, 0.21485189820609094, 1.0, 0.2661660408844389, 0.4005006257822278, 0.25156445556946183, 0.2357113057989153, 0.22403003754693368, 0.2690863579474343, 0.2261159783062161, 0.26032540675844806, 0.21526908635794745, 0.27784730913642053, 0.2711722987067167, 0.24780976220275344, 0.26282853566958697, 0.17813934084272007, 0.21610346266166042, 0.23195661243220692, 0.2165206508135169, 0.22736754276178556, 0.19732999582811847, 0.21401752190237797, 0.2519816437213183, 0.27909887359199, 0.28035043804755944, 0.493116395494368, 0.2428035043804756, 0.2786816854401335, 0.2594910304547351, 0.28243637880684186, 0.17521902377972465, 0.1869002920317063, 0.26366291197329994, 0.25323320817688777, 0.2816020025031289, 0.3112223612849395, 0.2624113475177305, 0.23863162286191072, 0.2761785565289946, 0.26366291197329994, 0.2544847726324572, 0.2165206508135169, 0.2428035043804756, 0.5135586149353358, 0.5135586149353358, 0.24488944513975802, 0.22569879015435962, 0.22861910721735504, 0.2361284939507718, 0.2720066750104297, 0.38423028785982477, 0.5035460992907801, 0.1802252816020025, 0.21234876929495203, 0.20901126408010012, 0.23112223612849395, 0.21193158114309554, 0.3813099707968294, 0.213183145598665, 0.2202753441802253]
[0.2625, 0.5254237288135594, 0.5177304964539007, 1, 0.6624878116729349, 0.4659423318010865, 0.26995403259506895, 0.25142777545619166, 0.21409667084552167, 0.18818776988438501, 0.2719041649254771, 0.23680178297813065, 0.3680178297813066, 0.37177879927566515, 0.5158100013929516, 0.4341830338487255, 0.3528346566374147, 0.3688536007800529, 0.4915726424293077, 0.32567209917815854, 0.3447555369828667, 0.3003203788828528, 0.2809583507452291, 0.274968658587547, 0.2596461902771974, 0.2745507730881738, 0.26507870176904863, 0.24836328179412173, 0.2178576403398802, 0.3680178297813066, 0.3044992338765845, 0.4720713191252264, 0.23429446998189163, 0.2579746482797047, 0.26577517760133723, 0.23262292798439893, 0.24724892046245994, 0.2890374703997771, 0.24418442680039001, 0.29196266889538935, 0.3070065468728235, 0.3107675163671821, 0.31661791335840644, 0.218972001671542, 0.21117147234990946, 0.23206574731856805, 0.2352695361470957, 0.2631285694386405, 0.24599526396434043, 0.27218275525839253, 0.2894553558991503, 0.26995403259506895, 0.24181640897060871, 0.2987881320518178, 0.24780610112829085, 0.2958629335562056, 0.289594651065608, 0.3354227608301992, 0.1887449505502159, 0.19125226354645494, 0.27636161025212425, 0.24098063797186237, 0.29725588522078283, 0.27650090541858197, 0.2702326229279844, 0.30533500487533083, 0.29614152388912107, 0.28276918790917954, 0.28388354924084136, 0.2550494497840925, 0.2872266332358267, 0.4571667363142499, 0.4616241816408971, 0.27106839392673077, 0.24237358963643962, 0.20991781585178995, 0.23150856665273714, 0.312299763198217, 0.3932302549101546, 0.4683103496308678, 0.18832706505084273, 0.27343641175651207, 0.2581139434461624, 0.25602451594929654, 0.24195570413706644, 0.5081487672377768, 0.2544922691182616, 0.23443376514834935]
[0.26944444444444443, 0.5131243437828109, 0.4722569879015436, 0.6624878116729349, 1, 0.4123401053423627, 0.21156257837973413, 0.23375971908703286, 0.21168798595435165, 0.19952345121645348, 0.2777777777777778, 0.22510659643842487, 0.34148482568347127, 0.34625031351893654, 0.4982442939553549, 0.3891397040381239, 0.3350890393779784, 0.3585402558314522, 0.4238776022071733, 0.3126410835214447, 0.33233007273639326, 0.30248306997742663, 0.27702533233007276, 0.28768497617256084, 0.25946827188362176, 0.26160020065211936, 0.25558063707047907, 0.25395033860045146, 0.218459994983697, 0.34198645598194133, 0.2929520943064961, 0.4184850764986205, 0.23187860546777025, 0.24755455229495862, 0.24166039628793579, 0.23162779031853523, 0.2342613493855029, 0.272385252069225, 0.22774015550539253, 0.3014798093804866, 0.30248306997742663, 0.2967143215450213, 0.3054928517682468, 0.21193880110358665, 0.2057938299473288, 0.22397792826686733, 0.23137697516930023, 0.25520441434662655, 0.24266365688487584, 0.2570855279658891, 0.354778028592927, 0.26460998244293954, 0.24617506897416605, 0.2933283170303486, 0.2533233007273639, 0.2886882367695009, 0.28655630800100323, 0.3256834712816654, 0.1981439678956609, 0.19952345121645348, 0.2816654125909205, 0.23601705543014798, 0.28969149736644095, 0.26749435665914223, 0.2748934035615751, 0.30323551542513166, 0.2849260095309757, 0.28266867318786054, 0.28091296714321545, 0.2417858038625533, 0.2849260095309757, 0.42061700526711815, 0.408703285678455, 0.2617256082267369, 0.23388512666165037, 0.2199648858791071, 0.22209681464760472, 0.2954602457988463, 0.37170805116629047, 0.418359668924003, 0.2014045648357161, 0.26824680210684726, 0.25407574617506895, 0.25783797341359416, 0.23049912214697768, 0.46977677451718086, 0.2436669174818159, 0.2308753448708302]
[0.27534722222222224, 0.47097645117744114, 0.39632874426366294, 0.4659423318010865, 0.4123401053423627, 1, 0.21327114691541235, 0.23998304006783974, 0.21814712741149037, 0.18231927072291712, 0.2719949120203519, 0.22917108331566674, 0.45155819376722495, 0.4606741573033708, 0.5064659741361035, 0.6287894848420607, 0.42505829976680093, 0.3970744117023532, 0.5003179987280051, 0.4345982616069536, 0.3576425694297223, 0.2912868348526606, 0.27432690269238924, 0.3101547593809625, 0.23765104939580242, 0.2681789272842909, 0.2800508797964808, 0.24994700021199914, 0.21369514521941912, 0.36612253550985796, 0.3334746661013356, 0.9190163239347042, 0.2410430358278567, 0.28450286198855207, 0.27475090099639604, 0.24782700869196522, 0.26245495018019926, 0.2800508797964808, 0.2647869408522366, 0.30019079923680303, 0.31587873648505405, 0.30485478058087767, 0.31333474666101335, 0.18380326478694084, 0.2170871316514734, 0.2117871528513886, 0.23913504345982617, 0.2641509433962264, 0.22811108755564977, 0.25567097731609073, 0.2927708289166843, 0.28471486114055544, 0.24973500105999577, 0.3415306338774645, 0.24782700869196522, 0.28429086283654864, 0.2927708289166843, 0.30994276022895906, 0.19228323086707652, 0.20415518337926647, 0.2741149035403858, 0.27729489082043673, 0.3684545261818953, 0.3027347890608438, 0.3116387534449862, 0.2982828068687725, 0.3648505405978376, 0.30739877040491836, 0.3031587873648505, 0.2490990036039856, 0.2828068687725249, 0.4047063811744753, 0.4265422938308247, 0.24040703837184652, 0.21517913928344287, 0.22026711893152429, 0.2143311426754293, 0.35001059995760014, 0.5068899724401102, 0.5885096459614162, 0.21093915624337503, 0.26987492050031797, 0.2522789908840365, 0.2719949120203519, 0.2586389654441382, 0.5153699385202459, 0.23319906720373118, 0.22408310366758533]
[0.24930555555555556, 0.21958902054897256, 0.17313308302044222, 0.26995403259506895, 0.21156257837973413, 0.21327114691541235, 1, 0.23812898653437278, 0.22666065330842086, 0.19644352812318794, 0.23857998840280908, 0.2079118613491399, 0.23645383673732362, 0.24102828426003478, 0.2492751755685845, 0.2475355969331873, 0.24463629920752528, 0.2332323948199214, 0.25481605566651633, 0.2445074415308292, 0.23870884607950518, 0.2842600347915727, 0.26293408929837, 0.3148637330068939, 0.28026544681399396, 0.2432188647638683, 0.25307647703111913, 0.21377488563881195, 0.2218284904323175, 0.24244571870369178, 0.2597126473809677, 0.26995683267830684, 0.22434121512789124, 0.25700663617034986, 0.23613169254558342, 0.22189291927066554, 0.23419882739514206, 0.26306294697506605, 0.25140132723407, 0.2920559242316861, 0.2877391920623671, 0.2838734617614844, 0.3046195477095548, 0.19573481090135944, 0.19760324721345274, 0.20855614973262032, 0.19966497004059017, 0.23664712325236775, 0.2488241737001482, 0.24231686102699568, 0.2727272727272727, 0.23600283486888732, 0.2338122543650538, 0.25442948263642806, 0.2526254751626828, 0.27072997873848337, 0.26422266606533085, 0.2859351845886219, 0.1802074608594807, 0.18445976419045165, 0.28432446362992075, 0.23123510083113202, 0.25307647703111913, 0.2559757747567811, 0.251465756072418, 0.2614522260163649, 0.2525610463243348, 0.2709232652535275, 0.2719541266670962, 0.24734231041814317, 0.2684105405579537, 0.2488241737001482, 0.25140132723407, 0.23233039108304876, 0.20211326589781586, 0.20617228271374266, 0.20295084079634043, 0.25339862122285933, 0.2437987243090007, 0.2437987243090007, 0.17105856581405837, 0.24824431415501577, 0.24341215127891244, 0.24631144900457444, 0.2273049416919013, 0.2497261774370208, 0.2099735841762773, 0.24141485729012305]
[0.28229166666666666, 0.2272386380680966, 0.2202753441802253, 0.25142777545619166, 0.23375971908703286, 0.23998304006783974, 0.23812898653437278, 1, 0.30691056910569103, 0.20557491289198607, 0.24448315911730545, 0.21747967479674796, 0.28164924506387923, 0.2889082462253194, 0.25464576074332174, 0.241869918699187, 0.27148664343786294, 0.25522648083623695, 0.2421602787456446, 0.29210220673635306, 0.2494192799070848, 0.32142857142857145, 0.2857142857142857, 0.32200929152148666, 0.29181184668989546, 0.29732868757259, 0.2848432055749129, 0.2572590011614402, 0.23606271777003485, 0.2534843205574913, 0.27148664343786294, 0.27119628339140534, 0.25493612078977934, 0.2685830429732869, 0.2775842044134727, 0.25493612078977934, 0.24419279907084784, 0.2871660859465738, 0.27090592334494773, 0.304006968641115, 0.3400116144018583, 0.30284552845528456, 0.32839721254355403, 0.2032520325203252, 0.2232868757259001, 0.22560975609756098, 0.24767711962833913, 0.2787456445993031, 0.2232868757259001, 0.2604529616724739, 0.3042973286875726, 0.22096399535423925, 0.21718931475029035, 0.31155632984901277, 0.31039488966318235, 0.3051684088269454, 0.25203252032520324, 0.2932636469221835, 0.16898954703832753, 0.14924506387921022, 0.2967479674796748, 0.23896631823461092, 0.24709639953542392, 0.27526132404181186, 0.3042973286875726, 0.2424506387921022, 0.23693379790940766, 0.29878048780487804, 0.2938443670150987, 0.24912891986062718, 0.266260162601626, 0.2610336817653891, 0.26335656213704994, 0.2569686411149826, 0.21428571428571427, 0.23344947735191637, 0.24448315911730545, 0.259581881533101, 0.23780487804878048, 0.24796747967479674, 0.20005807200929152, 0.25522648083623695, 0.2610336817653891, 0.26306620209059234, 0.21718931475029035, 0.24419279907084784, 0.22793263646922182, 0.2598722415795586]
[0.3215277777777778, 0.21178941052947353, 0.22736754276178556, 0.21409667084552167, 0.21168798595435165, 0.21814712741149037, 0.22666065330842086, 0.30691056910569103, 1, 0.21840873634945399, 0.27379095163806555, 0.3049921996879875, 0.27769110764430577, 0.28081123244929795, 0.25585023400936036, 0.2620904836193448, 0.31045241809672386, 0.2800312012480499, 0.24960998439937598, 0.2948517940717629, 0.28081123244929795, 0.3166926677067083, 0.2878315132605304, 0.3619344773790952, 0.3073322932917317, 0.28627145085803435, 0.3049921996879875, 0.2925117004680187, 0.3112324492979719, 0.27301092043681746, 0.2628705148205928, 0.2698907956318253, 0.29797191887675506, 0.27223088923556943, 0.29329173166926675, 0.2831513260530421, 0.27691107644305774, 0.28159126365054604, 0.29017160686427457, 0.33073322932917315, 0.31201248049922, 0.28549141965678626, 0.3299531981279251, 0.2753510140405616, 0.23400936037441497, 0.24258970358814352, 0.27613104524180965, 0.2909516380655226, 0.25585023400936036, 0.29875195007800315, 0.34321372854914195, 0.29407176287051484, 0.3213728549141966, 0.32293291731669266, 0.31357254290171604, 0.2620904836193448, 0.30187207488299533, 0.26443057722308894, 0.19890795631825273, 0.18330733229329174, 0.3073322932917317, 0.2878315132605304, 0.265990639625585, 0.2745709828393136, 0.2956318252730109, 0.24024960998439937, 0.26443057722308894, 0.26833073322932915, 0.26443057722308894, 0.25975039001560063, 0.297191887675507, 0.30265210608424337, 0.28939157566302653, 0.3081123244929797, 0.24570982839313574, 0.23868954758190328, 0.26443057722308894, 0.27301092043681746, 0.2620904836193448, 0.2581903276131045, 0.20982839313572543, 0.26443057722308894, 0.26443057722308894, 0.29329173166926675, 0.23556942277691106, 0.2675507020280811, 0.2542901716068643, 0.30265210608424337]
[0.22083333333333333, 0.1960401979901005, 0.16312056737588654, 0.18818776988438501, 0.19952345121645348, 0.18231927072291712, 0.19644352812318794, 0.20557491289198607, 0.21840873634945399, 1, 0.23560055042264597, 0.22105366620798114, 0.2576174562610576, 0.25791232553567917, 0.24189109494790642, 0.24710045213288775, 0.24690387261647337, 0.22026734814232357, 0.23166896009435817, 0.24493807745232946, 0.24788677019854533, 0.296147041478278, 0.273442107332416, 0.33261254177314725, 0.25447218399842736, 0.24700216237468056, 0.24012187930017692, 0.22852368783172794, 0.2347159425987812, 0.23805779437782584, 0.2728523687831728, 0.2612541773147238, 0.22272459209750345, 0.2585020640849224, 0.23383133477491647, 0.22469038726164733, 0.22242972282288184, 0.26430115981914687, 0.23510910163160997, 0.29211716139178295, 0.2925103204246118, 0.26390800078631804, 0.28169844702182034, 0.18734027914291332, 0.2025751916650285, 0.21495970119913504, 0.19805386278749754, 0.238647532927069, 0.21889129152742284, 0.21299390603499116, 0.2670532730489483, 0.2388441124434834, 0.234617652840574, 0.26027127973265185, 0.25457047375663455, 0.268920778454885, 0.2505405936701396, 0.2727540790249656, 0.19038726164733635, 0.19972478867701984, 0.30538627874975427, 0.2444466286612935, 0.23786121486141143, 0.2593866719087871, 0.26695498329074113, 0.22872026734814233, 0.23776292510320424, 0.25899351287595834, 0.25683113819540004, 0.21466483192451347, 0.26017298997444466, 0.24975427560448202, 0.2404167485747985, 0.2419893847061136, 0.21918616080204442, 0.20149400432474937, 0.1949085905248673, 0.2555533713387065, 0.2634165519952821, 0.2312758010615294, 0.166502850402988, 0.22626302339296245, 0.21623746805582858, 0.2328484371928445, 0.20689994102614506, 0.2250835462944761, 0.20414782779634363, 0.24572439551798703]
[0.275, 0.28183590820458976, 0.2586566541510221, 0.2719041649254771, 0.2777777777777778, 0.2719949120203519, 0.23857998840280908, 0.24448315911730545, 0.27379095163806555, 0.23560055042264597, 1, 0.33903133903133903, 0.3162393162393162, 0.3076923076923077, 0.2535612535612536, 0.24216524216524216, 0.32193732193732194, 0.3162393162393162, 0.24216524216524216, 0.34472934472934474, 0.3076923076923077, 0.35327635327635326, 0.33048433048433046, 0.4700854700854701, 0.33618233618233617, 0.32193732193732194, 0.3561253561253561, 0.25925925925925924, 0.37037037037037035, 0.28205128205128205, 0.27635327635327633, 0.2621082621082621, 0.3561253561253561, 0.32763532763532766, 0.3504273504273504, 0.33618233618233617, 0.2849002849002849, 0.3817663817663818, 0.27350427350427353, 0.37606837606837606, 0.32763532763532766, 0.3162393162393162, 0.30484330484330485, 0.27350427350427353, 0.2905982905982906, 0.28774928774928776, 0.2849002849002849, 0.36752136752136755, 0.26495726495726496, 0.3561253561253561, 0.37037037037037035, 0.2535612535612536, 0.2934472934472934, 0.30484330484330485, 0.4017094017094017, 0.25925925925925924, 0.29914529914529914, 0.3162393162393162, 0.15954415954415954, 0.25071225071225073, 0.3504273504273504, 0.35327635327635326, 0.3190883190883191, 0.3076923076923077, 0.3504273504273504, 0.22507122507122507, 0.29914529914529914, 0.36182336182336183, 0.36182336182336183, 0.3162393162393162, 0.28774928774928776, 0.30484330484330485, 0.2678062678062678, 0.3903133903133903, 0.24786324786324787, 0.245014245014245, 0.2535612535612536, 0.2792022792022792, 0.2706552706552707, 0.28205128205128205, 0.1794871794871795, 0.24786324786324787, 0.2336182336182336, 0.33048433048433046, 0.27350427350427353, 0.2678062678062678, 0.245014245014245, 0.32193732193732194]
[0.3454861111111111, 0.22768861556922154, 0.2261159783062161, 0.23680178297813065, 0.22510659643842487, 0.22917108331566674, 0.2079118613491399, 0.21747967479674796, 0.3049921996879875, 0.22105366620798114, 0.33903133903133903, 1, 0.2655086848635236, 0.2737799834574028, 0.22911497105045492, 0.2555831265508685, 0.3225806451612903, 0.24979321753515302, 0.23325062034739455, 0.2985938792390405, 0.2663358147229115, 0.3134822167080232, 0.293631100082713, 0.4094292803970223, 0.3118279569892473, 0.30603804797353185, 0.3291976840363937, 0.2704714640198511, 0.3225806451612903, 0.31927212572373864, 0.2746071133167907, 0.24896608767576509, 0.3639371381306865, 0.3564929693961952, 0.3531844499586435, 0.44995864350703063, 0.40860215053763443, 0.3242349048800662, 0.3399503722084367, 0.3134822167080232, 0.30190239867659224, 0.27129859387923905, 0.31927212572373864, 0.24152191894127378, 0.26220016542597185, 0.2588916459884202, 0.2704714640198511, 0.2704714640198511, 0.2522746071133168, 0.34077750206782464, 0.3333333333333333, 0.2787427626137304, 0.26881720430107525, 0.2961124896608768, 0.3325062034739454, 0.2762613730355666, 0.2572373862696443, 0.2787427626137304, 0.1869313482216708, 0.17369727047146402, 0.3283705541770058, 0.3316790736145575, 0.2853598014888337, 0.2572373862696443, 0.3052109181141439, 0.24069478908188585, 0.26220016542597185, 0.27791563275434245, 0.2803970223325062, 0.26054590570719605, 0.28866832092638545, 0.2663358147229115, 0.2663358147229115, 0.3424317617866005, 0.23242349048800662, 0.23821339950372208, 0.228287841191067, 0.28453267162944584, 0.21918941273779982, 0.2456575682382134, 0.20512820512820512, 0.2878411910669975, 0.28866832092638545, 0.38957816377171217, 0.2597187758478081, 0.23904052936311002, 0.228287841191067, 0.2944582299421009]
[0.2861111111111111, 0.39658017099145043, 0.4668335419274093, 0.3680178297813066, 0.34148482568347127, 0.45155819376722495, 0.23645383673732362, 0.28164924506387923, 0.27769110764430577, 0.2576174562610576, 0.3162393162393162, 0.2655086848635236, 1, 0.9063038236307268, 0.4640027557698932, 0.4784705477092663, 0.49224939717533583, 0.4839820874956941, 0.4622803995866345, 0.4832931450223906, 0.396830864622804, 0.2845332414743369, 0.3052015156734413, 0.26593179469514294, 0.2070272132276955, 0.25697554254219773, 0.2903892524974165, 0.2480192903892525, 0.20496038580778506, 0.42163279366172923, 0.2903892524974165, 0.5218739235273855, 0.2793661729245608, 0.25973131243541164, 0.26317602480192903, 0.28246641405442646, 0.24147433689286946, 0.305545986910093, 0.25111953151911814, 0.2952118498105408, 0.29831209094040645, 0.2828108852910782, 0.29555632104719254, 0.18119187047881502, 0.21598346538064073, 0.2166724078539442, 0.24319669307612815, 0.25973131243541164, 0.20220461591457115, 0.24491904925938685, 0.2666207371684464, 0.3482604202549087, 0.26868756458835685, 0.43024457457802273, 0.25697554254219773, 0.3141577678263865, 0.264553909748536, 0.30347915949018256, 0.1784361005856011, 0.20461591457113332, 0.2776438167413021, 0.29211160868067515, 0.2862555976575956, 0.36272821219428175, 0.2642094385118843, 0.264553909748536, 0.28039958663451603, 0.28660006889424733, 0.28349982776438165, 0.24147433689286946, 0.2704099207716156, 0.5156734412676541, 0.5001722356183259, 0.2524974164657251, 0.2245952462969342, 0.22493971753358594, 0.23355149844987944, 0.29107819497071996, 0.4753703065794006, 0.47571477781605237, 0.20082673096796416, 0.23458491215983465, 0.22356183258697898, 0.2549087151222873, 0.24147433689286946, 0.5504650361694798, 0.214261109197382, 0.23010678608336205]
[0.2857638888888889, 0.39793010349482527, 0.45640383813099705, 0.37177879927566515, 0.34625031351893654, 0.4606741573033708, 0.24102828426003478, 0.2889082462253194, 0.28081123244929795, 0.25791232553567917, 0.3076923076923077, 0.2737799834574028, 0.9063038236307268, 1, 0.4909354604786077, 0.49818709209572154, 0.5184916606236403, 0.5072516316171138, 0.4619289340101523, 0.508339376359681, 0.40137781000725165, 0.275924583031182, 0.3049311094996374, 0.2556200145032632, 0.21138506163886875, 0.2621464829586657, 0.2911530094271211, 0.25598259608411894, 0.21174764321972445, 0.43582306018854244, 0.29296591733139954, 0.5532994923857868, 0.2878897751994199, 0.2625090645395214, 0.26504713560551124, 0.2907904278462654, 0.2472806381435823, 0.3158085569253082, 0.2563451776649746, 0.30384336475707036, 0.2998549673676577, 0.2868020304568528, 0.3027556200145033, 0.1845540246555475, 0.22661348803480783, 0.2182741116751269, 0.2519941986947063, 0.2683103698332125, 0.20630891950688904, 0.2548948513415519, 0.2614213197969543, 0.36620739666424945, 0.2751994198694706, 0.43074691805656273, 0.25670775924583034, 0.32269760696156635, 0.2726613488034808, 0.3103698332124728, 0.1794778825235678, 0.20558375634517767, 0.2817258883248731, 0.30891950688905, 0.30166787527193617, 0.3763596809282089, 0.2802755620014503, 0.2824510514865845, 0.2907904278462654, 0.29876722262509064, 0.2911530094271211, 0.24583031182015955, 0.27846265409717186, 0.5304568527918782, 0.5137781000725163, 0.2512690355329949, 0.22661348803480783, 0.22552574329224076, 0.24075416968817984, 0.29296591733139954, 0.47860768672951415, 0.48259608411892674, 0.20268310369833212, 0.2432922407541697, 0.22697606961566352, 0.2697606961566352, 0.25308194343727336, 0.5525743292240755, 0.22625090645395213, 0.23712835387962292]
[0.2625, 0.7390130493475326, 0.38506466416353774, 0.5158100013929516, 0.4982442939553549, 0.5064659741361035, 0.2492751755685845, 0.25464576074332174, 0.25585023400936036, 0.24189109494790642, 0.2535612535612536, 0.22911497105045492, 0.4640027557698932, 0.4909354604786077, 1, 0.44714499750291326, 0.3529215914766106, 0.4188446812052605, 0.48693191276843684, 0.3376061261861162, 0.3294489761944398, 0.2876643915431996, 0.2803396037955718, 0.29715332112535375, 0.261694689528883, 0.2567005160645913, 0.2825037456300982, 0.2565340436157816, 0.19443982020975528, 0.3339437323123023, 0.3021474945896454, 0.48876310970534376, 0.23489262527051774, 0.2710171466622274, 0.2781754619610454, 0.23755618445147328, 0.2400532711836191, 0.28583319460629264, 0.25786582320625934, 0.28350258032295655, 0.31529881804561344, 0.2983186282670218, 0.3297819210920593, 0.1756284334942567, 0.2020975528550025, 0.200599300815715, 0.25070750790744134, 0.2745130680872316, 0.23955385383718994, 0.26735475278841353, 0.3094722823372732, 0.2648576660562677, 0.24637922423838854, 0.3397702680206426, 0.2528716497419677, 0.28433494256700514, 0.277842517063426, 0.3161311802896621, 0.24188446812052605, 0.19976693857166639, 0.2881638088896288, 0.2666888629931746, 0.3098052272348926, 0.2951556517396371, 0.3113034792741801, 0.35158981188613286, 0.29781921092059266, 0.2989845180622607, 0.29498917929082735, 0.2567005160645913, 0.301814549692026, 0.3793907108373564, 0.3823872149159314, 0.24121857832528718, 0.21458298651573166, 0.2194106875312136, 0.20642583652405527, 0.29632095888130516, 0.4396537373064758, 0.4261694689528883, 0.21008823039786914, 0.298818045613451, 0.29632095888130516, 0.2620276344265024, 0.2490427834193441, 0.5611786249375729, 0.24587980689195937, 0.21524887631097053]
[0.28958333333333336, 0.440077996100195, 0.4142678347934919, 0.4341830338487255, 0.3891397040381239, 0.6287894848420607, 0.2475355969331873, 0.241869918699187, 0.2620904836193448, 0.24710045213288775, 0.24216524216524216, 0.2555831265508685, 0.4784705477092663, 0.49818709209572154, 0.44714499750291326, 1, 0.43048403707518024, 0.4178681771369722, 0.5301235839340885, 0.41374871266735325, 0.35453141091658086, 0.30406797116374873, 0.2711122554067971, 0.29660144181256437, 0.2381565396498455, 0.2633882595262616, 0.27420185375901135, 0.25514933058702366, 0.19541709577754893, 0.3849124613800206, 0.33007209062821835, 0.6835736354273945, 0.2433058702368692, 0.279351184346035, 0.2577239958805355, 0.26853759011328526, 0.252832131822863, 0.27677651905252315, 0.24845520082389289, 0.29222451081359424, 0.31179196704428425, 0.28733264675592174, 0.31333676622039136, 0.1825437693099897, 0.22193614830072092, 0.20494335736354274, 0.2481977342945417, 0.279351184346035, 0.22090628218331618, 0.2515447991761071, 0.29222451081359424, 0.27883625128733264, 0.2466529351184346, 0.40061791967044286, 0.2448506694129763, 0.2847579814624099, 0.2801235839340886, 0.3120494335736354, 0.1910401647785788, 0.20185375901132852, 0.28321318228630277, 0.28038105046343975, 0.391091658084449, 0.31513903192584963, 0.31822863027806386, 0.2796086508753862, 0.3831101956745623, 0.29866117404737386, 0.28861997940267764, 0.24613800205973224, 0.2842430484037075, 0.43846549948506697, 0.45648815653964986, 0.24433573635427394, 0.2157569515962925, 0.21446961894953656, 0.20751802265705457, 0.3699794026776519, 0.6279608650875386, 0.7636457260556128, 0.20056642636457261, 0.2533470648815654, 0.252832131822863, 0.2610710607621009, 0.25051493305870237, 0.49253347064881564, 0.24433573635427394, 0.2185890834191555]
[0.3038194444444444, 0.35128243587820607, 0.4117647058823529, 0.3528346566374147, 0.3350890393779784, 0.42505829976680093, 0.24463629920752528, 0.27148664343786294, 0.31045241809672386, 0.24690387261647337, 0.32193732193732194, 0.3225806451612903, 0.49224939717533583, 0.5184916606236403, 0.3529215914766106, 0.43048403707518024, 1, 0.47045244690674054, 0.4552169898430286, 0.5424746075715605, 0.4224376731301939, 0.2594644506001847, 0.26454293628808867, 0.26223453370267774, 0.22853185595567868, 0.24192059095106186, 0.26038781163434904, 0.24376731301939059, 0.21191135734072022, 0.43536472760849493, 0.28254847645429365, 0.5346260387811634, 0.2409972299168975, 0.26454293628808867, 0.2631578947368421, 0.2460757156048015, 0.23314866112650046, 0.2857802400738689, 0.24192059095106186, 0.31348107109879964, 0.2774699907663897, 0.2613111726685134, 0.2987072945521699, 0.17082179132040629, 0.270544783010157, 0.26177285318559557, 0.2433056325023084, 0.25392428439519854, 0.2082179132040628, 0.23591874422899353, 0.26223453370267774, 0.2760849492151431, 0.2802400738688827, 0.40166204986149584, 0.2543859649122807, 0.27469990766389657, 0.27008310249307477, 0.2945521698984303, 0.1703601108033241, 0.20914127423822715, 0.2756232686980609, 0.31348107109879964, 0.3079409048938135, 0.30701754385964913, 0.2950138504155125, 0.27977839335180055, 0.3028624192059095, 0.28162511542012925, 0.27469990766389657, 0.22714681440443213, 0.26454293628808867, 0.45614035087719296, 0.4856879039704525, 0.2742382271468144, 0.2590027700831025, 0.2585410895660203, 0.2774699907663897, 0.27977839335180055, 0.4445983379501385, 0.47183748845798706, 0.20313942751615882, 0.21929824561403508, 0.21745152354570638, 0.27100646352723917, 0.24007386888273316, 0.49122807017543857, 0.21837488457987073, 0.23961218836565096]
[0.2833333333333333, 0.3937303134843258, 0.39883187317480184, 0.3688536007800529, 0.3585402558314522, 0.3970744117023532, 0.2332323948199214, 0.25522648083623695, 0.2800312012480499, 0.22026734814232357, 0.3162393162393162, 0.24979321753515302, 0.4839820874956941, 0.5072516316171138, 0.4188446812052605, 0.4178681771369722, 0.47045244690674054, 1, 0.45484949832775917, 0.41025641025641024, 0.4269788182831661, 0.2686733556298774, 0.27499070977331846, 0.25195094760312153, 0.22147900408769974, 0.2560386473429952, 0.2616127833519138, 0.23151244890375325, 0.2032701597918989, 0.39018952062430323, 0.26644370122630995, 0.44890375325157933, 0.22445187662578966, 0.2638424377554812, 0.241917502787068, 0.231140839836492, 0.24340393905611296, 0.2798216276477146, 0.231140839836492, 0.3006317354143441, 0.28651059085841696, 0.28502415458937197, 0.3047194351542178, 0.1902638424377555, 0.19881085098476403, 0.22259383128948346, 0.23039762170196953, 0.24749163879598662, 0.2040133779264214, 0.23485693050910442, 0.2690449646971386, 0.26755852842809363, 0.2582683017465626, 0.3998513563730955, 0.23039762170196953, 0.27499070977331846, 0.26830174656261613, 0.30657748049052397, 0.1687105165366035, 0.19286510590858416, 0.2794500185804534, 0.3013749535488666, 0.2861389817911557, 0.3013749535488666, 0.2709030100334448, 0.2660720921590487, 0.2816796729840208, 0.29134150873281306, 0.2917131178000743, 0.22816796729840208, 0.26644370122630995, 0.49424005945745075, 0.49944258639910816, 0.25418060200668896, 0.21181716833890746, 0.2121887774061687, 0.22705314009661837, 0.2660720921590487, 0.4358974358974359, 0.46339650687476774, 0.1824600520252694, 0.24414715719063546, 0.22668153102935712, 0.25492382014121145, 0.22705314009661837, 0.45968041620215533, 0.2356001486436269, 0.22630992196209587]
[0.25763888888888886, 0.4762261886905655, 0.38881935753024616, 0.4915726424293077, 0.4238776022071733, 0.5003179987280051, 0.25481605566651633, 0.2421602787456446, 0.24960998439937598, 0.23166896009435817, 0.24216524216524216, 0.23325062034739455, 0.4622803995866345, 0.4619289340101523, 0.48693191276843684, 0.5301235839340885, 0.4552169898430286, 0.45484949832775917, 1, 0.3330590413495166, 0.3332647603373791, 0.29170952478913803, 0.2637317424398272, 0.301995474182267, 0.25406295001028595, 0.24501131454433245, 0.25653157786463693, 0.23349105122402797, 0.19419872454227524, 0.332853322361654, 0.2768977576630323, 0.4834396214770623, 0.2322567372968525, 0.265788932318453, 0.26537749434272784, 0.22197078790372352, 0.2351368031269286, 0.25838304875540014, 0.25282863608311046, 0.29973256531577863, 0.2972639374614277, 0.28471507920181033, 0.3116642666118083, 0.19255297263937463, 0.20736473976548037, 0.19646163340876363, 0.2180621271343345, 0.2384283069327299, 0.21991359802509772, 0.2647603373791401, 0.3011725982308167, 0.2441884385928821, 0.23595967907837895, 0.3336761983131043, 0.2441884385928821, 0.269697593087842, 0.27525200576013165, 0.29870397037646573, 0.18535280806418433, 0.18679284097922239, 0.27628060069944455, 0.23781114996914215, 0.2921209627648632, 0.26846327916066653, 0.2575601728039498, 0.2898580538983748, 0.2921209627648632, 0.2880065830076116, 0.2810121374202839, 0.2454227525200576, 0.2849207981896729, 0.37893437564287186, 0.4015634643077556, 0.23904546389631762, 0.20469039292326682, 0.21106768154700678, 0.21312487142563258, 0.27751491462662004, 0.43221559349927996, 0.40958650483439624, 0.2018103270931907, 0.2627031475005143, 0.25180004114379756, 0.24809709936227115, 0.2363711170541041, 0.5163546595350751, 0.23184529932112735, 0.2160049372557087]
[0.2982638888888889, 0.3383830808459577, 0.410095953274927, 0.32567209917815854, 0.3126410835214447, 0.4345982616069536, 0.2445074415308292, 0.29210220673635306, 0.2948517940717629, 0.24493807745232946, 0.34472934472934474, 0.2985938792390405, 0.4832931450223906, 0.508339376359681, 0.3376061261861162, 0.41374871266735325, 0.5424746075715605, 0.41025641025641024, 0.3330590413495166, 1, 0.45450049455984176, 0.26211671612265086, 0.26211671612265086, 0.24727992087042533, 0.21463897131552917, 0.24727992087042533, 0.2596439169139466, 0.24381800197823936, 0.21315529179030662, 0.43966369930761623, 0.2809099901088032, 0.6078140454995055, 0.21562809099901087, 0.23293768545994065, 0.24530168150346193, 0.24727992087042533, 0.23095944609297725, 0.2542037586547972, 0.2354104846686449, 0.28041543026706234, 0.2868447082096934, 0.28041543026706234, 0.2764589515331355, 0.18793273986152326, 0.2166172106824926, 0.23788328387734917, 0.22799208704253215, 0.23491592482690404, 0.21463897131552917, 0.23590504451038577, 0.24629080118694363, 0.28338278931750743, 0.2532146389713155, 0.42828882294757664, 0.2433234421364985, 0.2626112759643917, 0.26013847675568746, 0.3105835806132542, 0.17359050445103857, 0.18743818001978238, 0.23936696340257171, 0.3006923837784372, 0.2987141444114738, 0.2942631058358061, 0.27794263105835804, 0.2596439169139466, 0.2878338278931751, 0.2799208704253215, 0.2695351137487636, 0.21810089020771514, 0.24925816023738873, 0.46142433234421365, 0.4638971315529179, 0.271513353115727, 0.22799208704253215, 0.22898120672601385, 0.251730959446093, 0.2828882294757666, 0.48813056379821956, 0.49060336300692386, 0.20375865479723046, 0.23738872403560832, 0.2215628090999011, 0.27101879327398615, 0.23590504451038577, 0.4930761622156281, 0.22106824925816024, 0.318001978239367]
[0.2899305555555556, 0.32008399580020996, 0.4459741343345849, 0.3447555369828667, 0.33233007273639326, 0.3576425694297223, 0.23870884607950518, 0.2494192799070848, 0.28081123244929795, 0.24788677019854533, 0.3076923076923077, 0.2663358147229115, 0.396830864622804, 0.40137781000725165, 0.3294489761944398, 0.35453141091658086, 0.4224376731301939, 0.4269788182831661, 0.3332647603373791, 0.45450049455984176, 1, 0.2706971677559913, 0.2374727668845316, 0.2042483660130719, 0.20969498910675383, 0.24836601307189543, 0.25381263616557737, 0.20915032679738563, 0.19444444444444445, 0.5392156862745098, 0.26143790849673204, 0.4335511982570806, 0.2107843137254902, 0.2238562091503268, 0.22167755991285404, 0.2227668845315904, 0.19662309368191722, 0.23366013071895425, 0.22930283224400871, 0.2696078431372549, 0.2510893246187364, 0.26851851851851855, 0.27233115468409586, 0.20261437908496732, 0.19335511982570805, 0.23965141612200436, 0.20697167755991286, 0.22712418300653595, 0.20098039215686275, 0.21296296296296297, 0.22766884531590414, 0.2233115468409586, 0.2167755991285403, 0.4264705882352941, 0.2374727668845316, 0.24618736383442266, 0.2429193899782135, 0.3006535947712418, 0.17374727668845316, 0.18736383442265794, 0.31100217864923746, 0.24564270152505446, 0.25544662309368193, 0.2766884531590414, 0.25163398692810457, 0.22875816993464052, 0.25980392156862747, 0.25326797385620914, 0.2587145969498911, 0.21459694989106753, 0.2576252723311547, 0.5871459694989106, 0.5757080610021786, 0.24891067538126363, 0.2581699346405229, 0.20697167755991286, 0.22167755991285404, 0.27832244008714596, 0.4515250544662309, 0.5179738562091504, 0.1900871459694989, 0.2369281045751634, 0.22875816993464052, 0.21895424836601307, 0.22004357298474944, 0.41830065359477125, 0.2167755991285403, 0.22766884531590414]
[0.35520833333333335, 0.27913604319784013, 0.2649144764288694, 0.3003203788828528, 0.30248306997742663, 0.2912868348526606, 0.2842600347915727, 0.32142857142857145, 0.3166926677067083, 0.296147041478278, 0.35327635327635326, 0.3134822167080232, 0.2845332414743369, 0.275924583031182, 0.2876643915431996, 0.30406797116374873, 0.2594644506001847, 0.2686733556298774, 0.29170952478913803, 0.26211671612265086, 0.2706971677559913, 1, 0.5724563206577595, 0.34018499486125386, 0.26618705035971224, 0.29393627954779034, 0.29907502569373073, 0.25590955806783144, 0.2302158273381295, 0.30935251798561153, 0.33504624871531347, 0.28879753340184994, 0.25488180883864336, 0.3103802672147996, 0.3103802672147996, 0.2744090441932169, 0.29290853031860226, 0.30318602261048305, 0.32476875642343267, 0.31551901336073995, 0.35868448098663924, 0.3278520041109969, 0.3381294964028777, 0.2209660842754368, 0.2302158273381295, 0.1932168550873587, 0.27543679342240496, 0.2970195272353546, 0.22199383350462487, 0.26515930113052416, 0.31243576567317577, 0.27543679342240496, 0.2312435765673176, 0.32990750256937307, 0.27646454265159304, 0.31551901336073995, 0.3001027749229188, 0.32682425488180883, 0.19938335046248715, 0.20966084275436794, 0.30729701952723537, 0.2672147995889003, 0.30421377183967113, 0.302158273381295, 0.33504624871531347, 0.28365878725590954, 0.31243576567317577, 0.2795477903391572, 0.2959917780061665, 0.2528263103802672, 0.32476875642343267, 0.2744090441932169, 0.2682425488180884, 0.29393627954779034, 0.249743062692703, 0.23638232271325796, 0.2158273381294964, 0.3432682425488181, 0.25488180883864336, 0.2970195272353546, 0.19218910585817062, 0.2446043165467626, 0.2528263103802672, 0.2672147995889003, 0.2692702980472765, 0.2805755395683453, 0.27029804727646456, 0.26515930113052416]
