[1.0, 0.0, 0.010077, 0.014131, 0.019772, 0.006328, 0.02572, 0.0, 0.095757, 0.004586, 0.068215, 0.003532, 0.017556, 0.016505, 0.010673, 0.005726, 0.006084, 0.006231, 0.019114, 0.003735, 0.019756, 0.0, 0.0, 0.057007, 0.0, 0.007824, 0.00387, 0.005688, 0.0, 0.017857, 0.067235, 0.005722, 0.007602, 0.060321, 0.007602, 0.021026, 0.078152, 0.005163, 0.147412, 0.00556, 0.0, 0.003573, 0.024321, 0.003619, 0.086327, 0.105974, 0.006027, 0.002876, 0.002878, 0.004679, 0.012784, 0.0, 0.00741, 0.032331, 0.013781, 0.032901, 0.011768, 0.008075, 0.034783, 0.002563, 0.008634, 0.007753, 0.004165, 0.003891, 0.005844, 0.011363, 0.003342, 0.00245, 0.098296, 0.0, 0.0, 0.015628, 0.112798, 0.001743, 0.004304, 0.096785, 0.048643, 0.010215, 0.010488, 0.006831, 0.003826, 0.005088, 0.00609, 0.052722, 0.006244, 0.010951, 0.011869, 0.0]
[0.0, 1.0, 0.033699, 0.099989, 0.023027, 0.018258, 0.0, 0.0, 0.0, 0.016411, 0.0, 0.012637, 0.016722, 0.095412, 0.147621, 0.047258, 0.019313, 0.008088, 0.024244, 0.021551, 0.014704, 0.0, 0.0, 0.016301, 0.0, 0.037866, 0.037464, 0.037707, 0.009465, 0.037804, 0.068591, 0.016508, 0.0, 0.0, 0.0, 0.015379, 0.0, 0.018476, 0.0, 0.0, 0.0, 0.0, 0.0, 0.012949, 0.016675, 0.013776, 0.0, 0.0, 0.0, 0.016744, 0.0, 0.030744, 0.0, 0.062557, 0.014034, 0.0, 0.0, 0.039083, 0.006719, 0.0, 0.0, 0.017639, 0.079564, 0.055931, 0.074317, 0.05285, 0.050731, 0.015978, 0.046277, 0.0, 0.016542, 0.240032, 0.032602, 0.012472, 0.0, 0.018695, 0.027818, 0.0, 0.034417, 0.019708, 0.009932, 0.013767, 0.051594, 0.0, 0.012717, 0.017379, 0.050907, 0.007694]
[0.010077, 0.033699, 1.0, 0.066065, 0.257712, 0.072552, 0.0, 0.0, 0.0, 0.104146, 0.004805, 0.080195, 0.048513, 0.050844, 0.04809, 0.007663, 0.037036, 0.008339, 0.140486, 0.076482, 0.013662, 0.0, 0.0, 0.024387, 0.0, 0.01047, 0.00518, 0.022837, 0.0, 0.258188, 0.008187, 0.065597, 0.010174, 0.003586, 0.010174, 0.007928, 0.009517, 0.00691, 0.00484, 0.007441, 0.0, 0.004781, 0.0, 0.004843, 0.0, 0.088206, 0.008066, 0.003849, 0.003852, 0.006263, 0.017108, 0.0, 0.009917, 0.027512, 0.0, 0.004403, 0.01575, 0.075473, 0.010051, 0.00343, 0.0, 0.010376, 0.021749, 0.020321, 0.060331, 0.004285, 0.004473, 0.003279, 0.045751, 0.0, 0.0, 0.108386, 0.106802, 0.011662, 0.00576, 0.0, 0.089057, 0.003852, 0.050581, 0.07451, 0.00512, 0.00681, 0.060686, 0.0, 0.0, 0.040656, 0.003519, 0.01151]
[0.014131, 0.099989, 0.066065, 1.0, 0.088682, 0.033916, 0.0, 0.0, 0.018042, 0.01788, 0.0, 0.027535, 0.029972, 0.04778, 0.019823, 0.005224, 0.025248, 0.013933, 0.073019, 0.04225, 0.042372, 0.0, 0.013398, 0.014604, 0.061228, 0.0, 0.0, 0.0, 0.009653, 0.08009, 0.013262, 0.030664, 0.0, 0.03504, 0.0, 0.034868, 0.00376, 0.018843, 0.020123, 0.0, 0.119187, 0.0, 0.022189, 0.048933, 0.031944, 0.026392, 0.003187, 0.0, 0.0, 0.017077, 0.006759, 0.0, 0.003918, 0.035612, 0.065606, 0.012826, 0.0, 0.0, 0.006019, 0.0, 0.056394, 0.016808, 0.027359, 0.014556, 0.012669, 0.010367, 0.021352, 0.008722, 0.030024, 0.0, 0.016871, 0.102528, 0.084028, 0.00636, 0.0, 0.035814, 0.040833, 0.00932, 0.139804, 0.041752, 0.01362, 0.0, 0.013588, 0.0551, 0.03621, 0.058688, 0.01868, 0.0]
[0.019772, 0.023027, 0.257712, 0.088682, 1.0, 0.039705, 0.0, 0.0, 0.0, 0.007624, 0.005968, 0.005871, 0.154221, 0.180702, 0.053863, 0.065088, 0.05612, 0.020716, 0.107559, 0.083193, 0.089673, 0.0, 0.0, 0.0, 0.0, 0.013006, 0.006434, 0.009456, 0.0, 0.416279, 0.016064, 0.035899, 0.012638, 0.004454, 0.012638, 0.019696, 0.018672, 0.008584, 0.012025, 0.009243, 0.0, 0.005939, 0.0, 0.006016, 0.0, 0.109566, 0.099604, 0.099873, 0.099941, 0.007779, 0.033567, 0.0, 0.019458, 0.057209, 0.0, 0.005469, 0.019563, 0.013424, 0.0, 0.004261, 0.0, 0.020358, 0.013847, 0.012938, 0.015346, 0.010644, 0.011113, 0.008146, 0.057419, 0.0, 0.0, 0.153697, 0.242339, 0.002897, 0.007155, 0.0, 0.110623, 0.009569, 0.075623, 0.087432, 0.01272, 0.008459, 0.034883, 0.0, 0.0, 0.068706, 0.004371, 0.0]
[0.006328, 0.018258, 0.072552, 0.033916, 0.039705, 1.0, 0.0, 0.0, 0.0, 0.08152, 0.0, 0.084656, 0.199717, 0.060367, 0.051965, 0.024599, 0.059113, 0.009036, 0.130578, 0.116853, 0.010863, 0.0, 0.021297, 0.013213, 0.027551, 0.0, 0.0, 0.008249, 0.0, 0.049644, 0.02108, 0.549911, 0.0, 0.0, 0.0, 0.008591, 0.005976, 0.0, 0.028015, 0.0, 0.0, 0.0, 0.0, 0.0, 0.0, 0.0, 0.005065, 0.0, 0.0, 0.0, 0.010744, 0.0, 0.03636, 0.052499, 0.0, 0.020387, 0.0, 0.035036, 0.005446, 0.0, 0.019279, 0.083292, 0.078471, 0.137241, 0.133567, 0.044954, 0.152934, 0.003553, 0.103252, 0.0, 0.0, 0.123168, 0.030924, 0.005055, 0.0, 0.0, 0.0, 0.030093, 0.306889, 0.02588, 0.005548, 0.0, 0.028463, 0.0, 0.0, 0.178803, 0.106899, 0.006236]
[0.02572, 0.0, 0.0, 0.0, 0.0, 0.0, 1.0, 0.137122, 0.156424, 0.070869, 0.058332, 0.0, 0.0, 0.0, 0.0, 0.0, 0.0, 0.034926, 0.047104, 0.036717, 0.0, 0.0, 0.061693, 0.037008, 0.079811, 0.0, 0.0, 0.0, 0.0, 0.0, 0.0, 0.0, 0.0, 0.043532, 0.0, 0.04198, 0.0, 0.0, 0.021317, 0.0, 0.0, 0.0, 0.0, 0.0, 0.0, 0.031277, 0.0, 0.0, 0.044477, 0.0, 0.0, 0.031022, 0.0, 0.045404, 0.0, 0.026728, 0.0, 0.0, 0.025441, 0.0, 0.0, 0.0, 0.0, 0.0, 0.0, 0.0, 0.023685, 0.024085, 0.035561, 0.039402, 0.0, 0.0, 0.0, 0.0, 0.0, 0.0, 0.069546, 0.0, 0.0, 0.048405, 0.02711, 0.0, 0.0, 0.034226, 0.0, 0.0, 0.0, 0.038596]
[0.0, 0.0, 0.0, 0.0, 0.0, 0.0, 0.137122, 1.0, 0.135027, 0.0, 0.0, 0.0, 0.0, 0.0, 0.137328, 0.100391, 0.0, 0.0, 0.0, 0.0, 0.0, 0.148818, 0.166121, 0.0, 0.0, 0.0, 0.0, 0.0, 0.0, 0.0, 0.0, 0.0, 0.0, 0.0, 0.0, 0.0, 0.0, 0.0, 0.0, 0.0, 0.0, 0.0, 0.0, 0.0, 0.0, 0.0, 0.0, 0.0, 0.0, 0.0, 0.0, 0.0, 0.0, 0.0, 0.0, 0.0, 0.0, 0.0, 0.0, 0.0, 0.0, 0.0, 0.0, 0.0, 0.0, 0.0, 0.0, 0.0, 0.0, 0.0, 0.0, 0.0, 0.0, 0.0, 0.0, 0.0, 0.0, 0.0, 0.0, 0.0, 0.067081, 0.0, 0.0, 0.0, 0.0, 0.096004, 0.0, 0.051965]
[0.095757, 0.0, 0.0, 0.018042, 0.0, 0.0, 0.156424, 0.135027, 1.0, 0.0, 0.172323, 0.0, 0.0, 0.0, 0.0, 0.0, 0.0, 0.047735, 0.147799, 0.0, 0.016973, 0.0, 0.0, 0.258471, 0.0, 0.0, 0.0, 0.0, 0.0, 0.0, 0.045467, 0.0, 0.0, 0.145335, 0.0, 0.068184, 0.158417, 0.0, 0.095754, 0.0, 0.077475, 0.0, 0.043235, 0.0, 0.029107, 0.116445, 0.0, 0.0, 0.0, 0.0, 0.0, 0.030548, 0.0, 0.02093, 0.024498, 0.078958, 0.0, 0.0, 0.011728, 0.0, 0.015348, 0.0, 0.0, 0.0, 0.0, 0.014508, 0.023323, 0.0, 0.016393, 0.0388, 0.0, 0.0, 0.0, 0.0, 0.0, 0.032633, 0.154955, 0.013043, 0.0, 0.047666, 0.026696, 0.0, 0.053827, 0.127427, 0.011099, 0.0, 0.016424, 0.0]
[0.004586, 0.016411, 0.104146, 0.01788, 0.007624, 0.08152, 0.070869, 0.0, 0.0, 1.0, 0.005201, 0.435488, 0.062776, 0.033559, 0.020579, 0.0, 0.0, 0.056051, 0.164975, 0.015701, 0.003936, 0.0, 0.075147, 0.026397, 0.027521, 0.011333, 0.005607, 0.024719, 0.0, 0.034428, 0.019648, 0.073705, 0.011012, 0.003881, 0.011012, 0.0, 0.004331, 0.00748, 0.041132, 0.008055, 0.0, 0.06118, 0.0, 0.005242, 0.0, 0.0, 0.003671, 0.004167, 0.075549, 0.006779, 0.007786, 0.0, 0.004513, 0.062233, 0.0, 0.076704, 0.017048, 0.081694, 0.040312, 0.003713, 0.0, 0.024901, 0.054915, 0.033834, 0.075607, 0.0, 0.01501, 0.0, 0.015207, 0.0, 0.0, 0.057526, 0.005938, 0.012623, 0.006234, 0.0, 0.0, 0.032731, 0.038605, 0.014358, 0.0, 0.047252, 0.044113, 0.0, 0.0, 0.049177, 0.020086, 0.012459]
[0.068215, 0.0, 0.004805, 0.0, 0.005968, 0.0, 0.058332, 0.0, 0.172323, 0.005201, 1.0, 0.004005, 0.005299, 0.004982, 0.003222, 0.0, 0.0, 0.0, 0.0, 0.0, 0.003081, 0.0, 0.0, 0.092988, 0.0, 0.008872, 0.004389, 0.00645, 0.0, 0.00539, 0.002917, 0.0, 0.008621, 0.112417, 0.008621, 0.0, 0.00339, 0.005855, 0.053561, 0.006305, 0.0, 0.004052, 0.0, 0.004104, 0.0, 0.078587, 0.002874, 0.003262, 0.003264, 0.005306, 0.006095, 0.0, 0.003533, 0.0076, 0.0, 0.070887, 0.013345, 0.009157, 0.0, 0.002906, 0.0, 0.003697, 0.0, 0.0, 0.002786, 0.0, 0.0, 0.0, 0.0, 0.0, 0.0, 0.004717, 0.004648, 0.001976, 0.00488, 0.0, 0.079345, 0.0, 0.003166, 0.0, 0.0, 0.00577, 0.006907, 0.085998, 0.0, 0.0, 0.002982, 0.0]
[0.003532, 0.012637, 0.080195, 0.027535, 0.005871, 0.084656, 0.0, 0.0, 0.0, 0.435488, 0.004005, 1.0, 0.070614, 0.046781, 0.015846, 0.0, 0.0, 0.0, 0.083354, 0.01209, 0.003031, 0.0, 0.098391, 0.020326, 0.042384, 0.008727, 0.004317, 0.019035, 0.0, 0.02651, 0.027389, 0.07654, 0.00848, 0.002989, 0.00848, 0.0, 0.003335, 0.00576, 0.0, 0.006202, 0.0, 0.003985, 0.0, 0.004037, 0.0, 0.0, 0.002827, 0.003208, 0.003211, 0.00522, 0.005996, 0.105594, 0.003475, 0.007475, 0.0, 0.035033, 0.013127, 0.062906, 0.008378, 0.0518, 0.0, 0.034712, 0.07109, 0.039509, 0.069931, 0.0, 0.023116, 0.0, 0.01171, 0.0, 0.0, 0.163389, 0.004572, 0.00972, 0.004801, 0.0, 0.0, 0.0, 0.149154, 0.011056, 0.0, 0.005676, 0.033968, 0.0, 0.0, 0.075735, 0.027999, 0.050653]
[0.017556, 0.016722, 0.048513, 0.029972, 0.154221, 0.199717, 0.0, 0.0, 0.0, 0.062776, 0.005299, 0.070614, 1.0, 0.267459, 0.115883, 0.057793, 0.017962, 0.018394, 0.216091, 0.232441, 0.079623, 0.0, 0.021677, 0.026898, 0.028043, 0.011548, 0.005713, 0.025188, 0.0, 0.167344, 0.030487, 0.233019, 0.011221, 0.071658, 0.011221, 0.017489, 0.016579, 0.007622, 0.010677, 0.008207, 0.0, 0.005274, 0.0, 0.005342, 0.0, 0.0, 0.014052, 0.004246, 0.004249, 0.006907, 0.029805, 0.0, 0.017277, 0.050797, 0.0, 0.025608, 0.017371, 0.011919, 0.011086, 0.003783, 0.0, 0.038638, 0.068252, 0.045963, 0.043632, 0.009451, 0.025162, 0.007233, 0.047533, 0.101938, 0.0, 0.092471, 0.120113, 0.012862, 0.006353, 0.0, 0.0, 0.06126, 0.062056, 0.034796, 0.011294, 0.007511, 0.04495, 0.0, 0.0, 0.082438, 0.020466, 0.012695]
[0.016505, 0.095412, 0.050844, 0.04778, 0.180702, 0.060367, 0.0, 0.0, 0.0, 0.033559, 0.004982, 0.046781, 0.267459, 1.0, 0.353576, 0.205395, 0.138799, 0.017293, 0.1345, 0.093126, 0.097662, 0.0, 0.020378, 0.0, 0.026363, 0.010857, 0.005371, 0.007893, 0.0, 0.163194, 0.050251, 0.05458, 0.010549, 0.003718, 0.010549, 0.016441, 0.015586, 0.007165, 0.010038, 0.007716, 0.0, 0.004958, 0.0, 0.005022, 0.0, 0.0, 0.013211, 0.003991, 0.003994, 0.006493, 0.02802, 0.0, 0.016242, 0.07588, 0.0, 0.024074, 0.01633, 0.011205, 0.117336, 0.003557, 0.051186, 0.117822, 0.204221, 0.192399, 0.048004, 0.12944, 0.129161, 0.021719, 0.047929, 0.0, 0.0, 0.115164, 0.140737, 0.002418, 0.005972, 0.0, 0.0, 0.007988, 0.096231, 0.035775, 0.010618, 0.028416, 0.118113, 0.0, 0.0, 0.104459, 0.01924, 0.0]
[0.010673, 0.147621, 0.04809, 0.019823, 0.053863, 0.051965, 0.0, 0.137328, 0.0, 0.020579, 0.003222, 0.015846, 0.115883, 0.353576, 1.0, 0.18938, 0.073159, 0.011183, 0.115834, 0.096263, 0.030633, 0.132263, 0.147641, 0.016352, 0.0, 0.007021, 0.003473, 0.015313, 0.0, 0.065706, 0.022634, 0.046984, 0.006822, 0.034473, 0.006822, 0.062075, 0.010079, 0.066434, 0.006491, 0.00499, 0.0, 0.003206, 0.0, 0.003247, 0.0, 0.0, 0.008543, 0.002581, 0.002583, 0.060207, 0.01812, 0.0, 0.010504, 0.049071, 0.046943, 0.002952, 0.010561, 0.007246, 0.05696, 0.0023, 0.023861, 0.063694, 0.119741, 0.123731, 0.030442, 0.083708, 0.074229, 0.014046, 0.071828, 0.0, 0.0, 0.042573, 0.04195, 0.00782, 0.003862, 0.0, 0.0, 0.005166, 0.040822, 0.03203, 0.066485, 0.018376, 0.057222, 0.0, 0.0, 0.160986, 0.00236, 0.053902]
[0.005726, 0.047258, 0.007663, 0.005224, 0.065088, 0.024599, 0.0, 0.100391, 0.0, 0.0, 0.0, 0.0, 0.057793, 0.205395, 0.18938, 1.0, 0.169103, 0.019462, 0.032665, 0.037667, 0.135061, 0.096688, 0.125093, 0.0, 0.0, 0.060975, 0.0, 0.0, 0.0, 0.058782, 0.03791, 0.032605, 0.0, 0.0, 0.0, 0.007773, 0.005407, 0.0, 0.004745, 0.027766, 0.0, 0.0, 0.0, 0.018071, 0.0, 0.0, 0.004583, 0.0, 0.0, 0.0, 0.00972, 0.03172, 0.021193, 0.094504, 0.0, 0.016429, 0.0, 0.020162, 0.055471, 0.0, 0.041641, 0.130684, 0.171551, 0.180153, 0.048486, 0.134746, 0.135519, 0.15867, 0.014238, 0.0, 0.0, 0.015046, 0.050693, 0.025865, 0.021491, 0.0, 0.0, 0.053037, 0.010097, 0.052324, 0.048603, 0.020191, 0.054156, 0.0, 0.0, 0.104941, 0.0, 0.033762]
[0.006084, 0.019313, 0.037036, 0.025248, 0.05612, 0.059113, 0.0, 0.0, 0.0, 0.0, 0.0, 0.0, 0.017962, 0.138799, 0.073159, 0.169103, 1.0, 0.008688, 0.078495, 0.064568, 0.010444, 0.0, 0.0, 0.0, 0.0, 0.0, 0.0, 0.0, 0.0, 0.050683, 0.004943, 0.053446, 0.0, 0.0, 0.0, 0.00826, 0.005746, 0.0, 0.005043, 0.0, 0.0, 0.0, 0.0, 0.086377, 0.0, 0.0, 0.00487, 0.0, 0.0, 0.0, 0.01033, 0.0, 0.005988, 0.019319, 0.093614, 0.0, 0.0, 0.0, 0.117896, 0.0, 0.205803, 0.006265, 0.005807, 0.005426, 0.004722, 0.004464, 0.00466, 0.003416, 0.033027, 0.0, 0.0, 0.044357, 0.043708, 0.0, 0.0, 0.0, 0.0, 0.004013, 0.048804, 0.026421, 0.005334, 0.0, 0.084503, 0.0, 0.0, 0.102289, 0.062763, 0.0]
[0.006231, 0.008088, 0.008339, 0.013933, 0.020716, 0.009036, 0.034926, 0.0, 0.047735, 0.056051, 0.0, 0.0, 0.018394, 0.017293, 0.011183, 0.019462, 0.008688, 1.0, 0.152671, 0.005333, 0.068516, 0.0, 0.018677, 0.0, 0.0, 0.0, 0.0, 0.0, 0.007554, 0.018709, 0.005062, 0.019449, 0.0, 0.0, 0.0, 0.020732, 0.005884, 0.014745, 0.005164, 0.030216, 0.0, 0.0, 0.0, 0.03, 0.013307, 0.010994, 0.004987, 0.0, 0.035177, 0.013363, 0.010578, 0.01726, 0.006132, 0.047562, 0.0112, 0.017879, 0.0, 0.021941, 0.0, 0.0, 0.0, 0.006416, 0.034718, 0.005556, 0.051631, 0.048805, 0.063296, 0.065715, 0.015495, 0.0, 0.013201, 0.016374, 0.02784, 0.014447, 0.023388, 0.014919, 0.022201, 0.023992, 0.045543, 0.033348, 0.013389, 0.0, 0.0, 0.0, 0.010149, 0.015636, 0.0, 0.0]
[0.019114, 0.024244, 0.140486, 0.073019, 0.107559, 0.130578, 0.047104, 0.0, 0.147799, 0.164975, 0.0, 0.083354, 0.216091, 0.1345, 0.115834, 0.032665, 0.078495, 0.152671, 1.0, 0.176179, 0.023618, 0.0, 0.01414, 0.032957, 0.018292, 0.0, 0.0, 0.010953, 0.0, 0.115445, 0.01741, 0.11806, 0.0, 0.053226, 0.0, 0.025948, 0.007936, 0.0, 0.024719, 0.0, 0.0, 0.0, 0.023417, 0.0, 0.015765, 0.013025, 0.006726, 0.0, 0.047443, 0.0, 0.014266, 0.0, 0.048281, 0.081049, 0.013269, 0.013536, 0.0, 0.046524, 0.013583, 0.0, 0.033914, 0.022064, 0.04452, 0.029981, 0.054409, 0.014023, 0.016413, 0.004718, 0.085945, 0.066493, 0.0, 0.172665, 0.083771, 0.006712, 0.0, 0.017675, 0.013151, 0.012606, 0.064083, 0.060182, 0.007367, 0.0, 0.037796, 0.014253, 0.006012, 0.113866, 0.019714, 0.008281]
[0.003735, 0.021551, 0.076482, 0.04225, 0.083193, 0.116853, 0.036717, 0.0, 0.0, 0.015701, 0.0, 0.01209, 0.232441, 0.093126, 0.096263, 0.037667, 0.064568, 0.005333, 0.176179, 1.0, 0.006411, 0.0, 0.0, 0.015596, 0.0, 0.0, 0.044181, 0.009737, 0.030196, 0.091406, 0.019792, 0.100735, 0.0, 0.039256, 0.0, 0.00507, 0.003527, 0.0, 0.003096, 0.0, 0.0, 0.040785, 0.0, 0.0, 0.0, 0.0, 0.00299, 0.0, 0.0, 0.0, 0.006341, 0.020692, 0.023974, 0.054911, 0.0, 0.0, 0.0, 0.0, 0.030551, 0.0, 0.022757, 0.025084, 0.033595, 0.07944, 0.043328, 0.048137, 0.075731, 0.036514, 0.062977, 0.059107, 0.052773, 0.065755, 0.064794, 0.005966, 0.0, 0.0, 0.0, 0.046661, 0.029958, 0.047651, 0.034959, 0.0, 0.033598, 0.0, 0.0, 0.108136, 0.0, 0.007361]
[0.019756, 0.014704, 0.013662, 0.042372, 0.089673, 0.010863, 0.0, 0.0, 0.016973, 0.003936, 0.003081, 0.003031, 0.079623, 0.097662, 0.030633, 0.135061, 0.010444, 0.068516, 0.023618, 0.006411, 1.0, 0.0, 0.0, 0.013738, 0.041293, 0.006715, 0.003322, 0.004882, 0.0, 0.080985, 0.021648, 0.009822, 0.104471, 0.069783, 0.104471, 0.02313, 0.048162, 0.004432, 0.055843, 0.004772, 0.0, 0.003066, 0.020874, 0.036715, 0.061919, 0.011611, 0.008171, 0.002469, 0.00247, 0.004016, 0.017331, 0.109074, 0.010046, 0.215286, 0.048253, 0.002824, 0.0101, 0.006931, 0.024948, 0.0022, 0.078291, 0.027435, 0.038523, 0.05065, 0.02068, 0.036617, 0.018327, 0.280509, 0.206802, 0.277082, 0.317527, 0.023256, 0.069841, 0.02395, 0.003694, 0.06942, 0.05165, 0.038141, 0.015606, 0.011726, 0.035078, 0.017576, 0.021037, 0.051834, 0.076621, 0.018797, 0.010187, 0.0]
[0.0, 0.0, 0.0, 0.0, 0.0, 0.0, 0.0, 0.148818, 0.0, 0.0, 0.0, 0.0, 0.0, 0.0, 0.132263, 0.096688, 0.0, 0.0, 0.0, 0.0, 0.0, 1.0, 0.159995, 0.0, 0.0, 0.0, 0.0, 0.0, 0.0, 0.0, 0.0, 0.0, 0.0, 0.0, 0.0, 0.0, 0.0, 0.0, 0.0, 0.0, 0.254083, 0.0, 0.0, 0.0, 0.0, 0.0, 0.0, 0.0, 0.0, 0.0, 0.0, 0.0, 0.0, 0.0, 0.0, 0.0, 0.0, 0.0, 0.0, 0.0, 0.0, 0.0, 0.0, 0.0, 0.0, 0.0, 0.0, 0.0, 0.0, 0.0, 0.0, 0.0, 0.0, 0.0, 0.0, 0.0, 0.0, 0.0, 0.0, 0.0, 0.064607, 0.0, 0.0, 0.0, 0.0, 0.092463, 0.0, 0.050048]
[0.0, 0.0, 0.0, 0.013398, 0.0, 0.021297, 0.061693, 0.166121, 0.0, 0.075147, 0.0, 0.098391, 0.021677, 0.020378, 0.147641, 0.125093, 0.0, 0.018677, 0.01414, 0.0, 0.0, 0.159995, 1.0, 0.112695, 0.116607, 0.0, 0.0, 0.0, 0.0, 0.0, 0.011931, 0.036406, 0.0, 0.04979, 0.0, 0.0, 0.0, 0.0, 0.079586, 0.198685, 0.051485, 0.041968, 0.0, 0.129313, 0.0, 0.0, 0.0, 0.0, 0.0, 0.054967, 0.0, 0.113491, 0.036598, 0.129319, 0.0, 0.171472, 0.069118, 0.09182, 0.022055, 0.047629, 0.0, 0.015121, 0.028031, 0.013095, 0.011398, 0.05991, 0.039733, 0.029375, 0.0, 0.0, 0.179298, 0.115898, 0.0, 0.014401, 0.153786, 0.0, 0.0, 0.024528, 0.025898, 0.029107, 0.072119, 0.05977, 0.0, 0.0, 0.033023, 0.140066, 0.012197, 0.142242]
[0.057007, 0.016301, 0.024387, 0.014604, 0.0, 0.013213, 0.037008, 0.0, 0.258471, 0.026397, 0.092988, 0.020326, 0.026898, 0.0, 0.016352, 0.0, 0.0, 0.0, 0.032957, 0.015596, 0.013738, 0.0, 0.112695, 1.0, 0.0, 0.0, 0.0, 0.016369, 0.0, 0.027358, 0.0, 0.011946, 0.0, 0.08294, 0.0, 0.021729, 0.0, 0.0, 0.060514, 0.095749, 0.068244, 0.0, 0.034995, 0.062317, 0.02356, 0.069323, 0.0, 0.0, 0.0, 0.072859, 0.0, 0.054693, 0.048511, 0.016941, 0.019829, 0.099262, 0.091616, 0.0, 0.020299, 0.0, 0.012423, 0.0, 0.017391, 0.016249, 0.014143, 0.011743, 0.037756, 0.0, 0.028374, 0.0, 0.079608, 0.0, 0.0, 0.010031, 0.074111, 0.026414, 0.069992, 0.010557, 0.0, 0.052843, 0.0, 0.039613, 0.035054, 0.075861, 0.008984, 0.0, 0.013294, 0.012375]
[0.0, 0.0, 0.0, 0.061228, 0.0, 0.027551, 0.079811, 0.0, 0.0, 0.027521, 0.0, 0.042384, 0.028043, 0.026363, 0.0, 0.0, 0.0, 0.0, 0.018292, 0.0, 0.041293, 0.0, 0.116607, 0.0, 1.0, 0.0, 0.0, 0.0, 0.0, 0.0, 0.015435, 0.02491, 0.0, 0.040715, 0.0, 0.0, 0.0, 0.0, 0.0, 0.0, 0.0, 0.0, 0.0, 0.054993, 0.0, 0.0, 0.0, 0.0, 0.0, 0.0, 0.0, 0.0, 0.0, 0.0, 0.059601, 0.019743, 0.0, 0.0, 0.0, 0.0, 0.074681, 0.019562, 0.036264, 0.016941, 0.014745, 0.0, 0.014551, 0.0, 0.0, 0.0, 0.0, 0.049926, 0.0, 0.0, 0.0, 0.0, 0.0, 0.0, 0.033504, 0.0, 0.0, 0.0, 0.0, 0.064024, 0.027004, 0.047675, 0.015779, 0.060049]
[0.007824, 0.037866, 0.01047, 0.0, 0.013006, 0.0, 0.0, 0.0, 0.0, 0.011333, 0.008872, 0.008727, 0.011548, 0.010857, 0.007021, 0.060975, 0.0, 0.0, 0.0, 0.0, 0.006715, 0.0, 0.0, 0.0, 0.0, 1.0, 0.26762, 0.05208, 0.0, 0.011746, 0.006356, 0.0, 0.018786, 0.006621, 0.018786, 0.0, 0.007388, 0.012759, 0.0, 0.01374, 0.0, 0.008829, 0.0, 0.008943, 0.0, 0.0, 0.006262, 0.007108, 0.007113, 0.011564, 0.013282, 0.042464, 0.007699, 0.061361, 0.0, 0.00813, 0.029081, 0.140472, 0.0, 0.006333, 0.0, 0.008056, 0.0, 0.0, 0.006072, 0.0, 0.0, 0.052183, 0.035088, 0.0, 0.0, 0.01028, 0.01013, 0.033027, 0.010635, 0.0, 0.0, 0.0, 0.006899, 0.0, 0.0, 0.054501, 0.065234, 0.0, 0.0, 0.0, 0.120144, 0.0]
[0.00387, 0.037464, 0.00518, 0.0, 0.006434, 0.0, 0.0, 0.0, 0.0, 0.005607, 0.004389, 0.004317, 0.005713, 0.005371, 0.003473, 0.0, 0.0, 0.0, 0.0, 0.044181, 0.003322, 0.0, 0.0, 0.0, 0.0, 0.26762, 1.0, 0.044574, 0.043129, 0.005811, 0.003144, 0.0, 0.009293, 0.003275, 0.009293, 0.0, 0.003655, 0.006312, 0.0, 0.006797, 0.0, 0.06262, 0.0, 0.004424, 0.0, 0.0, 0.003098, 0.003516, 0.003519, 0.176218, 0.006571, 0.042013, 0.003809, 0.052517, 0.0, 0.004022, 0.014386, 0.129109, 0.0, 0.003133, 0.0, 0.003985, 0.0, 0.0, 0.092534, 0.0, 0.0, 0.0, 0.034716, 0.0, 0.075376, 0.005085, 0.005011, 0.030545, 0.005261, 0.0, 0.0, 0.0, 0.003413, 0.0, 0.045256, 0.047702, 0.057096, 0.0, 0.0, 0.064768, 0.115654, 0.0]
[0.005688, 0.037707, 0.022837, 0.0, 0.009456, 0.008249, 0.0, 0.0, 0.0, 0.024719, 0.00645, 0.019035, 0.025188, 0.007893, 0.015313, 0.0, 0.0, 0.0, 0.010953, 0.009737, 0.004882, 0.0, 0.0, 0.016369, 0.0, 0.05208, 0.044574, 1.0, 0.0, 0.025619, 0.004621, 0.007458, 0.013658, 0.004814, 0.013658, 0.0, 0.005372, 0.051021, 0.0, 0.054943, 0.035435, 0.035304, 0.055961, 0.035759, 0.0, 0.0, 0.025041, 0.028422, 0.028442, 0.046239, 0.009657, 0.030873, 0.005598, 0.044612, 0.0, 0.005911, 0.021143, 0.053754, 0.006747, 0.004605, 0.0, 0.005857, 0.010857, 0.010144, 0.013244, 0.0, 0.0, 0.0, 0.034941, 0.0, 0.0, 0.007474, 0.007365, 0.056054, 0.007732, 0.0, 0.0, 0.0, 0.005016, 0.008904, 0.0, 0.009142, 0.032826, 0.0, 0.0, 0.0, 0.055844, 0.007726]
[0.0, 0.009465, 0.0, 0.009653, 0.0, 0.0, 0.0, 0.0, 0.0, 0.0, 0.0, 0.0, 0.0, 0.0, 0.0, 0.0, 0.0, 0.007554, 0.0, 0.030196, 0.0, 0.0, 0.0, 0.0, 0.0, 0.0, 0.043129, 0.0, 1.0, 0.0, 0.0, 0.0, 0.0, 0.0, 0.0, 0.014364, 0.0, 0.017256, 0.0, 0.0, 0.0, 0.039814, 0.0, 0.012094, 0.015574, 0.012867, 0.0, 0.0, 0.0, 0.015639, 0.0, 0.0, 0.077589, 0.011199, 0.013108, 0.0, 0.0, 0.0, 0.0, 0.0, 0.0, 0.0, 0.0, 0.0, 0.0, 0.0, 0.008104, 0.00594, 0.0, 0.0, 0.066967, 0.0, 0.0137, 0.005824, 0.0, 0.01746, 0.025982, 0.0, 0.00933, 0.0, 0.040207, 0.0, 0.0, 0.0, 0.011878, 0.14319, 0.0, 0.0]
[0.017857, 0.037804, 0.258188, 0.08009, 0.416279, 0.049644, 0.0, 0.0, 0.0, 0.034428, 0.00539, 0.02651, 0.167344, 0.163194, 0.065706, 0.058782, 0.050683, 0.018709, 0.115445, 0.091406, 0.080985, 0.0, 0.0, 0.027358, 0.0, 0.011746, 0.005811, 0.025619, 0.0, 1.0, 0.014507, 0.044885, 0.011413, 0.004023, 0.011413, 0.017788, 0.016863, 0.007752, 0.01086, 0.008348, 0.0, 0.005364, 0.0, 0.005433, 0.0, 0.098951, 0.014293, 0.004318, 0.004321, 0.007025, 0.030315, 0.0, 0.017573, 0.051666, 0.0, 0.004939, 0.017668, 0.012123, 0.011276, 0.003848, 0.0, 0.018386, 0.030651, 0.028638, 0.028615, 0.009613, 0.010036, 0.007357, 0.067616, 0.0, 0.0, 0.138806, 0.21886, 0.013082, 0.006461, 0.0, 0.099905, 0.008642, 0.068296, 0.093841, 0.011488, 0.007639, 0.068079, 0.0, 0.0, 0.062049, 0.003948, 0.012913]
[0.067235, 0.068591, 0.008187, 0.013262, 0.016064, 0.02108, 0.0, 0.0, 0.045467, 0.019648, 0.002917, 0.027389, 0.030487, 0.050251, 0.022634, 0.03791, 0.004943, 0.005062, 0.01741, 0.019792, 0.021648, 0.0, 0.011931, 0.0, 0.015435, 0.006356, 0.003144, 0.004621, 0.0, 0.014507, 1.0, 0.01906, 0.006176, 0.002177, 0.006176, 0.004813, 0.005777, 0.004195, 0.002938, 0.004517, 0.070816, 0.002903, 0.0, 0.00294, 0.0, 0.0, 0.032357, 0.002337, 0.002338, 0.003802, 0.010386, 0.019642, 0.025289, 0.033169, 0.0, 0.253104, 0.009561, 0.006561, 0.0, 0.002082, 0.0, 0.169395, 0.105491, 0.202748, 0.18931, 0.093694, 0.118501, 0.021718, 0.008817, 0.0, 0.0, 0.142315, 0.091642, 0.001416, 0.003497, 0.0, 0.0, 0.015252, 0.027904, 0.00555, 0.003108, 0.016637, 0.069114, 0.0, 0.0, 0.036478, 0.011265, 0.0]
[0.005722, 0.016508, 0.065597, 0.030664, 0.035899, 0.549911, 0.0, 0.0, 0.0, 0.073705, 0.0, 0.07654, 0.233019, 0.05458, 0.046984, 0.032605, 0.053446, 0.019449, 0.11806, 0.100735, 0.009822, 0.0, 0.036406, 0.011946, 0.02491, 0.0, 0.0, 0.007458, 0.0, 0.044885, 0.01906, 1.0, 0.0, 0.0, 0.0, 0.007767, 0.005403, 0.0, 0.004742, 0.027747, 0.0, 0.0, 0.0, 0.018059, 0.0, 0.0, 0.00458, 0.0, 0.0, 0.0, 0.009714, 0.015849, 0.032874, 0.064188, 0.0, 0.034851, 0.0, 0.051826, 0.004924, 0.0, 0.017431, 0.024155, 0.047242, 0.065128, 0.120481, 0.004198, 0.049583, 0.020953, 0.093354, 0.0, 0.0, 0.111361, 0.027959, 0.013267, 0.021477, 0.0, 0.0, 0.050642, 0.059273, 0.071817, 0.005016, 0.0, 0.025735, 0.0, 0.0, 0.161662, 0.096651, 0.005638]
[0.007602, 0.0, 0.010174, 0.0, 0.012638, 0.0, 0.0, 0.0, 0.0, 0.011012, 0.008621, 0.00848, 0.011221, 0.010549, 0.006822, 0.0, 0.0, 0.0, 0.0, 0.0, 0.104471, 0.0, 0.0, 0.0, 0.0, 0.018786, 0.009293, 0.013658, 0.0, 0.011413, 0.006176, 0.0, 1.0, 0.199583, 1.0, 0.0, 0.222717, 0.012398, 0.244289, 0.013351, 0.0, 0.008579, 0.0, 0.008689, 0.0, 0.0, 0.006085, 0.006907, 0.006911, 0.179905, 0.012906, 0.0, 0.007481, 0.016092, 0.0, 0.0079, 0.240349, 0.019389, 0.0, 0.006154, 0.0, 0.007827, 0.0, 0.0, 0.0059, 0.0, 0.0, 0.0, 0.0, 0.0, 0.0, 0.009989, 0.009843, 0.004185, 0.010334, 0.0, 0.0, 0.0, 0.006703, 0.0, 0.0, 0.012218, 0.014624, 0.0, 0.0, 0.0, 0.006314, 0.0]
[0.060321, 0.0, 0.003586, 0.03504, 0.004454, 0.0, 0.043532, 0.0, 0.145335, 0.003881, 0.112417, 0.002989, 0.071658, 0.003718, 0.034473, 0.0, 0.0, 0.0, 0.053226, 0.039256, 0.069783, 0.0, 0.04979, 0.08294, 0.040715, 0.006621, 0.003275, 0.004814, 0.0, 0.004023, 0.002177, 0.0, 0.199583, 1.0, 0.199583, 0.123557, 0.078495, 0.06265, 0.193112, 0.004705, 0.0, 0.106542, 0.020582, 0.036201, 0.013856, 0.070095, 0.002145, 0.002434, 0.002436, 0.116224, 0.004549, 0.0, 0.002637, 0.064179, 0.091847, 0.052901, 0.084709, 0.006834, 0.005583, 0.039299, 0.052309, 0.097212, 0.087549, 0.0, 0.002079, 0.040556, 0.0, 0.0, 0.113467, 0.058443, 0.0, 0.00352, 0.003469, 0.001475, 0.003642, 0.015535, 0.070771, 0.036459, 0.002363, 0.0, 0.0, 0.004306, 0.005154, 0.115287, 0.092122, 0.0, 0.010044, 0.0]
[0.007602, 0.0, 0.010174, 0.0, 0.012638, 0.0, 0.0, 0.0, 0.0, 0.011012, 0.008621, 0.00848, 0.011221, 0.010549, 0.006822, 0.0, 0.0, 0.0, 0.0, 0.0, 0.104471, 0.0, 0.0, 0.0, 0.0, 0.018786, 0.009293, 0.013658, 0.0, 0.011413, 0.006176, 0.0, 1.0, 0.199583, 1.0, 0.0, 0.222717, 0.012398, 0.244289, 0.013351, 0.0, 0.008579, 0.0, 0.008689, 0.0, 0.0, 0.006085, 0.006907, 0.006911, 0.179905, 0.012906, 0.0, 0.007481, 0.016092, 0.0, 0.0079, 0.240349, 0.019389, 0.0, 0.006154, 0.0, 0.007827, 0.0, 0.0, 0.0059, 0.0, 0.0, 0.0, 0.0, 0.0, 0.0, 0.009989, 0.009843, 0.004185, 0.010334, 0.0, 0.0, 0.0, 0.006703, 0.0, 0.0, 0.012218, 0.014624, 0.0, 0.0, 0.0, 0.006314, 0.0]
[0.021026, 0.015379, 0.007928, 0.034868, 0.019696, 0.008591, 0.04198, 0.0, 0.068184, 0.0, 0.0, 0.0, 0.017489, 0.016441, 0.062075, 0.007773, 0.00826, 0.020732, 0.025948, 0.00507, 0.02313, 0.0, 0.0, 0.021729, 0.0, 0.0, 0.0, 0.0, 0.014364, 0.017788, 0.004813, 0.007767, 0.0, 0.123557, 0.0, 1.0, 0.005594, 0.469839, 0.029942, 0.0, 0.0, 0.0, 0.033016, 0.019651, 0.047532, 0.03927, 0.004742, 0.0, 0.0, 0.236466, 0.010057, 0.046655, 0.00583, 0.052988, 0.111019, 0.0, 0.0, 0.0, 0.008956, 0.059562, 0.011721, 0.0061, 0.005654, 0.005283, 0.004598, 0.069404, 0.053327, 0.012978, 0.14562, 0.05926, 0.025103, 0.015568, 0.037599, 0.009463, 0.0, 0.05329, 0.117858, 0.062393, 0.025607, 0.082072, 0.173346, 0.0, 0.0, 0.020096, 0.027775, 0.014866, 0.012542, 0.0]
[0.078152, 0.0, 0.009517, 0.00376, 0.018672, 0.005976, 0.0, 0.0, 0.158417, 0.004331, 0.00339, 0.003335, 0.016579, 0.015586, 0.010079, 0.005407, 0.005746, 0.005884, 0.007936, 0.003527, 0.048162, 0.0, 0.0, 0.0, 0.0, 0.007388, 0.003655, 0.005372, 0.0, 0.016863, 0.005777, 0.005403, 0.222717, 0.078495, 0.222717, 0.005594, 1.0, 0.004876, 0.099493, 0.068092, 0.0, 0.244878, 0.0, 0.003417, 0.0, 0.0, 0.005692, 0.002716, 0.002718, 0.070756, 0.012072, 0.0, 0.006998, 0.019414, 0.044326, 0.003107, 0.094528, 0.007626, 0.0, 0.00242, 0.0, 0.007322, 0.003933, 0.003675, 0.005519, 0.003023, 0.003156, 0.042198, 0.010248, 0.0, 0.0, 0.014758, 0.014542, 0.001646, 0.004064, 0.0, 0.0, 0.026317, 0.009904, 0.034456, 0.003613, 0.004805, 0.040168, 0.047616, 0.039873, 0.010341, 0.002483, 0.0]
[0.005163, 0.018476, 0.00691, 0.018843, 0.008584, 0.0, 0.0, 0.0, 0.0, 0.00748, 0.005855, 0.00576, 0.007622, 0.007165, 0.066434, 0.0, 0.0, 0.014745, 0.0, 0.0, 0.004432, 0.0, 0.0, 0.0, 0.0, 0.012759, 0.006312, 0.051021, 0.017256, 0.007752, 0.004195, 0.0, 0.012398, 0.06265, 0.012398, 0.469839, 0.004876, 1.0, 0.0, 0.09068, 0.064333, 0.058267, 0.101598, 0.082626, 0.030399, 0.025116, 0.041329, 0.04691, 0.046942, 0.360394, 0.008766, 0.0, 0.005081, 0.032789, 0.110898, 0.005366, 0.019192, 0.013169, 0.0, 0.00418, 0.0, 0.005316, 0.0, 0.0, 0.004007, 0.0, 0.015819, 0.011595, 0.142203, 0.0, 0.030158, 0.006784, 0.033426, 0.014211, 0.007019, 0.034082, 0.050716, 0.0, 0.022764, 0.0, 0.018107, 0.008298, 0.009933, 0.0, 0.023184, 0.0, 0.004288, 0.0]
[0.147412, 0.0, 0.00484, 0.020123, 0.012025, 0.028015, 0.021317, 0.0, 0.095754, 0.041132, 0.053561, 0.0, 0.010677, 0.010038, 0.006491, 0.004745, 0.005043, 0.005164, 0.024719, 0.003096, 0.055843, 0.0, 0.079586, 0.060514, 0.0, 0.0, 0.0, 0.0, 0.0, 0.01086, 0.002938, 0.004742, 0.244289, 0.193112, 0.244289, 0.029942, 0.099493, 0.0, 1.0, 0.0, 0.0, 0.032042, 0.211306, 0.0, 0.085119, 0.099043, 0.002895, 0.0, 0.0, 0.0, 0.00614, 0.078458, 0.003559, 0.108595, 0.022843, 0.108275, 0.096983, 0.066547, 0.051135, 0.0, 0.014311, 0.068393, 0.033423, 0.031228, 0.051553, 0.062259, 0.074929, 0.002031, 0.02428, 0.0, 0.0, 0.009505, 0.009366, 0.0, 0.0, 0.095431, 0.051636, 0.033274, 0.006378, 0.005661, 0.003171, 0.022817, 0.0, 0.055966, 0.035562, 0.009076, 0.015315, 0.0]
[0.00556, 0.0, 0.007441, 0.0, 0.009243, 0.0, 0.0, 0.0, 0.0, 0.008055, 0.006305, 0.006202, 0.008207, 0.007716, 0.00499, 0.027766, 0.0, 0.030216, 0.0, 0.0, 0.004772, 0.0, 0.198685, 0.095749, 0.0, 0.01374, 0.006797, 0.054943, 0.0, 0.008348, 0.004517, 0.027747, 0.013351, 0.004705, 0.013351, 0.0, 0.068092, 0.09068, 0.0, 1.0, 0.252177, 0.137838, 0.398248, 0.272762, 0.0, 0.0, 0.044506, 0.050516, 0.05055, 0.082181, 0.233731, 0.18361, 0.005472, 0.056565, 0.082434, 0.195978, 0.020668, 0.162731, 0.0, 0.004501, 0.0, 0.005725, 0.0, 0.0, 0.004315, 0.0, 0.0, 0.047525, 0.0, 0.0, 0.097165, 0.007306, 0.007199, 0.026359, 0.435948, 0.0, 0.0, 0.043887, 0.004903, 0.052081, 0.0, 0.008936, 0.0747, 0.088552, 0.0, 0.0, 0.004618, 0.0]
[0.0, 0.0, 0.0, 0.119187, 0.0, 0.0, 0.0, 0.0, 0.077475, 0.0, 0.0, 0.0, 0.0, 0.0, 0.0, 0.0, 0.0, 0.0, 0.0, 0.0, 0.0, 0.254083, 0.051485, 0.068244, 0.0, 0.0, 0.0, 0.035435, 0.0, 0.0, 0.070816, 0.0, 0.0, 0.0, 0.0, 0.0, 0.0, 0.064333, 0.0, 0.252177, 1.0, 0.044515, 0.313931, 0.045089, 0.0, 0.0, 0.031575, 0.035838, 0.035863, 0.128403, 0.0, 0.0, 0.046674, 0.0, 0.0, 0.0, 0.088146, 0.0, 0.0, 0.0, 0.0, 0.0, 0.0, 0.0, 0.0, 0.0, 0.036326, 0.0, 0.0, 0.0, 0.0, 0.0, 0.0, 0.0, 0.0, 0.0, 0.0, 0.0, 0.0, 0.03712, 0.0, 0.038113, 0.083837, 0.0, 0.0, 0.0, 0.0, 0.0]
[0.003573, 0.0, 0.004781, 0.0, 0.005939, 0.0, 0.0, 0.0, 0.0, 0.06118, 0.004052, 0.003985, 0.005274, 0.004958, 0.003206, 0.0, 0.0, 0.0, 0.0, 0.040785, 0.003066, 0.0, 0.041968, 0.0, 0.0, 0.008829, 0.06262, 0.035304, 0.039814, 0.005364, 0.002903, 0.0, 0.008579, 0.106542, 0.008579, 0.0, 0.244878, 0.058267, 0.032042, 0.137838, 0.044515, 1.0, 0.0703, 0.040838, 0.0, 0.0, 0.028597, 0.032459, 0.032481, 0.052806, 0.006066, 0.0, 0.003516, 0.04848, 0.052968, 0.043888, 0.01328, 0.009112, 0.022928, 0.002892, 0.0, 0.066654, 0.058372, 0.0, 0.002773, 0.0, 0.0, 0.0, 0.0507, 0.0, 0.069581, 0.004694, 0.004626, 0.001967, 0.004857, 0.0, 0.0, 0.053698, 0.00315, 0.033465, 0.041777, 0.036809, 0.047999, 0.056899, 0.0, 0.059789, 0.002967, 0.0]
[0.024321, 0.0, 0.0, 0.022189, 0.0, 0.0, 0.0, 0.0, 0.043235, 0.0, 0.0, 0.0, 0.0, 0.0, 0.0, 0.0, 0.0, 0.0, 0.023417, 0.0, 0.020874, 0.0, 0.0, 0.034995, 0.0, 0.0, 0.0, 0.055961, 0.0, 0.0, 0.0, 0.0, 0.0, 0.020582, 0.0, 0.033016, 0.0, 0.101598, 0.211306, 0.398248, 0.313931, 0.0703, 1.0, 0.071207, 0.035797, 0.029576, 0.049864, 0.056598, 0.056636, 0.092076, 0.0, 0.0, 0.0, 0.025741, 0.030129, 0.0, 0.0, 0.0, 0.014423, 0.0, 0.018876, 0.0, 0.0, 0.0, 0.0, 0.017843, 0.0, 0.0, 0.020161, 0.0, 0.0, 0.0, 0.0, 0.0, 0.0, 0.040134, 0.029861, 0.01604, 0.0, 0.0, 0.0, 0.0, 0.0, 0.032365, 0.013651, 0.0, 0.0202, 0.0]
[0.003619, 0.012949, 0.004843, 0.048933, 0.006016, 0.0, 0.0, 0.0, 0.0, 0.005242, 0.004104, 0.004037, 0.005342, 0.005022, 0.003247, 0.018071, 0.086377, 0.03, 0.0, 0.0, 0.036715, 0.0, 0.129313, 0.062317, 0.054993, 0.008943, 0.004424, 0.035759, 0.012094, 0.005433, 0.00294, 0.018059, 0.008689, 0.036201, 0.008689, 0.019651, 0.003417, 0.082626, 0.0, 0.272762, 0.045089, 0.040838, 0.071207, 1.0, 0.021306, 0.017603, 0.028966, 0.032878, 0.0329, 0.074882, 0.006144, 0.119501, 0.003561, 0.052135, 0.143187, 0.12755, 0.013451, 0.105912, 0.0, 0.00293, 0.156946, 0.003726, 0.0, 0.0, 0.002809, 0.0, 0.011087, 0.039058, 0.0, 0.0, 0.084376, 0.004755, 0.023427, 0.025123, 0.166849, 0.023887, 0.035545, 0.0, 0.015955, 0.0, 0.012691, 0.005816, 0.006962, 0.05211, 0.038228, 0.0, 0.054458, 0.0]
[0.086327, 0.016675, 0.0, 0.031944, 0.0, 0.0, 0.0, 0.0, 0.029107, 0.0, 0.0, 0.0, 0.0, 0.0, 0.0, 0.0, 0.0, 0.013307, 0.015765, 0.0, 0.061919, 0.0, 0.0, 0.02356, 0.0, 0.0, 0.0, 0.0, 0.015574, 0.0, 0.0, 0.0, 0.0, 0.013856, 0.0, 0.047532, 0.0, 0.030399, 0.085119, 0.0, 0.0, 0.0, 0.035797, 0.021306, 1.0, 0.353031, 0.0, 0.0, 0.0, 0.02755, 0.0, 0.0, 0.0, 0.037057, 0.043375, 0.0, 0.0, 0.0, 0.08427, 0.0, 0.055991, 0.0, 0.0, 0.0, 0.0, 0.012012, 0.014277, 0.010465, 0.013573, 0.0, 0.027218, 0.0, 0.024134, 0.010261, 0.188804, 0.571093, 0.361906, 0.010799, 0.016436, 0.0, 0.065234, 0.0, 0.0, 0.021789, 0.124019, 0.0, 0.013599, 0.0]
[0.105974, 0.013776, 0.088206, 0.026392, 0.109566, 0.0, 0.031277, 0.0, 0.116445, 0.0, 0.078587, 0.0, 0.0, 0.0, 0.0, 0.0, 0.0, 0.010994, 0.013025, 0.0, 0.011611, 0.0, 0.0, 0.069323, 0.0, 0.0, 0.0, 0.0, 0.012867, 0.098951, 0.0, 0.0, 0.0, 0.070095, 0.0, 0.03927, 0.0, 0.025116, 0.099043, 0.0, 0.0, 0.0, 0.029576, 0.017603, 0.353031, 1.0, 0.0, 0.0, 0.0, 0.022762, 0.0, 0.0, 0.0, 0.030617, 0.035836, 0.036008, 0.0, 0.0, 0.042298, 0.0, 0.010499, 0.0, 0.0, 0.0, 0.0, 0.009924, 0.011795, 0.008646, 0.011214, 0.0, 0.022487, 0.0, 0.019939, 0.008477, 0.0, 0.395799, 0.365898, 0.008922, 0.013579, 0.0, 0.013501, 0.0, 0.0, 0.064112, 0.02488, 0.0, 0.011235, 0.0]
[0.006027, 0.0, 0.008066, 0.003187, 0.099604, 0.005065, 0.0, 0.0, 0.0, 0.003671, 0.002874, 0.002827, 0.014052, 0.013211, 0.008543, 0.004583, 0.00487, 0.004987, 0.006726, 0.00299, 0.008171, 0.0, 0.0, 0.0, 0.0, 0.006262, 0.003098, 0.025041, 0.0, 0.014293, 0.032357, 0.00458, 0.006085, 0.002145, 0.006085, 0.004742, 0.005692, 0.041329, 0.002895, 0.044506, 0.031575, 0.028597, 0.049864, 0.028966, 0.0, 0.0, 1.0, 0.675553, 0.552602, 0.037455, 0.010232, 0.0, 0.005931, 0.016455, 0.0, 0.002633, 0.00942, 0.006463, 0.0, 0.002051, 0.0, 0.006206, 0.035592, 0.033254, 0.03091, 0.027359, 0.028563, 0.001961, 0.008686, 0.0, 0.0, 0.012509, 0.012326, 0.029136, 0.003445, 0.0, 0.0, 0.002304, 0.008394, 0.005468, 0.003062, 0.004073, 0.004875, 0.0, 0.0, 0.008765, 0.002105, 0.0]
[0.002876, 0.0, 0.003849, 0.0, 0.099873, 0.0, 0.0, 0.0, 0.0, 0.004167, 0.003262, 0.003208, 0.004246, 0.003991, 0.002581, 0.0, 0.0, 0.0, 0.0, 0.0, 0.002469, 0.0, 0.0, 0.0, 0.0, 0.007108, 0.003516, 0.028422, 0.0, 0.004318, 0.002337, 0.0, 0.006907, 0.002434, 0.006907, 0.0, 0.002716, 0.04691, 0.0, 0.050516, 0.035838, 0.032459, 0.056598, 0.032878, 0.0, 0.0, 0.675553, 1.0, 0.689361, 0.042513, 0.004883, 0.0, 0.002831, 0.006089, 0.0, 0.002989, 0.010692, 0.007336, 0.0, 0.002328, 0.0, 0.002962, 0.0, 0.0, 0.002232, 0.0, 0.0, 0.0, 0.0, 0.0, 0.0, 0.003779, 0.003724, 0.03307, 0.00391, 0.0, 0.0, 0.0, 0.002536, 0.0, 0.0, 0.004623, 0.005533, 0.0, 0.0, 0.0, 0.002389, 0.0]
[0.002878, 0.0, 0.003852, 0.0, 0.099941, 0.0, 0.044477, 0.0, 0.0, 0.075549, 0.003264, 0.003211, 0.004249, 0.003994, 0.002583, 0.0, 0.0, 0.035177, 0.047443, 0.0, 0.00247, 0.0, 0.0, 0.0, 0.0, 0.007113, 0.003519, 0.028442, 0.0, 0.004321, 0.002338, 0.0, 0.006911, 0.002436, 0.006911, 0.0, 0.002718, 0.046942, 0.0, 0.05055, 0.035863, 0.032481, 0.056636, 0.0329, 0.0, 0.0, 0.552602, 0.689361, 1.0, 0.042542, 0.004887, 0.0, 0.002833, 0.006093, 0.0, 0.002991, 0.010699, 0.007341, 0.0, 0.00233, 0.0, 0.002964, 0.0, 0.0, 0.002234, 0.0, 0.0, 0.0, 0.0, 0.0, 0.0, 0.003782, 0.003727, 0.033093, 0.003913, 0.0, 0.0, 0.0, 0.002538, 0.0, 0.0, 0.004626, 0.005537, 0.0, 0.0, 0.0, 0.002391, 0.0]
[0.004679, 0.016744, 0.006263, 0.017077, 0.007779, 0.0, 0.0, 0.0, 0.0, 0.006779, 0.005306, 0.00522, 0.006907, 0.006493, 0.060207, 0.0, 0.0, 0.013363, 0.0, 0.0, 0.004016, 0.0, 0.054967, 0.072859, 0.0, 0.011564, 0.176218, 0.046239, 0.015639, 0.007025, 0.003802, 0.0, 0.179905, 0.116224, 0.179905, 0.236466, 0.070756, 0.360394, 0.0, 0.082181, 0.128403, 0.052806, 0.092076, 0.074882, 0.02755, 0.022762, 0.037455, 0.042513, 0.042542, 1.0, 0.007944, 0.0, 0.054436, 0.029716, 0.100504, 0.004863, 0.242053, 0.011935, 0.0, 0.003788, 0.0, 0.004818, 0.0, 0.0, 0.003632, 0.0, 0.05312, 0.010509, 0.128875, 0.0, 0.027331, 0.006149, 0.030293, 0.012879, 0.006361, 0.030888, 0.045963, 0.0, 0.020631, 0.03963, 0.01641, 0.048211, 0.009002, 0.0, 0.021012, 0.0, 0.003886, 0.0]
[0.012784, 0.0, 0.017108, 0.006759, 0.033567, 0.010744, 0.0, 0.0, 0.0, 0.007786, 0.006095, 0.005996, 0.029805, 0.02802, 0.01812, 0.00972, 0.01033, 0.010578, 0.014266, 0.006341, 0.017331, 0.0, 0.0, 0.0, 0.0, 0.013282, 0.006571, 0.009657, 0.0, 0.030315, 0.010386, 0.009714, 0.012906, 0.004549, 0.012906, 0.010057, 0.012072, 0.008766, 0.00614, 0.233731, 0.0, 0.006066, 0.0, 0.006144, 0.0, 0.0, 0.010232, 0.004883, 0.004887, 0.007944, 1.0, 0.0, 0.01258, 0.034901, 0.0, 0.005586, 0.019979, 0.013709, 0.0, 0.004351, 0.0, 0.013163, 0.007071, 0.006606, 0.009922, 0.005435, 0.005674, 0.004159, 0.018424, 0.0, 0.0, 0.026531, 0.026143, 0.002959, 0.180912, 0.0, 0.0, 0.004886, 0.017805, 0.011597, 0.006495, 0.008639, 0.01034, 0.0, 0.0, 0.018591, 0.004464, 0.0]
[0.0, 0.030744, 0.0, 0.0, 0.0, 0.0, 0.031022, 0.0, 0.030548, 0.0, 0.0, 0.105594, 0.0, 0.0, 0.0, 0.03172, 0.0, 0.01726, 0.0, 0.020692, 0.109074, 0.0, 0.113491, 0.054693, 0.0, 0.042464, 0.042013, 0.030873, 0.0, 0.0, 0.019642, 0.015849, 0.0, 0.0, 0.0, 0.046655, 0.0, 0.0, 0.078458, 0.18361, 0.0, 0.0, 0.0, 0.119501, 0.0, 0.0, 0.0, 0.0, 0.0, 0.0, 0.0, 1.0, 0.098057, 0.186666, 0.0, 0.108644, 0.0, 0.128681, 0.0, 0.0, 0.0, 0.024893, 0.023074, 0.021558, 0.037528, 0.05321, 0.063358, 0.135851, 0.098719, 0.151744, 0.179212, 0.0, 0.0, 0.013308, 0.142117, 0.0, 0.042196, 0.078379, 0.0, 0.053797, 0.03013, 0.0, 0.0, 0.0, 0.0, 0.0, 0.057088, 0.0]
[0.00741, 0.0, 0.009917, 0.003918, 0.019458, 0.03636, 0.0, 0.0, 0.0, 0.004513, 0.003533, 0.003475, 0.017277, 0.016242, 0.010504, 0.021193, 0.005988, 0.006132, 0.048281, 0.023974, 0.010046, 0.0, 0.036598, 0.048511, 0.0, 0.007699, 0.003809, 0.005598, 0.077589, 0.017573, 0.025289, 0.032874, 0.007481, 0.002637, 0.007481, 0.00583, 0.006998, 0.005081, 0.003559, 0.005472, 0.046674, 0.003516, 0.0, 0.003561, 0.0, 0.0, 0.005931, 0.002831, 0.002833, 0.054436, 0.01258, 0.098057, 1.0, 0.142564, 0.0, 0.003238, 0.07424, 0.007947, 0.0, 0.002522, 0.0, 0.03205, 0.026734, 0.024978, 0.042565, 0.055349, 0.065443, 0.015726, 0.045127, 0.0, 0.0, 0.069982, 0.015154, 0.001715, 0.004235, 0.0, 0.0, 0.018474, 0.010321, 0.033109, 0.003765, 0.0321, 0.005994, 0.0, 0.052122, 0.010777, 0.002588, 0.0]
[0.032331, 0.062557, 0.027512, 0.035612, 0.057209, 0.052499, 0.045404, 0.0, 0.02093, 0.062233, 0.0076, 0.007475, 0.050797, 0.07588, 0.049071, 0.094504, 0.019319, 0.047562, 0.081049, 0.054911, 0.215286, 0.0, 0.129319, 0.016941, 0.0, 0.061361, 0.052517, 0.044612, 0.011199, 0.051666, 0.033169, 0.064188, 0.016092, 0.064179, 0.016092, 0.052988, 0.019414, 0.032789, 0.108595, 0.056565, 0.0, 0.04848, 0.025741, 0.052135, 0.037057, 0.030617, 0.016455, 0.006089, 0.006093, 0.029716, 0.034901, 0.186666, 0.142564, 1.0, 0.031189, 0.07115, 0.02491, 0.09586, 0.058317, 0.005425, 0.009138, 0.042036, 0.051912, 0.066576, 0.031686, 0.048543, 0.036403, 0.212171, 0.227111, 0.113893, 0.150089, 0.103941, 0.06191, 0.052796, 0.043783, 0.041547, 0.047368, 0.073992, 0.042163, 0.021689, 0.023898, 0.056196, 0.032387, 0.015668, 0.05385, 0.03477, 0.075574, 0.0]
[0.013781, 0.014034, 0.0, 0.065606, 0.0, 0.0, 0.0, 0.0, 0.024498, 0.0, 0.0, 0.0, 0.0, 0.0, 0.046943, 0.0, 0.093614, 0.0112, 0.013269, 0.0, 0.048253, 0.0, 0.0, 0.019829, 0.059601, 0.0, 0.0, 0.0, 0.013108, 0.0, 0.0, 0.0, 0.0, 0.091847, 0.0, 0.111019, 0.044326, 0.110898, 0.022843, 0.082434, 0.0, 0.052968, 0.030129, 0.143187, 0.043375, 0.035836, 0.0, 0.0, 0.0, 0.100504, 0.0, 0.0, 0.0, 0.031189, 1.0, 0.0, 0.0, 0.0, 0.008173, 0.0, 0.30186, 0.0, 0.0, 0.0, 0.0, 0.01011, 0.012016, 0.008808, 0.054786, 0.0, 0.022908, 0.0, 0.020312, 0.008636, 0.0, 0.048629, 0.055443, 0.142928, 0.013833, 0.036736, 0.013754, 0.0, 0.045147, 0.137277, 0.092943, 0.0, 0.06721, 0.0]
[0.032901, 0.0, 0.004403, 0.012826, 0.005469, 0.020387, 0.026728, 0.0, 0.078958, 0.076704, 0.070887, 0.035033, 0.025608, 0.024074, 0.002952, 0.016429, 0.0, 0.017879, 0.013536, 0.0, 0.002824, 0.0, 0.171472, 0.099262, 0.019743, 0.00813, 0.004022, 0.005911, 0.0, 0.004939, 0.253104, 0.034851, 0.0079, 0.052901, 0.0079, 0.0, 0.003107, 0.005366, 0.108275, 0.195978, 0.0, 0.043888, 0.0, 0.12755, 0.0, 0.036008, 0.002633, 0.002989, 0.002991, 0.004863, 0.005586, 0.108644, 0.003238, 0.07115, 0.0, 1.0, 0.133828, 0.179728, 0.021113, 0.002663, 0.0, 0.017863, 0.026834, 0.012536, 0.013464, 0.0, 0.010768, 0.028121, 0.0, 0.0, 0.057494, 0.041267, 0.00426, 0.015597, 0.15169, 0.0, 0.036355, 0.02348, 0.027693, 0.0, 0.0, 0.033896, 0.006329, 0.039404, 0.0, 0.035278, 0.014409, 0.066598]
