[1, 0.7335766423357665, 0.5036496350364964, 0.4343065693430657, 0.40145985401459855, 0.3029197080291971, 0.3175182481751825, 0.28102189781021897, 0.2518248175182482, 0.35766423357664234, 0.3102189781021898, 0.34306569343065696, 0.3722627737226277, 0.3722627737226277, 0.28832116788321166, 0.31386861313868614, 0.2737226277372263, 0.28102189781021897, 0.3613138686131387, 0.35036496350364965, 0.3175182481751825, 0.291970802919708, 0.27007299270072993, 0.3284671532846715, 0.33211678832116787, 0.3905109489051095, 0.24087591240875914, 0.2956204379562044, 0.291970802919708, 0.2664233576642336, 0.28102189781021897, 0.22262773722627738, 0.2591240875912409, 0.32116788321167883, 0.31386861313868614, 0.2591240875912409, 0.28102189781021897, 0.3029197080291971, 0.3248175182481752, 0.29927007299270075, 0.291970802919708, 0.4781021897810219, 0.2737226277372263, 0.22627737226277372, 0.3248175182481752, 0.26277372262773724, 0.3102189781021898, 0.2773722627737226, 0.2773722627737226, 0.2773722627737226, 0.34306569343065696]
[0.7335766423357665, 1, 0.45, 0.39285714285714285, 0.3678571428571429, 0.30357142857142855, 0.31785714285714284, 0.26785714285714285, 0.3, 0.38571428571428573, 0.31785714285714284, 0.4142857142857143, 0.36428571428571427, 0.36428571428571427, 0.31785714285714284, 0.33214285714285713, 0.2714285714285714, 0.2857142857142857, 0.4035714285714286, 0.4107142857142857, 0.3535714285714286, 0.3, 0.29642857142857143, 0.2857142857142857, 0.3392857142857143, 0.425, 0.26071428571428573, 0.33214285714285713, 0.3535714285714286, 0.30357142857142855, 0.3107142857142857, 0.21428571428571427, 0.2714285714285714, 0.29285714285714287, 0.43214285714285716, 0.2357142857142857, 0.3142857142857143, 0.2857142857142857, 0.3392857142857143, 0.3678571428571429, 0.24642857142857144, 0.44642857142857145, 0.3107142857142857, 0.2392857142857143, 0.375, 0.3357142857142857, 0.325, 0.30714285714285716, 0.2571428571428571, 0.2642857142857143, 0.3142857142857143]
[0.5036496350364964, 0.45, 1, 0.8153846153846154, 0.7717948717948718, 0.2846153846153846, 0.29743589743589743, 0.2564102564102564, 0.24102564102564103, 0.382051282051282, 0.3153846153846154, 0.6666666666666666, 0.382051282051282, 0.382051282051282, 0.27692307692307694, 0.33589743589743587, 0.3076923076923077, 0.31794871794871793, 0.32051282051282054, 0.40512820512820513, 0.35128205128205126, 0.2641025641025641, 0.3871794871794872, 0.39487179487179486, 0.4256410256410256, 0.3333333333333333, 0.3153846153846154, 0.3128205128205128, 0.2794871794871795, 0.23846153846153847, 0.30256410256410254, 0.2512820512820513, 0.27692307692307694, 0.4, 0.35128205128205126, 0.3, 0.28974358974358977, 0.28974358974358977, 0.3333333333333333, 0.31794871794871793, 0.26153846153846155, 0.4256410256410256, 0.2743589743589744, 0.30256410256410254, 0.3384615384615385, 0.2923076923076923, 0.33589743589743587, 0.2948717948717949, 0.27692307692307694, 0.27692307692307694, 0.3384615384615385]
[0.4343065693430657, 0.39285714285714285, 0.8153846153846154, 1, 0.8566666666666667, 0.24666666666666667, 0.28, 0.25666666666666665, 0.20666666666666667, 0.35, 0.30333333333333334, 0.7366666666666667, 0.33666666666666667, 0.33666666666666667, 0.28, 0.3333333333333333, 0.3, 0.36, 0.31, 0.42333333333333334, 0.33, 0.26666666666666666, 0.38333333333333336, 0.38333333333333336, 0.3933333333333333, 0.36666666666666664, 0.31333333333333335, 0.30666666666666664, 0.24666666666666667, 0.20333333333333334, 0.35333333333333333, 0.24, 0.2733333333333333, 0.4066666666666667, 0.37, 0.31, 0.29, 0.27, 0.2833333333333333, 0.27, 0.31, 0.44, 0.2966666666666667, 0.31666666666666665, 0.38666666666666666, 0.31, 0.31, 0.31, 0.29333333333333333, 0.27666666666666667, 0.37]
[0.40145985401459855, 0.3678571428571429, 0.7717948717948718, 0.8566666666666667, 1, 0.2966101694915254, 0.2853107344632768, 0.2344632768361582, 0.2401129943502825, 0.3587570621468927, 0.3361581920903955, 0.6666666666666666, 0.3531073446327684, 0.3531073446327684, 0.2796610169491525, 0.3361581920903955, 0.3192090395480226, 0.3305084745762712, 0.3107344632768362, 0.4378531073446328, 0.3644067796610169, 0.3022598870056497, 0.3615819209039548, 0.403954802259887, 0.4152542372881356, 0.3813559322033898, 0.3135593220338983, 0.3022598870056497, 0.2655367231638418, 0.21468926553672316, 0.3163841807909605, 0.2542372881355932, 0.2740112994350282, 0.4774011299435028, 0.4350282485875706, 0.3248587570621469, 0.2909604519774011, 0.2824858757062147, 0.3135593220338983, 0.3050847457627119, 0.3050847457627119, 0.4435028248587571, 0.3107344632768362, 0.3135593220338983, 0.3615819209039548, 0.3248587570621469, 0.3163841807909605, 0.3107344632768362, 0.2768361581920904, 0.2627118644067797, 0.423728813559322]
[0.3029197080291971, 0.30357142857142855, 0.2846153846153846, 0.24666666666666667, 0.2966101694915254, 1, 0.44517958412098296, 0.22495274102079396, 0.2570888468809074, 0.33553875236294894, 0.42722117202268434, 0.42060491493383745, 0.3809073724007561, 0.3809073724007561, 0.391304347826087, 0.3950850661625709, 0.2731568998109641, 0.2844990548204159, 0.41776937618147447, 0.391304347826087, 0.3676748582230624, 0.3610586011342155, 0.3648393194706994, 0.3676748582230624, 0.4017013232514178, 0.3449905482041588, 0.2835538752362949, 0.34215500945179583, 0.35255198487712663, 0.21833648393194707, 0.333648393194707, 0.30623818525519847, 0.27882797731569, 0.34782608695652173, 0.3761814744801512, 0.3601134215500945, 0.30245746691871456, 0.30623818525519847, 0.3657844990548204, 0.31190926275992437, 0.3856332703213611, 0.4215500945179584, 0.4007561436672968, 0.2892249527410208, 0.3818525519848771, 0.30434782608695654, 0.27977315689981097, 0.35255198487712663, 0.2684310018903592, 0.28733459357277885, 0.3705103969754253]
[0.3175182481751825, 0.31785714285714284, 0.29743589743589743, 0.28, 0.2853107344632768, 0.44517958412098296, 1, 0.24132091447925486, 0.2557154953429297, 0.35012701100762067, 0.3264182895850974, 0.3522438611346317, 0.3869602032176122, 0.3869602032176122, 0.32218458933107536, 0.36663844199830653, 0.26714648602878915, 0.29297205757832345, 0.32387806943268416, 0.3674851820491109, 0.32514817950889074, 0.3048264182895851, 0.3374259102455546, 0.40939881456392885, 0.2988992379339543, 0.31033022861981374, 0.3111769686706181, 0.3082133784928027, 0.37002540220152413, 0.2887383573243014, 0.3094834885690093, 0.28958509737510585, 0.26079593564775616, 0.34250635055038103, 0.3598645215918713, 0.25656223539373413, 0.3060965283657917, 0.292125317527519, 0.3573243014394581, 0.23200677392040644, 0.28281117696867064, 0.3691786621507197, 0.31329381879762913, 0.2743437764606266, 0.3632514817950889, 0.2718035563082134, 0.283657917019475, 0.336155800169348, 0.21549534292972058, 0.26418289585097376, 0.36536833192209994]
[0.28102189781021897, 0.26785714285714285, 0.2564102564102564, 0.25666666666666665, 0.2344632768361582, 0.22495274102079396, 0.24132091447925486, 1, 0.43869209809264303, 0.32697547683923706, 0.2815622161671208, 0.3069936421435059, 0.3242506811989101, 0.3242506811989101, 0.2579473206176203, 0.33242506811989103, 0.25158946412352406, 0.48047229791099, 0.3097184377838329, 0.371480472297911, 0.3069936421435059, 0.34877384196185285, 0.35876475930971846, 0.34150772025431425, 0.444141689373297, 0.3151680290644868, 0.23796548592188918, 0.3469573115349682, 0.29427792915531337, 0.23705722070844687, 0.2851952770208901, 0.27883742052679383, 0.4150772025431426, 0.35603996366939145, 0.368755676657584, 0.2997275204359673, 0.23887375113533152, 0.254314259763851, 0.23978201634877383, 0.26975476839237056, 0.2815622161671208, 0.3832879200726612, 0.2997275204359673, 0.48319709355131696, 0.28792007266121705, 0.46684831970935514, 0.27157129881925524, 0.23705722070844687, 0.24704813805631246, 0.3941871026339691, 0.3614895549500454]
[0.2518248175182482, 0.3, 0.24102564102564103, 0.20666666666666667, 0.2401129943502825, 0.2570888468809074, 0.2557154953429297, 0.43869209809264303, 1, 0.30559006211180123, 0.32111801242236027, 0.37577639751552794, 0.34658385093167704, 0.34658385093167704, 0.2677018633540373, 0.3173913043478261, 0.22236024844720498, 0.415527950310559, 0.2751552795031056, 0.37577639751552794, 0.2987577639751553, 0.29316770186335406, 0.3527950310559006, 0.3838509316770186, 0.36024844720496896, 0.24347826086956523, 0.2422360248447205, 0.32546583850931676, 0.32608695652173914, 0.2453416149068323, 0.30062111801242236, 0.3198757763975155, 0.362111801242236, 0.3453416149068323, 0.3490683229813665, 0.268944099378882, 0.22546583850931676, 0.23540372670807452, 0.30807453416149067, 0.2236024844720497, 0.2701863354037267, 0.38198757763975155, 0.315527950310559, 0.38198757763975155, 0.3658385093167702, 0.3832298136645963, 0.27888198757763977, 0.2968944099378882, 0.25093167701863356, 0.4192546583850932, 0.38571428571428573]
[0.35766423357664234, 0.38571428571428573, 0.382051282051282, 0.35, 0.3587570621468927, 0.33553875236294894, 0.35012701100762067, 0.32697547683923706, 0.30559006211180123, 1, 0.3841059602649007, 0.4304635761589404, 0.44370860927152317, 0.44370860927152317, 0.32450331125827814, 0.4768211920529801, 0.3509933774834437, 0.33774834437086093, 0.40397350993377484, 0.4503311258278146, 0.3509933774834437, 0.271523178807947, 0.33112582781456956, 0.40397350993377484, 0.44370860927152317, 0.4503311258278146, 0.33774834437086093, 0.3841059602649007, 0.2847682119205298, 0.2119205298013245, 0.37748344370860926, 0.25165562913907286, 0.3509933774834437, 0.4105960264900662, 0.4768211920529801, 0.31125827814569534, 0.3443708609271523, 0.3708609271523179, 0.3443708609271523, 0.4304635761589404, 0.304635761589404, 0.4503311258278146, 0.36423841059602646, 0.24503311258278146, 0.37748344370860926, 0.39072847682119205, 0.37748344370860926, 0.33112582781456956, 0.32450331125827814, 0.26490066225165565, 0.31788079470198677]
[0.3102189781021898, 0.31785714285714284, 0.3153846153846154, 0.30333333333333334, 0.3361581920903955, 0.42722117202268434, 0.3264182895850974, 0.2815622161671208, 0.32111801242236027, 0.3841059602649007, 1, 0.30288355712084525, 0.35020911292097734, 0.35020911292097734, 0.26150121065375304, 0.2907770195905789, 0.2645828747523663, 0.24631300902487344, 0.34008364516839096, 0.32181377944089806, 0.2907770195905789, 0.27690953114681927, 0.25445740699977987, 0.31631080783623156, 0.3037640325775919, 0.33083865287255115, 0.2537970504072199, 0.2689852520360995, 0.25952014087607306, 0.22099933964340743, 0.2573189522342065, 0.22760290556900725, 0.22430112260620735, 0.2965001100594321, 0.3262161567246313, 0.2430112260620735, 0.28681488003521904, 0.28043143297380585, 0.2548976447281532, 0.2570988333700198, 0.2548976447281532, 0.35174994497028395, 0.262821923838873, 0.2643627558881796, 0.2740479859123927, 0.2612810917895664, 0.2566585956416465, 0.24587277129650012, 0.21989874532247414, 0.2066916134712745, 0.3000220118864187]
[0.34306569343065696, 0.4142857142857143, 0.6666666666666666, 0.7366666666666667, 0.6666666666666666, 0.42060491493383745, 0.3522438611346317, 0.3069936421435059, 0.37577639751552794, 0.4304635761589404, 0.30288355712084525, 1, 0.34133790737564323, 0.34133790737564323, 0.34305317324185247, 0.3379073756432247, 0.3053173241852487, 0.2881646655231561, 0.31732418524871353, 0.38250428816466553, 0.30017152658662094, 0.28130360205831906, 0.31217838765008576, 0.34476843910806176, 0.3516295025728988, 0.3516295025728988, 0.33104631217838765, 0.3361921097770154, 0.25728987993138935, 0.24528301886792453, 0.2727272727272727, 0.2624356775300172, 0.27101200686106347, 0.307032590051458, 0.37221269296740994, 0.2658662092624357, 0.2847341337907376, 0.3293310463121784, 0.32075471698113206, 0.3670668953687822, 0.3018867924528302, 0.41852487135506006, 0.2847341337907376, 0.2607204116638079, 0.3567753001715266, 0.2881646655231561, 0.2641509433962264, 0.33962264150943394, 0.2144082332761578, 0.22984562607204118, 0.31046312178387653]
[0.3722627737226277, 0.36428571428571427, 0.382051282051282, 0.33666666666666667, 0.3531073446327684, 0.3809073724007561, 0.3869602032176122, 0.3242506811989101, 0.34658385093167704, 0.44370860927152317, 0.35020911292097734, 0.34133790737564323, 1, 1.0, 0.2847380410022779, 0.4510250569476082, 0.30296127562642367, 0.31890660592255127, 0.4783599088838269, 0.36674259681093396, 0.4328018223234624, 0.3735763097949886, 0.2847380410022779, 0.43735763097949887, 0.3439635535307517, 0.4145785876993166, 0.32574031890660593, 0.2528473804100228, 0.35079726651480636, 0.21867881548974943, 0.28929384965831434, 0.2870159453302961, 0.2870159453302961, 0.4168564920273349, 0.4031890660592255, 0.29157175398633256, 0.42596810933940776, 0.40774487471526194, 0.2938496583143508, 0.26879271070615035, 0.26651480637813213, 0.42369020501138954, 0.2984054669703872, 0.2984054669703872, 0.3735763097949886, 0.33712984054669703, 0.2847380410022779, 0.3348519362186788, 0.296127562642369, 0.275626423690205, 0.4191343963553531]
[0.3722627737226277, 0.36428571428571427, 0.382051282051282, 0.33666666666666667, 0.3531073446327684, 0.3809073724007561, 0.3869602032176122, 0.3242506811989101, 0.34658385093167704, 0.44370860927152317, 0.35020911292097734, 0.34133790737564323, 1.0, 1, 0.2847380410022779, 0.4510250569476082, 0.30296127562642367, 0.31890660592255127, 0.4783599088838269, 0.36674259681093396, 0.4328018223234624, 0.3735763097949886, 0.2847380410022779, 0.43735763097949887, 0.3439635535307517, 0.4145785876993166, 0.32574031890660593, 0.2528473804100228, 0.35079726651480636, 0.21867881548974943, 0.28929384965831434, 0.2870159453302961, 0.2870159453302961, 0.4168564920273349, 0.4031890660592255, 0.29157175398633256, 0.42596810933940776, 0.40774487471526194, 0.2938496583143508, 0.26879271070615035, 0.26651480637813213, 0.42369020501138954, 0.2984054669703872, 0.2984054669703872, 0.3735763097949886, 0.33712984054669703, 0.2847380410022779, 0.3348519362186788, 0.296127562642369, 0.275626423690205, 0.4191343963553531]
[0.28832116788321166, 0.31785714285714284, 0.27692307692307694, 0.28, 0.2796610169491525, 0.391304347826087, 0.32218458933107536, 0.2579473206176203, 0.2677018633540373, 0.32450331125827814, 0.26150121065375304, 0.34305317324185247, 0.2847380410022779, 0.2847380410022779, 1, 0.3601123595505618, 0.5073033707865169, 0.30758426966292135, 0.34606741573033706, 0.39578651685393257, 0.2946629213483146, 0.3306179775280899, 0.3294943820224719, 0.398876404494382, 0.375561797752809, 0.35337078651685394, 0.3648876404494382, 0.3348314606741573, 0.31404494382022474, 0.2688202247191011, 0.3047752808988764, 0.24578651685393257, 0.28202247191011237, 0.35224719101123597, 0.3651685393258427, 0.2907303370786517, 0.36713483146067416, 0.37387640449438203, 0.29775280898876405, 0.3691011235955056, 0.2671348314606742, 0.43258426966292135, 0.2794943820224719, 0.29382022471910113, 0.34185393258426966, 0.2811797752808989, 0.3014044943820225, 0.30814606741573036, 0.2351123595505618, 0.274438202247191, 0.3668539325842697]
[0.31386861313868614, 0.33214285714285713, 0.33589743589743587, 0.3333333333333333, 0.3361581920903955, 0.3950850661625709, 0.36663844199830653, 0.33242506811989103, 0.3173913043478261, 0.4768211920529801, 0.2907770195905789, 0.3379073756432247, 0.4510250569476082, 0.4510250569476082, 0.3601123595505618, 1, 0.3422459893048128, 0.31871657754010696, 0.3967914438502674, 0.37433155080213903, 0.31336898395721924, 0.360427807486631, 0.3155080213903743, 0.5165775401069519, 0.34652406417112297, 0.4, 0.4449197860962567, 0.3048128342245989, 0.4823529411764706, 0.29411764705882354, 0.35508021390374334, 0.2887700534759358, 0.28663101604278074, 0.36684491978609624, 0.4053475935828877, 0.31336898395721924, 0.3572192513368984, 0.37219251336898396, 0.44278074866310163, 0.29411764705882354, 0.279144385026738, 0.38074866310160427, 0.27807486631016043, 0.28342245989304815, 0.37219251336898396, 0.3240641711229946, 0.33475935828877007, 0.46096256684491976, 0.25882352941176473, 0.23957219251336898, 0.35614973262032085]
[0.2737226277372263, 0.2714285714285714, 0.3076923076923077, 0.3, 0.3192090395480226, 0.2731568998109641, 0.26714648602878915, 0.25158946412352406, 0.22236024844720498, 0.3509933774834437, 0.2645828747523663, 0.3053173241852487, 0.30296127562642367, 0.30296127562642367, 0.5073033707865169, 0.3422459893048128, 1, 0.2679519418832076, 0.33221570271025425, 0.3495389773679799, 0.29533389214864486, 0.2917015926236379, 0.3034367141659681, 0.33780385582564965, 0.3425537859737357, 0.31573065101983794, 0.29980441464096114, 0.30231908354288906, 0.25202570550433084, 0.2668343112601285, 0.3319362950544845, 0.24029058396200056, 0.266275495948589, 0.31824531992176586, 0.34199497066219614, 0.2827605476390053, 0.3461860854987427, 0.37775915060072646, 0.27549594858899135, 0.3593182453199218, 0.26208438111204246, 0.39172953338921485, 0.28862810841017045, 0.2743783179659123, 0.31573065101983794, 0.2869516624755518, 0.3459066778429729, 0.27884884045822855, 0.2509080748812517, 0.2444816987985471, 0.32495110366024027]
[0.28102189781021897, 0.2857142857142857, 0.31794871794871793, 0.36, 0.3305084745762712, 0.2844990548204159, 0.29297205757832345, 0.48047229791099, 0.415527950310559, 0.33774834437086093, 0.24631300902487344, 0.2881646655231561, 0.31890660592255127, 0.31890660592255127, 0.30758426966292135, 0.31871657754010696, 0.2679519418832076, 1, 0.32727272727272727, 0.3478787878787879, 0.3296969696969697, 0.2957575757575758, 0.31272727272727274, 0.3927272727272727, 0.4266666666666667, 0.32242424242424245, 0.3187878787878788, 0.3321212121212121, 0.3187878787878788, 0.2496969696969697, 0.2496969696969697, 0.29454545454545455, 0.5393939393939394, 0.3975757575757576, 0.3793939393939394, 0.37696969696969695, 0.2824242424242424, 0.2909090909090909, 0.29333333333333333, 0.28484848484848485, 0.2545454545454545, 0.35393939393939394, 0.2581818181818182, 0.5042424242424243, 0.3006060606060606, 0.5151515151515151, 0.29818181818181816, 0.2957575757575758, 0.25696969696969696, 0.4909090909090909, 0.3527272727272727]
[0.3613138686131387, 0.4035714285714286, 0.32051282051282054, 0.31, 0.3107344632768362, 0.41776937618147447, 0.32387806943268416, 0.3097184377838329, 0.2751552795031056, 0.40397350993377484, 0.34008364516839096, 0.31732418524871353, 0.4783599088838269, 0.4783599088838269, 0.34606741573033706, 0.3967914438502674, 0.33221570271025425, 0.32727272727272727, 1, 0.420863309352518, 0.4064748201438849, 0.4892086330935252, 0.3237410071942446, 0.5, 0.37050359712230213, 0.5143884892086331, 0.3669064748201439, 0.2589928057553957, 0.3597122302158273, 0.28776978417266186, 0.2517985611510791, 0.24100719424460432, 0.2014388489208633, 0.4028776978417266, 0.4172661870503597, 0.21942446043165467, 0.4676258992805755, 0.46402877697841727, 0.3273381294964029, 0.2733812949640288, 0.27697841726618705, 0.3129496402877698, 0.26258992805755393, 0.23741007194244604, 0.36330935251798563, 0.26618705035971224, 0.25539568345323743, 0.31654676258992803, 0.26258992805755393, 0.2446043165467626, 0.35611510791366907]
[0.35036496350364965, 0.4107142857142857, 0.40512820512820513, 0.42333333333333334, 0.4378531073446328, 0.391304347826087, 0.3674851820491109, 0.371480472297911, 0.37577639751552794, 0.4503311258278146, 0.32181377944089806, 0.38250428816466553, 0.36674259681093396, 0.36674259681093396, 0.39578651685393257, 0.37433155080213903, 0.3495389773679799, 0.3478787878787879, 0.420863309352518, 1, 0.32727272727272727, 0.5272727272727272, 0.21212121212121213, 0.3939393939393939, 0.3151515151515151, 0.2545454545454545, 0.24848484848484848, 0.28484848484848485, 0.2727272727272727, 0.2606060606060606, 0.22424242424242424, 0.18787878787878787, 0.2727272727272727, 0.23636363636363636, 0.34545454545454546, 0.2545454545454545, 0.28484848484848485, 0.3151515151515151, 0.21212121212121213, 0.23636363636363636, 0.24242424242424243, 0.3151515151515151, 0.22424242424242424, 0.18181818181818182, 0.3333333333333333, 0.22424242424242424, 0.14545454545454545, 0.22424242424242424, 0.24242424242424243, 0.23030303030303031, 0.19393939393939394]
[0.3175182481751825, 0.3535714285714286, 0.35128205128205126, 0.33, 0.3644067796610169, 0.3676748582230624, 0.32514817950889074, 0.3069936421435059, 0.2987577639751553, 0.3509933774834437, 0.2907770195905789, 0.30017152658662094, 0.4328018223234624, 0.4328018223234624, 0.2946629213483146, 0.31336898395721924, 0.29533389214864486, 0.3296969696969697, 0.4064748201438849, 0.32727272727272727, 1, 0.3924843423799583, 0.34029227557411273, 0.430062630480167, 0.42171189979123175, 0.3465553235908142, 0.2985386221294363, 0.3173277661795407, 0.3173277661795407, 0.27139874739039666, 0.27348643006263046, 0.2588726513569937, 0.2254697286012526, 0.34237995824634654, 0.4133611691022965, 0.24217118997912318, 0.34029227557411273, 0.348643006263048, 0.29436325678496866, 0.29227557411273486, 0.31524008350730687, 0.3903966597077244, 0.348643006263048, 0.35908141962421714, 0.3653444676409186, 0.2860125260960334, 0.27348643006263046, 0.3048016701461378, 0.36116910229645094, 0.267223382045929, 0.4989561586638831]
[0.291970802919708, 0.3, 0.2641025641025641, 0.26666666666666666, 0.3022598870056497, 0.3610586011342155, 0.3048264182895851, 0.34877384196185285, 0.29316770186335406, 0.271523178807947, 0.27690953114681927, 0.28130360205831906, 0.3735763097949886, 0.3735763097949886, 0.3306179775280899, 0.360427807486631, 0.2917015926236379, 0.2957575757575758, 0.4892086330935252, 0.5272727272727272, 0.3924843423799583, 1, 0.19705014749262537, 0.3870206489675516, 0.13510324483775812, 0.3345132743362832, 0.3256637168141593, 0.27315634218289087, 0.3008849557522124, 0.6973451327433628, 0.2808259587020649, 0.287905604719764, 0.21061946902654868, 0.31150442477876106, 0.3805309734513274, 0.2949852507374631, 0.29970501474926253, 0.30973451327433627, 0.26489675516224187, 0.26489675516224187, 0.19882005899705016, 0.31150442477876106, 0.24129793510324485, 0.23421828908554573, 0.6808259587020649, 0.26253687315634217, 0.2430678466076696, 0.2884955752212389, 0.1463126843657817, 0.19882005899705016, 0.31976401179941005]
[0.27007299270072993, 0.29642857142857143, 0.3871794871794872, 0.38333333333333336, 0.3615819209039548, 0.3648393194706994, 0.3374259102455546, 0.35876475930971846, 0.3527950310559006, 0.33112582781456956, 0.25445740699977987, 0.31217838765008576, 0.2847380410022779, 0.2847380410022779, 0.3294943820224719, 0.3155080213903743, 0.3034367141659681, 0.31272727272727274, 0.3237410071942446, 0.21212121212121213, 0.34029227557411273, 0.19705014749262537, 1, 0.49056603773584906, 0.41273584905660377, 0.33490566037735847, 0.31839622641509435, 0.3113207547169811, 0.32547169811320753, 0.1957547169811321, 0.29952830188679247, 0.2617924528301887, 0.33726415094339623, 0.3419811320754717, 0.3915094339622642, 0.2806603773584906, 0.3018867924528302, 0.2830188679245283, 0.30660377358490565, 0.29952830188679247, 0.31839622641509435, 0.3915094339622642, 0.2971698113207547, 0.36556603773584906, 0.38207547169811323, 0.35141509433962265, 0.3278301886792453, 0.29952830188679247, 0.25943396226415094, 0.30660377358490565, 0.37735849056603776]
[0.3284671532846715, 0.2857142857142857, 0.39487179487179486, 0.38333333333333336, 0.403954802259887, 0.3676748582230624, 0.40939881456392885, 0.34150772025431425, 0.3838509316770186, 0.40397350993377484, 0.31631080783623156, 0.34476843910806176, 0.43735763097949887, 0.43735763097949887, 0.398876404494382, 0.5165775401069519, 0.33780385582564965, 0.3927272727272727, 0.5, 0.3939393939393939, 0.430062630480167, 0.3870206489675516, 0.49056603773584906, 1, 0.23116883116883116, 0.42857142857142855, 0.5298701298701298, 0.3012987012987013, 0.6519480519480519, 0.3142857142857143, 0.3246753246753247, 0.2701298701298701, 0.35064935064935066, 0.3064935064935065, 0.43116883116883115, 0.33506493506493507, 0.4051948051948052, 0.45454545454545453, 0.6025974025974026, 0.2987012987012987, 0.2857142857142857, 0.34285714285714286, 0.2597402597402597, 0.2961038961038961, 0.4155844155844156, 0.34805194805194806, 0.37662337662337664, 0.5636363636363636, 0.21558441558441557, 0.22857142857142856, 0.2831168831168831]
[0.33211678832116787, 0.3392857142857143, 0.4256410256410256, 0.3933333333333333, 0.4152542372881356, 0.4017013232514178, 0.2988992379339543, 0.444141689373297, 0.36024844720496896, 0.44370860927152317, 0.3037640325775919, 0.3516295025728988, 0.3439635535307517, 0.3439635535307517, 0.375561797752809, 0.34652406417112297, 0.3425537859737357, 0.4266666666666667, 0.37050359712230213, 0.3151515151515151, 0.42171189979123175, 0.13510324483775812, 0.41273584905660377, 0.23116883116883116, 1, 0.2777777777777778, 0.25, 0.3888888888888889, 0.3055555555555556, 0.19444444444444445, 0.1111111111111111, 0.2222222222222222, 0.19444444444444445, 0.3055555555555556, 0.4444444444444444, 0.16666666666666666, 0.1388888888888889, 0.2777777777777778, 0.3333333333333333, 0.2222222222222222, 0.3611111111111111, 0.25, 0.3055555555555556, 0.1388888888888889, 0.3055555555555556, 0.2777777777777778, 0.19444444444444445, 0.25, 0.4444444444444444, 0.25, 0.3611111111111111]
[0.3905109489051095, 0.425, 0.3333333333333333, 0.36666666666666664, 0.3813559322033898, 0.3449905482041588, 0.31033022861981374, 0.3151680290644868, 0.24347826086956523, 0.4503311258278146, 0.33083865287255115, 0.3516295025728988, 0.4145785876993166, 0.4145785876993166, 0.35337078651685394, 0.4, 0.31573065101983794, 0.32242424242424245, 0.5143884892086331, 0.2545454545454545, 0.3465553235908142, 0.3345132743362832, 0.33490566037735847, 0.42857142857142855, 0.2777777777777778, 1, 0.639344262295082, 0.32991803278688525, 0.32786885245901637, 0.2807377049180328, 0.3237704918032787, 0.26844262295081966, 0.22131147540983606, 0.3319672131147541, 0.4036885245901639, 0.25, 0.36885245901639346, 0.3709016393442623, 0.2786885245901639, 0.2889344262295082, 0.26024590163934425, 0.3709016393442623, 0.2807377049180328, 0.2766393442622951, 0.3114754098360656, 0.3155737704918033, 0.2807377049180328, 0.28688524590163933, 0.22950819672131148, 0.2028688524590164, 0.3114754098360656]
[0.24087591240875914, 0.26071428571428573, 0.3153846153846154, 0.31333333333333335, 0.3135593220338983, 0.2835538752362949, 0.3111769686706181, 0.23796548592188918, 0.2422360248447205, 0.33774834437086093, 0.2537970504072199, 0.33104631217838765, 0.32574031890660593, 0.32574031890660593, 0.3648876404494382, 0.4449197860962567, 0.29980441464096114, 0.3187878787878788, 0.3669064748201439, 0.24848484848484848, 0.2985386221294363, 0.3256637168141593, 0.31839622641509435, 0.5298701298701298, 0.25, 0.639344262295082, 1, 0.3524829600778968, 0.379746835443038, 0.29795520934761444, 0.28140214216163584, 0.2726387536514119, 0.26582278481012656, 0.32619279454722494, 0.37098344693281404, 0.29600778967867575, 0.3330087633885102, 0.3291139240506329, 0.3388510223953262, 0.26777020447906524, 0.25705939629990265, 0.3924050632911392, 0.27848101265822783, 0.2862706913339825, 0.3563777994157741, 0.28140214216163584, 0.32619279454722494, 0.3670886075949367, 0.23563777994157742, 0.19571567672833495, 0.3028237585199611]
[0.2956204379562044, 0.33214285714285713, 0.3128205128205128, 0.30666666666666664, 0.3022598870056497, 0.34215500945179583, 0.3082133784928027, 0.3469573115349682, 0.32546583850931676, 0.3841059602649007, 0.2689852520360995, 0.3361921097770154, 0.2528473804100228, 0.2528473804100228, 0.3348314606741573, 0.3048128342245989, 0.30231908354288906, 0.3321212121212121, 0.2589928057553957, 0.28484848484848485, 0.3173277661795407, 0.27315634218289087, 0.3113207547169811, 0.3012987012987013, 0.3888888888888889, 0.32991803278688525, 0.3524829600778968, 1, 0.30745658835546474, 0.27783452502553624, 0.278855975485189, 0.355464759959142, 0.27374872318692545, 0.3503575076608784, 0.3769152196118488, 0.35240040858018384, 0.30745658835546474, 0.2839632277834525, 0.27477017364657813, 0.2379979570990807, 0.22982635342185903, 0.3595505617977528, 0.27374872318692545, 0.34933605720122574, 0.30132788559754853, 0.3391215526046987, 0.3166496424923391, 0.2512768130745659, 0.2247191011235955, 0.278855975485189, 0.29519918283963226]
[0.291970802919708, 0.3535714285714286, 0.2794871794871795, 0.24666666666666667, 0.2655367231638418, 0.35255198487712663, 0.37002540220152413, 0.29427792915531337, 0.32608695652173914, 0.2847682119205298, 0.25952014087607306, 0.25728987993138935, 0.35079726651480636, 0.35079726651480636, 0.31404494382022474, 0.4823529411764706, 0.25202570550433084, 0.3187878787878788, 0.3597122302158273, 0.2727272727272727, 0.3173277661795407, 0.3008849557522124, 0.32547169811320753, 0.6519480519480519, 0.3055555555555556, 0.32786885245901637, 0.379746835443038, 0.30745658835546474, 1, 0.25363039586234337, 0.2848617465685299, 0.24408195742987865, 0.27571115973741794, 0.3172866520787746, 0.40958822359259994, 0.3560771832106624, 0.2920230753928785, 0.29401233339964195, 0.2786950467475632, 0.2850606723692063, 0.24507658643326038, 0.3906902725283469, 0.2605927988860155, 0.28824348518002785, 0.3306146807240899, 0.31867913268350906, 0.3423513029639944, 0.2709369405211856, 0.30117366222399045, 0.24567336383528943, 0.25064650885219814]
[0.2664233576642336, 0.30357142857142855, 0.23846153846153847, 0.20333333333333334, 0.21468926553672316, 0.21833648393194707, 0.2887383573243014, 0.23705722070844687, 0.2453416149068323, 0.2119205298013245, 0.22099933964340743, 0.24528301886792453, 0.21867881548974943, 0.21867881548974943, 0.2688202247191011, 0.29411764705882354, 0.2668343112601285, 0.2496969696969697, 0.28776978417266186, 0.2606060606060606, 0.27139874739039666, 0.6973451327433628, 0.1957547169811321, 0.3142857142857143, 0.19444444444444445, 0.2807377049180328, 0.29795520934761444, 0.27783452502553624, 0.25363039586234337, 1, 0.2932351715516044, 0.25475760522294766, 0.23267120433393526, 0.279622169745798, 0.3256007778858175, 0.26267537157938603, 0.2501736352271149, 0.2530907070426448, 0.23100430615363246, 0.2346159188776219, 0.2187803861647451, 0.3278233087928879, 0.21308515071537715, 0.2689262397555216, 0.37338519238783163, 0.2504514515904987, 0.2672593415752188, 0.2439227670509793, 0.19808306709265175, 0.22947631615502154, 0.2772607306570357]
[0.28102189781021897, 0.3107142857142857, 0.30256410256410254, 0.35333333333333333, 0.3163841807909605, 0.333648393194707, 0.3094834885690093, 0.2851952770208901, 0.30062111801242236, 0.37748344370860926, 0.2573189522342065, 0.2727272727272727, 0.28929384965831434, 0.28929384965831434, 0.3047752808988764, 0.35508021390374334, 0.3319362950544845, 0.2496969696969697, 0.2517985611510791, 0.22424242424242424, 0.27348643006263046, 0.2808259587020649, 0.29952830188679247, 0.3246753246753247, 0.1111111111111111, 0.3237704918032787, 0.28140214216163584, 0.278855975485189, 0.2848617465685299, 0.2932351715516044, 1, 0.29552767052767054, 0.2511261261261261, 0.3030888030888031, 0.34684684684684686, 0.25273487773487774, 0.25788288288288286, 0.26753539253539255, 0.26673101673101673, 0.24678249678249678, 0.23986486486486486, 0.3698519948519948, 0.2528957528957529, 0.28812741312741313, 0.282014157014157, 0.2776705276705277, 0.3083976833976834, 0.25498712998712997, 0.20608108108108109, 0.22747747747747749, 0.287966537966538]
[0.22262773722627738, 0.21428571428571427, 0.2512820512820513, 0.24, 0.2542372881355932, 0.30623818525519847, 0.28958509737510585, 0.27883742052679383, 0.3198757763975155, 0.25165562913907286, 0.22760290556900725, 0.2624356775300172, 0.2870159453302961, 0.2870159453302961, 0.24578651685393257, 0.2887700534759358, 0.24029058396200056, 0.29454545454545455, 0.24100719424460432, 0.18787878787878787, 0.2588726513569937, 0.287905604719764, 0.2617924528301887, 0.2701298701298701, 0.2222222222222222, 0.26844262295081966, 0.2726387536514119, 0.355464759959142, 0.24408195742987865, 0.25475760522294766, 0.29552767052767054, 1, 0.2701463586669018, 0.30752953623699525, 0.3503791218479986, 0.2934226767765826, 0.2503967554223241, 0.2311761594075119, 0.22835478751542937, 0.24299065420560748, 0.22888379474519485, 0.36695468171398343, 0.2542761417739376, 0.3107035796155881, 0.27614177393757716, 0.3182860165755599, 0.2655616293422677, 0.23523188150238053, 0.21495327102803738, 0.25780285663904073, 0.2738494092752601]
[0.2591240875912409, 0.2714285714285714, 0.27692307692307694, 0.2733333333333333, 0.2740112994350282, 0.27882797731569, 0.26079593564775616, 0.4150772025431426, 0.362111801242236, 0.3509933774834437, 0.22430112260620735, 0.27101200686106347, 0.2870159453302961, 0.2870159453302961, 0.28202247191011237, 0.28663101604278074, 0.266275495948589, 0.5393939393939394, 0.2014388489208633, 0.2727272727272727, 0.2254697286012526, 0.21061946902654868, 0.33726415094339623, 0.35064935064935066, 0.19444444444444445, 0.22131147540983606, 0.26582278481012656, 0.27374872318692545, 0.27571115973741794, 0.23267120433393526, 0.2511261261261261, 0.2701463586669018, 1, 0.3610062893081761, 0.3752620545073375, 0.6238993710691824, 0.2578616352201258, 0.2691823899371069, 0.25450733752620547, 0.26750524109014673, 0.2528301886792453, 0.36855345911949683, 0.2662473794549266, 0.38784067085953877, 0.31027253668763105, 0.39119496855345914, 0.27756813417190773, 0.2813417190775681, 0.2540880503144654, 0.38280922431865827, 0.3379454926624738]
[0.32116788321167883, 0.29285714285714287, 0.4, 0.4066666666666667, 0.4774011299435028, 0.34782608695652173, 0.34250635055038103, 0.35603996366939145, 0.3453416149068323, 0.4105960264900662, 0.2965001100594321, 0.307032590051458, 0.4168564920273349, 0.4168564920273349, 0.35224719101123597, 0.36684491978609624, 0.31824531992176586, 0.3975757575757576, 0.4028776978417266, 0.23636363636363636, 0.34237995824634654, 0.31150442477876106, 0.3419811320754717, 0.3064935064935065, 0.3055555555555556, 0.3319672131147541, 0.32619279454722494, 0.3503575076608784, 0.3172866520787746, 0.279622169745798, 0.3030888030888031, 0.30752953623699525, 0.3610062893081761, 1, 0.8707482993197279, 0.24489795918367346, 0.41836734693877553, 0.35374149659863946, 0.3197278911564626, 0.30952380952380953, 0.29931972789115646, 0.3435374149659864, 0.3707482993197279, 0.2789115646258503, 0.35714285714285715, 0.272108843537415, 0.3197278911564626, 0.35374149659863946, 0.21428571428571427, 0.20408163265306123, 0.48299319727891155]
[0.31386861313868614, 0.43214285714285716, 0.35128205128205126, 0.37, 0.4350282485875706, 0.3761814744801512, 0.3598645215918713, 0.368755676657584, 0.3490683229813665, 0.4768211920529801, 0.3262161567246313, 0.37221269296740994, 0.4031890660592255, 0.4031890660592255, 0.3651685393258427, 0.4053475935828877, 0.34199497066219614, 0.3793939393939394, 0.4172661870503597, 0.34545454545454546, 0.4133611691022965, 0.3805309734513274, 0.3915094339622642, 0.43116883116883115, 0.4444444444444444, 0.4036885245901639, 0.37098344693281404, 0.3769152196118488, 0.40958822359259994, 0.3256007778858175, 0.34684684684684686, 0.3503791218479986, 0.3752620545073375, 0.8707482993197279, 1, 0.24924012158054712, 0.4012158054711246, 0.3404255319148936, 0.303951367781155, 0.3404255319148936, 0.26443768996960487, 0.3556231003039514, 0.3373860182370821, 0.2765957446808511, 0.3252279635258359, 0.2796352583586626, 0.2826747720364742, 0.3617021276595745, 0.22188449848024316, 0.2066869300911854, 0.3981762917933131]
[0.2591240875912409, 0.2357142857142857, 0.3, 0.31, 0.3248587570621469, 0.3601134215500945, 0.25656223539373413, 0.2997275204359673, 0.268944099378882, 0.31125827814569534, 0.2430112260620735, 0.2658662092624357, 0.29157175398633256, 0.29157175398633256, 0.2907303370786517, 0.31336898395721924, 0.2827605476390053, 0.37696969696969695, 0.21942446043165467, 0.2545454545454545, 0.24217118997912318, 0.2949852507374631, 0.2806603773584906, 0.33506493506493507, 0.16666666666666666, 0.25, 0.29600778967867575, 0.35240040858018384, 0.3560771832106624, 0.26267537157938603, 0.25273487773487774, 0.2934226767765826, 0.6238993710691824, 0.24489795918367346, 0.24924012158054712, 1, 0.2763207905739263, 0.2687191182060053, 0.25465602432535156, 0.2637780311668567, 0.2554161915621437, 0.3690611934625618, 0.2725199543899658, 0.33105283162295707, 0.31736982136069936, 0.3181299885974915, 0.2797415431394907, 0.26985936906119345, 0.24895477004941088, 0.3112884834663626, 0.3169897377423033]
[0.28102189781021897, 0.3142857142857143, 0.28974358974358977, 0.29, 0.2909604519774011, 0.30245746691871456, 0.3060965283657917, 0.23887375113533152, 0.22546583850931676, 0.3443708609271523, 0.28681488003521904, 0.2847341337907376, 0.42596810933940776, 0.42596810933940776, 0.36713483146067416, 0.3572192513368984, 0.3461860854987427, 0.2824242424242424, 0.4676258992805755, 0.28484848484848485, 0.34029227557411273, 0.29970501474926253, 0.3018867924528302, 0.4051948051948052, 0.1388888888888889, 0.36885245901639346, 0.3330087633885102, 0.30745658835546474, 0.2920230753928785, 0.2501736352271149, 0.25788288288288286, 0.2503967554223241, 0.2578616352201258, 0.41836734693877553, 0.4012158054711246, 0.2763207905739263, 1, 0.6267887807670292, 0.27475672581568406, 0.3772180881511162, 0.2678878076702919, 0.4006868918145392, 0.26960503720664, 0.26960503720664, 0.34058385804235836, 0.27876359473382945, 0.28734974241556954, 0.3005151688609044, 0.25872925014310244, 0.22552947910704063, 0.3411562678878077]
[0.3029197080291971, 0.2857142857142857, 0.28974358974358977, 0.27, 0.2824858757062147, 0.30623818525519847, 0.292125317527519, 0.254314259763851, 0.23540372670807452, 0.3708609271523179, 0.28043143297380585, 0.3293310463121784, 0.40774487471526194, 0.40774487471526194, 0.37387640449438203, 0.37219251336898396, 0.37775915060072646, 0.2909090909090909, 0.46402877697841727, 0.3151515151515151, 0.348643006263048, 0.30973451327433627, 0.2830188679245283, 0.45454545454545453, 0.2777777777777778, 0.3709016393442623, 0.3291139240506329, 0.2839632277834525, 0.29401233339964195, 0.2530907070426448, 0.26753539253539255, 0.2311761594075119, 0.2691823899371069, 0.35374149659863946, 0.3404255319148936, 0.2687191182060053, 0.6267887807670292, 1, 0.27330264672036825, 0.4407364787111623, 0.28883774453394706, 0.41657077100115075, 0.2836593785960875, 0.29516685845799767, 0.3394706559263521, 0.2675489067894131, 0.2767548906789413, 0.2790563866513234, 0.23647871116225547, 0.23705408515535098, 0.3285385500575374]
[0.3248175182481752, 0.3392857142857143, 0.3333333333333333, 0.2833333333333333, 0.3135593220338983, 0.3657844990548204, 0.3573243014394581, 0.23978201634877383, 0.30807453416149067, 0.3443708609271523, 0.2548976447281532, 0.32075471698113206, 0.2938496583143508, 0.2938496583143508, 0.29775280898876405, 0.44278074866310163, 0.27549594858899135, 0.29333333333333333, 0.3273381294964029, 0.21212121212121213, 0.29436325678496866, 0.26489675516224187, 0.30660377358490565, 0.6025974025974026, 0.3333333333333333, 0.2786885245901639, 0.3388510223953262, 0.27477017364657813, 0.2786950467475632, 0.23100430615363246, 0.26673101673101673, 0.22835478751542937, 0.25450733752620547, 0.3197278911564626, 0.303951367781155, 0.25465602432535156, 0.27475672581568406, 0.27330264672036825, 1, 0.2522674865488086, 0.26856264411990777, 0.38554957724827055, 0.25257494235203687, 0.27640276710222905, 0.30007686395080707, 0.26887009992313604, 0.28747117601844735, 0.3884704073789393, 0.23412759415833975, 0.23197540353574173, 0.3049961568024597]
