[1.0, 0.014832, 0.017408, 0.0, 0.0, 0.0, 0.021742, 0.014832, 0.018437, 0.0, 0.0, 0.0, 0.0, 0.0, 0.0, 0.0, 0.0, 0.0, 0.0, 0.0, 0.0, 0.0, 0.0, 0.0, 0.0, 0.0, 0.0, 0.0, 0.0, 0.0, 0.0, 0.0, 0.0, 0.005565, 0.008495, 0.015623, 0.015623, 0.015068, 0.013152, 0.018417, 0.021576, 0.021576, 0.019513, 0.018245, 0.019784, 0.021167, 0.0, 0.0, 0.0, 0.0, 0.0, 0.0, 0.0, 0.0, 0.0, 0.0, 0.0, 0.0, 0.0, 0.0, 0.0, 0.817182, 0.434217, 0.011237, 0.009103, 0.01565, 0.01021, 0.0, 0.0, 0.00875, 0.00875, 0.00875, 0.007963, 0.122019, 0.170825, 0.0, 0.009173, 0.0, 0.0, 0.0, 0.0, 0.141891, 0.173534, 0.104302, 0.133621, 0.170825, 0.145219, 0.112302, 0.170825, 0.172136, 0.0, 0.0, 0.0, 0.0, 0.216307, 0.74263, 0.779686, 0.0, 0.0, 0.008523, 0.0, 0.0, 0.018417, 0.0, 0.0, 0.0, 0.0, 0.0, 0.019015, 0.0, 0.916265, 0.07706, 0.0, 0.0, 0.0, 0.0, 0.0, 0.0, 0.0, 0.0, 0.009165, 0.63293, 0.047253, 0.0, 0.384145, 0.0, 0.0, 0.00501, 0.006935, 0.0, 0.09767, 0.085659, 0.083964, 0.07514]
[0.014832, 1.0, 0.781601, 0.030952, 0.030952, 0.0, 0.760694, 0.545889, 0.711397, 0.022244, 0.021699, 0.035403, 0.024744, 0.014414, 0.009704, 0.035403, 0.035403, 0.02568, 0.04829, 0.04829, 0.027662, 0.010025, 0.035403, 0.035403, 0.035403, 0.035403, 0.035403, 0.035403, 0.019906, 0.02171, 0.025222, 0.035403, 0.041849, 0.008205, 0.040894, 0.463113, 0.463113, 0.527966, 0.438372, 0.496256, 0.624759, 0.624759, 0.549411, 0.513702, 0.46437, 0.567244, 0.024669, 0.036724, 0.0, 0.0, 0.0, 0.0, 0.0, 0.0, 0.0, 0.0, 0.0, 0.0, 0.0, 0.0, 0.0, 0.031683, 0.00853, 0.108139, 0.087606, 0.418673, 0.098252, 0.022713, 0.022524, 0.04212, 0.04212, 0.04212, 0.038331, 0.106024, 0.152266, 0.0, 0.044157, 0.030112, 0.015522, 0.023881, 0.023318, 0.184015, 0.067949, 0.142759, 0.05232, 0.152266, 0.129442, 0.15371, 0.152266, 0.153434, 0.0, 0.0, 0.0, 0.0, 0.024208, 0.028793, 0.03023, 0.0, 0.005029, 0.04103, 0.0, 0.0, 0.496256, 0.0, 0.0, 0.0, 0.005389, 0.0, 0.57433, 0.0, 0.0, 0.074927, 0.029701, 0.0, 0.0, 0.030112, 0.0, 0.02568, 0.0, 0.016528, 0.013512, 0.012433, 0.115824, 0.0, 0.011397, 0.022164, 0.0, 0.024119, 0.015603, 0.0, 0.030232, 0.146385, 0.169632, 0.362074]
[0.017408, 0.781601, 1.0, 0.036327, 0.036327, 0.0, 0.915729, 0.640678, 0.893304, 0.026106, 0.025466, 0.041551, 0.02904, 0.016917, 0.011389, 0.041551, 0.041551, 0.030139, 0.056675, 0.056675, 0.032466, 0.011766, 0.041551, 0.041551, 0.041551, 0.041551, 0.041551, 0.041551, 0.023363, 0.02548, 0.029601, 0.041551, 0.049116, 0.00963, 0.047995, 0.568262, 0.568262, 0.691208, 0.556137, 0.582426, 0.767402, 0.767402, 0.665406, 0.622157, 0.545003, 0.676911, 0.028953, 0.0431, 0.0, 0.0, 0.0, 0.0, 0.0, 0.0, 0.0, 0.0, 0.0, 0.0, 0.0, 0.0, 0.0, 0.037185, 0.010011, 0.162499, 0.131643, 0.565705, 0.147641, 0.026657, 0.026435, 0.049434, 0.049434, 0.049434, 0.044987, 0.124435, 0.228807, 0.0, 0.051825, 0.035341, 0.018217, 0.028028, 0.027367, 0.257583, 0.079747, 0.198138, 0.061405, 0.228807, 0.194509, 0.213337, 0.228807, 0.230562, 0.0, 0.0, 0.0, 0.0, 0.028411, 0.033793, 0.035479, 0.0, 0.005903, 0.048154, 0.0, 0.0, 0.582426, 0.0, 0.0, 0.0, 0.006324, 0.0, 0.722225, 0.0, 0.0, 0.087937, 0.034858, 0.0, 0.0, 0.035341, 0.0, 0.030139, 0.0, 0.019397, 0.015858, 0.014592, 0.135935, 0.0, 0.013376, 0.026012, 0.0, 0.028307, 0.018312, 0.0, 0.035481, 0.171803, 0.199087, 0.485453]
[0.0, 0.030952, 0.036327, 1.0, 1.0, 0.532696, 0.04537, 0.058418, 0.038474, 0.0, 0.350551, 0.0, 0.0, 0.61637, 0.046339, 0.0, 0.0, 0.0, 0.762994, 0.762994, 0.066045, 0.04787, 0.0, 0.0, 0.0, 0.0, 0.0, 0.0, 0.0, 0.0, 0.0, 0.0, 0.661218, 0.0, 0.049193, 0.485291, 0.485291, 0.525683, 0.027446, 0.038432, 0.045025, 0.045025, 0.040719, 0.038073, 0.013761, 0.044171, 0.0, 0.0, 0.179595, 0.214549, 0.280333, 0.0, 0.0, 0.017204, 0.0, 0.0, 0.0, 0.0, 0.0, 0.0, 0.0, 0.0, 0.0, 0.0, 0.0, 0.016329, 0.078103, 0.286418, 0.0, 0.01826, 0.01826, 0.01826, 0.04611, 0.041859, 0.0, 0.0, 0.019143, 0.0, 0.0, 0.0, 0.0, 0.0, 0.0, 0.073904, 0.0, 0.0, 0.0, 0.0, 0.0, 0.121968, 0.0, 0.0, 0.0, 0.0, 0.0, 0.0, 0.0, 0.0, 0.0, 0.017787, 0.038869, 0.032379, 0.038432, 0.231805, 0.0, 0.0, 0.0, 0.0, 0.03968, 0.0, 0.0, 0.01034, 0.0, 0.0, 0.038869, 0.0, 0.0, 0.0, 0.0, 0.0, 0.0, 0.031234, 0.033754, 0.410696, 0.0, 0.0, 0.256596, 0.010456, 0.0, 0.0, 0.013106, 0.021599, 0.021172, 0.456769]
[0.0, 0.030952, 0.036327, 1.0, 1.0, 0.532696, 0.04537, 0.058418, 0.038474, 0.0, 0.350551, 0.0, 0.0, 0.61637, 0.046339, 0.0, 0.0, 0.0, 0.762994, 0.762994, 0.066045, 0.04787, 0.0, 0.0, 0.0, 0.0, 0.0, 0.0, 0.0, 0.0, 0.0, 0.0, 0.661218, 0.0, 0.049193, 0.485291, 0.485291, 0.525683, 0.027446, 0.038432, 0.045025, 0.045025, 0.040719, 0.038073, 0.013761, 0.044171, 0.0, 0.0, 0.179595, 0.214549, 0.280333, 0.0, 0.0, 0.017204, 0.0, 0.0, 0.0, 0.0, 0.0, 0.0, 0.0, 0.0, 0.0, 0.0, 0.0, 0.016329, 0.078103, 0.286418, 0.0, 0.01826, 0.01826, 0.01826, 0.04611, 0.041859, 0.0, 0.0, 0.019143, 0.0, 0.0, 0.0, 0.0, 0.0, 0.0, 0.073904, 0.0, 0.0, 0.0, 0.0, 0.0, 0.121968, 0.0, 0.0, 0.0, 0.0, 0.0, 0.0, 0.0, 0.0, 0.0, 0.017787, 0.038869, 0.032379, 0.038432, 0.231805, 0.0, 0.0, 0.0, 0.0, 0.03968, 0.0, 0.0, 0.01034, 0.0, 0.0, 0.038869, 0.0, 0.0, 0.0, 0.0, 0.0, 0.0, 0.031234, 0.033754, 0.410696, 0.0, 0.0, 0.256596, 0.010456, 0.0, 0.0, 0.013106, 0.021599, 0.021172, 0.456769]
[0.0, 0.0, 0.0, 0.532696, 0.532696, 1.0, 0.0, 0.0, 0.0, 0.0, 0.0, 0.0, 0.0, 0.0, 0.0, 0.0, 0.0, 0.0, 0.0, 0.0, 0.0, 0.0, 0.0, 0.0, 0.0, 0.0, 0.0, 0.0, 0.0, 0.0, 0.0, 0.0, 0.0, 0.0, 0.0, 0.0, 0.0, 0.0, 0.0, 0.0, 0.0, 0.0, 0.0, 0.0, 0.0, 0.0, 0.0, 0.0, 0.337144, 0.402761, 0.469458, 0.0, 0.0, 0.0, 0.0, 0.0, 0.0, 0.0, 0.0, 0.0, 0.0, 0.0, 0.0, 0.0, 0.0, 0.0, 0.0, 0.0, 0.0, 0.0, 0.0, 0.0, 0.0, 0.0, 0.0, 0.0, 0.0, 0.0, 0.0, 0.0, 0.0, 0.0, 0.0, 0.0, 0.0, 0.0, 0.0, 0.0, 0.0, 0.0, 0.0, 0.0, 0.0, 0.0, 0.0, 0.0, 0.0, 0.0, 0.0, 0.0, 0.0, 0.0, 0.0, 0.435155, 0.0, 0.0, 0.0, 0.0, 0.0, 0.0, 0.0, 0.0, 0.0, 0.0, 0.0, 0.0, 0.0, 0.0, 0.0, 0.0, 0.0, 0.0, 0.0, 0.770978, 0.0, 0.0, 0.481694, 0.0, 0.0, 0.0, 0.0, 0.0, 0.0, 0.0]
[0.021742, 0.760694, 0.915729, 0.04537, 0.04537, 0.0, 1.0, 0.721561, 0.880412, 0.032605, 0.031806, 0.051895, 0.03627, 0.021128, 0.014225, 0.051895, 0.051895, 0.037642, 0.070785, 0.070785, 0.040548, 0.014695, 0.051895, 0.051895, 0.051895, 0.051895, 0.051895, 0.051895, 0.029179, 0.031823, 0.03697, 0.051895, 0.061343, 0.012027, 0.059944, 0.630105, 0.630105, 0.647446, 0.560516, 0.718526, 0.853687, 0.853687, 0.764756, 0.715051, 0.680683, 0.809467, 0.036161, 0.05383, 0.0, 0.0, 0.0, 0.0, 0.0, 0.0, 0.0, 0.0, 0.0, 0.0, 0.0, 0.0, 0.0, 0.046442, 0.012503, 0.088402, 0.071616, 0.474792, 0.08032, 0.033294, 0.033017, 0.061741, 0.061741, 0.061741, 0.056187, 0.144493, 0.124475, 0.0, 0.064727, 0.044139, 0.022752, 0.035006, 0.03418, 0.187734, 0.084071, 0.148984, 0.064734, 0.124475, 0.105816, 0.160412, 0.124475, 0.12543, 0.0, 0.0, 0.0, 0.0, 0.035484, 0.042205, 0.044311, 0.0, 0.007372, 0.060142, 0.0, 0.0, 0.718526, 0.0, 0.0, 0.0, 0.007899, 0.0, 0.757977, 0.0, 0.0, 0.109829, 0.043537, 0.0, 0.0, 0.044139, 0.0, 0.037642, 0.0, 0.024226, 0.019806, 0.018225, 0.15537, 0.0, 0.016705, 0.032488, 0.0, 0.035354, 0.022871, 0.0, 0.044314, 0.193458, 0.227952, 0.417664]
[0.014832, 0.545889, 0.640678, 0.058418, 0.058418, 0.0, 0.721561, 1.0, 0.663207, 0.022243, 0.035514, 0.035402, 0.024743, 0.041948, 0.123354, 0.035402, 0.035402, 0.025679, 0.077549, 0.077549, 0.189643, 0.127429, 0.035402, 0.035402, 0.035402, 0.035402, 0.035402, 0.035402, 0.019906, 0.021709, 0.025221, 0.035402, 0.067204, 0.008205, 0.118064, 0.444096, 0.444096, 0.428319, 0.367389, 0.57313, 0.566525, 0.566525, 0.514295, 0.480868, 0.586913, 0.577646, 0.024668, 0.036722, 0.0, 0.0, 0.074202, 0.0, 0.0, 0.042194, 0.0, 0.0, 0.0, 0.0, 0.0, 0.0, 0.0, 0.031682, 0.008529, 0.047502, 0.038482, 0.291989, 0.043159, 0.037175, 0.022524, 0.042119, 0.042119, 0.042119, 0.110664, 0.303058, 0.066886, 0.0, 0.044156, 0.030111, 0.015521, 0.02388, 0.023317, 0.113094, 0.202164, 0.090626, 0.155665, 0.066886, 0.05686, 0.097578, 0.066886, 0.067399, 0.0, 0.0, 0.0, 0.0, 0.024207, 0.028792, 0.030229, 0.0, 0.005029, 0.041028, 0.09533, 0.00884, 0.57313, 0.0, 0.0, 0.0, 0.005388, 0.0, 0.492228, 0.0, 0.0, 0.074924, 0.0297, 0.0, 0.09533, 0.030111, 0.0, 0.025679, 0.0, 0.016527, 0.013512, 0.089037, 0.115819, 0.0, 0.011396, 0.022163, 0.0, 0.024118, 0.015602, 0.0, 0.030231, 0.146379, 0.169626, 0.277827]
[0.018437, 0.711397, 0.893304, 0.038474, 0.038474, 0.0, 0.880412, 0.663207, 1.0, 0.027649, 0.026972, 0.044007, 0.030757, 0.017917, 0.012063, 0.044007, 0.044007, 0.031921, 0.060026, 0.060026, 0.034385, 0.012461, 0.044007, 0.044007, 0.044007, 0.044007, 0.044007, 0.044007, 0.024744, 0.026986, 0.031351, 0.044007, 0.052019, 0.010199, 0.050833, 0.569262, 0.569262, 0.650102, 0.534132, 0.673036, 0.772171, 0.772171, 0.677602, 0.633561, 0.577223, 0.726621, 0.030665, 0.045648, 0.0, 0.0, 0.0, 0.0, 0.0, 0.0, 0.0, 0.0, 0.0, 0.0, 0.0, 0.0, 0.0, 0.039383, 0.010603, 0.125213, 0.101438, 0.507598, 0.113765, 0.028233, 0.027998, 0.052357, 0.052357, 0.052357, 0.047647, 0.20074, 0.176307, 0.0, 0.054888, 0.03743, 0.019294, 0.029685, 0.028985, 0.217967, 0.182521, 0.169538, 0.14054, 0.176307, 0.149879, 0.182542, 0.176307, 0.177659, 0.0, 0.0, 0.0, 0.0, 0.030091, 0.03579, 0.037576, 0.0, 0.006252, 0.051001, 0.0, 0.0, 0.673036, 0.0, 0.0, 0.0, 0.006698, 0.0, 0.71079, 0.0, 0.0, 0.093136, 0.036919, 0.0, 0.0, 0.03743, 0.0, 0.031921, 0.0, 0.020544, 0.016796, 0.015455, 0.131755, 0.0, 0.014166, 0.02755, 0.0, 0.029981, 0.019395, 0.0, 0.037579, 0.164053, 0.193305, 0.439629]
[0.0, 0.022244, 0.026106, 0.0, 0.0, 0.0, 0.032605, 0.022243, 0.027649, 1.0, 0.612636, 0.137064, 0.698616, 0.055804, 0.056378, 0.137064, 0.137064, 0.519001, 0.059302, 0.059302, 0.107095, 0.268187, 0.137064, 0.137064, 0.137064, 0.137064, 0.137064, 0.137064, 0.085611, 0.084051, 0.494554, 0.137064, 0.051392, 0.0, 0.021963, 0.023429, 0.023429, 0.022596, 0.019724, 0.027619, 0.024268, 0.024268, 0.019508, 0.01824, 0.019779, 0.015872, 0.701633, 0.680332, 0.0, 0.0, 0.0, 0.18339, 0.039673, 0.247409, 0.263614, 0.064998, 0.273034, 0.064998, 0.03885, 0.070281, 0.108099, 0.0, 0.0, 0.016852, 0.013652, 0.02347, 0.015311, 0.072826, 0.043549, 0.033423, 0.033423, 0.033423, 0.020586, 0.016949, 0.023728, 0.039189, 0.035039, 0.130441, 0.104465, 0.103449, 0.101011, 0.0, 0.024105, 0.014488, 0.01856, 0.023728, 0.020171, 0.015599, 0.023728, 0.02391, 0.315639, 0.036911, 0.005034, 0.037619, 0.0, 0.0, 0.0, 0.0, 0.033848, 0.032557, 0.0, 0.0, 0.027619, 0.0, 0.0, 0.499093, 0.427891, 0.119875, 0.011406, 0.041125, 0.0, 0.0, 0.096092, 0.031586, 0.0, 0.130441, 0.418874, 0.519001, 0.024104, 0.053309, 0.0, 0.136986, 0.0, 0.0, 0.0, 0.600761, 0.0, 0.081391, 0.155564, 0.024219, 0.016236, 0.0, 0.0, 0.019105]
[0.0, 0.021699, 0.025466, 0.350551, 0.350551, 0.0, 0.031806, 0.035514, 0.026972, 0.612636, 1.0, 0.133706, 0.854967, 0.364483, 0.078306, 0.133706, 0.133706, 0.593191, 0.431286, 0.431286, 0.137693, 0.080893, 0.133706, 0.133706, 0.133706, 0.133706, 0.133706, 0.133706, 0.083514, 0.081991, 0.087228, 0.133706, 0.373756, 0.035486, 0.037252, 0.250567, 0.250567, 0.270655, 0.019241, 0.026942, 0.023673, 0.023673, 0.01903, 0.017794, 0.019295, 0.015483, 0.856533, 0.672756, 0.0, 0.0, 0.015219, 0.049481, 0.038701, 0.064938, 0.047162, 0.063406, 0.0541, 0.063406, 0.037898, 0.068559, 0.045694, 0.0, 0.0, 0.016439, 0.013318, 0.022895, 0.054223, 0.215116, 0.042482, 0.032604, 0.032604, 0.032604, 0.034917, 0.03759, 0.023147, 0.038229, 0.034181, 0.127245, 0.101906, 0.100915, 0.098536, 0.0, 0.023514, 0.051308, 0.018106, 0.023147, 0.019677, 0.015217, 0.023147, 0.084677, 0.030734, 0.036007, 0.049865, 0.036697, 0.0, 0.0, 0.0, 0.0, 0.033019, 0.03176, 0.019552, 0.016287, 0.026942, 0.0, 0.0, 0.004243, 0.030538, 0.116938, 0.011127, 0.040118, 0.0, 0.0, 0.093737, 0.030812, 0.019552, 0.127245, 0.003561, 0.593191, 0.023513, 0.052003, 0.0, 0.015711, 0.010986, 0.0, 0.0, 0.742493, 0.0, 0.0, 0.041868, 0.023626, 0.015838, 0.0, 0.0, 0.235028]
[0.0, 0.035403, 0.041551, 0.0, 0.0, 0.0, 0.051895, 0.035402, 0.044007, 0.137064, 0.133706, 1.0, 0.152471, 0.407139, 0.518353, 1.0, 1.0, 0.316665, 0.432661, 0.432661, 0.781352, 0.216391, 1.0, 1.0, 1.0, 1.0, 1.0, 1.0, 0.919873, 0.613222, 0.155415, 1.0, 0.374948, 0.0, 0.0, 0.037289, 0.037289, 0.035965, 0.031393, 0.043959, 0.038625, 0.038625, 0.03105, 0.029032, 0.031481, 0.025262, 0.14114, 0.248945, 0.0, 0.0, 0.0, 0.0, 0.0, 0.0, 0.0, 0.0, 0.0, 0.0, 0.0, 0.0, 0.0, 0.0, 0.0, 0.026822, 0.021729, 0.037355, 0.024369, 0.069895, 0.069314, 0.0, 0.0, 0.0, 0.0, 0.026976, 0.037766, 0.024729, 0.0, 0.437509, 0.403278, 0.346977, 0.338798, 0.0, 0.038365, 0.023059, 0.029541, 0.037766, 0.032105, 0.024828, 0.037766, 0.038056, 0.01988, 0.023291, 0.024038, 0.023738, 0.0, 0.0, 0.0, 0.0, 0.130667, 0.0, 0.0, 0.0, 0.043959, 0.0, 0.0, 0.02077, 0.116313, 0.572384, 0.018155, 0.02595, 0.0, 0.0, 0.091398, 0.032642, 0.0, 0.437509, 0.017431, 0.316665, 0.02491, 0.328178, 0.0, 0.0, 0.0, 0.0, 0.0, 0.150246, 0.0, 0.0, 0.016552, 0.025029, 0.0, 0.0, 0.0, 0.030408]
[0.0, 0.024744, 0.02904, 0.0, 0.0, 0.0, 0.03627, 0.024743, 0.030757, 0.698616, 0.854967, 0.152471, 1.0, 0.062077, 0.062715, 0.152471, 0.152471, 0.754414, 0.065968, 0.065968, 0.119133, 0.064787, 0.152471, 0.152471, 0.152471, 0.152471, 0.152471, 0.152471, 0.095235, 0.093498, 0.124997, 0.152471, 0.057169, 0.040466, 0.024432, 0.026062, 0.026062, 0.025136, 0.021941, 0.030723, 0.026996, 0.026996, 0.021701, 0.020291, 0.022002, 0.017656, 0.998144, 0.811775, 0.0, 0.0, 0.0, 0.056426, 0.069861, 0.064183, 0.053781, 0.096951, 0.061693, 0.096951, 0.043217, 0.078181, 0.052107, 0.0, 0.0, 0.018746, 0.015187, 0.026108, 0.017032, 0.081012, 0.048444, 0.03718, 0.03718, 0.03718, 0.0229, 0.018854, 0.026396, 0.077755, 0.038978, 0.145103, 0.116208, 0.115077, 0.112365, 0.0, 0.026814, 0.016116, 0.020647, 0.026396, 0.022439, 0.017353, 0.026396, 0.026598, 0.035047, 0.04106, 0.056863, 0.041848, 0.0, 0.0, 0.0, 0.0, 0.037653, 0.036217, 0.0, 0.0, 0.030723, 0.0, 0.0, 0.004839, 0.034824, 0.133349, 0.012689, 0.081596, 0.0, 0.0, 0.106893, 0.035136, 0.0, 0.145103, 0.004061, 0.754414, 0.026813, 0.059302, 0.0, 0.0, 0.0, 0.0, 0.0, 0.846698, 0.0, 0.0, 0.047743, 0.026941, 0.018061, 0.0, 0.0, 0.021252]
[0.0, 0.014414, 0.016917, 0.61637, 0.61637, 0.0, 0.021128, 0.041948, 0.017917, 0.055804, 0.364483, 0.407139, 0.062077, 1.0, 0.257494, 0.407139, 0.407139, 0.128926, 0.832761, 0.832761, 0.384325, 0.136088, 0.407139, 0.407139, 0.407139, 0.407139, 0.407139, 0.407139, 0.374516, 0.249666, 0.063275, 0.407139, 0.721679, 0.0, 0.031542, 0.399683, 0.399683, 0.443257, 0.012781, 0.017897, 0.015726, 0.015726, 0.012642, 0.01182, 0.012817, 0.010285, 0.057464, 0.101355, 0.0, 0.0, 0.030329, 0.0, 0.0, 0.017246, 0.0, 0.0, 0.0, 0.0, 0.0, 0.0, 0.0, 0.0, 0.0, 0.01092, 0.008847, 0.015209, 0.088215, 0.42922, 0.02822, 0.0, 0.0, 0.0, 0.029565, 0.052945, 0.015376, 0.010068, 0.0, 0.178127, 0.16419, 0.141268, 0.137938, 0.0, 0.01562, 0.083472, 0.012027, 0.015376, 0.013071, 0.010108, 0.015376, 0.13776, 0.008094, 0.009483, 0.009787, 0.009665, 0.0, 0.0, 0.0, 0.0, 0.0532, 0.0, 0.038964, 0.032458, 0.017897, 0.0, 0.0, 0.008456, 0.047356, 0.23304, 0.007391, 0.010565, 0.0, 0.0, 0.037212, 0.01329, 0.038964, 0.178127, 0.007097, 0.128926, 0.010142, 0.133614, 0.0, 0.03131, 0.021893, 0.0, 0.0, 0.061171, 0.0, 0.0, 0.006739, 0.01019, 0.0, 0.0, 0.0, 0.387109]
[0.0, 0.009704, 0.011389, 0.046339, 0.046339, 0.0, 0.014225, 0.123354, 0.012063, 0.056378, 0.078306, 0.518353, 0.062715, 0.257494, 1.0, 0.518353, 0.518353, 0.15194, 0.273635, 0.273635, 0.678291, 0.308243, 0.518353, 0.518353, 0.518353, 0.518353, 0.518353, 0.518353, 0.487498, 0.317866, 0.063926, 0.518353, 0.237135, 0.0, 0.130193, 0.049273, 0.049273, 0.047522, 0.008605, 0.012049, 0.010588, 0.010588, 0.008511, 0.007958, 0.008629, 0.006924, 0.056567, 0.105499, 0.0, 0.0, 0.125185, 0.0, 0.0, 0.071185, 0.0, 0.0, 0.0, 0.0, 0.0, 0.0, 0.0, 0.0, 0.0, 0.007352, 0.005956, 0.010239, 0.00668, 0.043558, 0.018999, 0.0, 0.0, 0.0, 0.122033, 0.180596, 0.010352, 0.013557, 0.0, 0.21445, 0.207991, 0.170074, 0.166065, 0.0, 0.010516, 0.006321, 0.008097, 0.010352, 0.0088, 0.006806, 0.010352, 0.010432, 0.010899, 0.012769, 0.013178, 0.013013, 0.0, 0.0, 0.0, 0.0, 0.067392, 0.0, 0.160829, 0.014913, 0.012049, 0.0, 0.0, 0.011386, 0.059219, 0.31379, 0.004976, 0.014226, 0.0, 0.0, 0.025053, 0.017895, 0.160829, 0.21445, 0.009556, 0.15194, 0.013656, 0.165971, 0.0, 0.129237, 0.0, 0.0, 0.0, 0.063672, 0.0, 0.0, 0.004537, 0.013721, 0.0, 0.0, 0.0, 0.040179]
[0.0, 0.035403, 0.041551, 0.0, 0.0, 0.0, 0.051895, 0.035402, 0.044007, 0.137064, 0.133706, 1.0, 0.152471, 0.407139, 0.518353, 1.0, 1.0, 0.316665, 0.432661, 0.432661, 0.781352, 0.216391, 1.0, 1.0, 1.0, 1.0, 1.0, 1.0, 0.919873, 0.613222, 0.155415, 1.0, 0.374948, 0.0, 0.0, 0.037289, 0.037289, 0.035965, 0.031393, 0.043959, 0.038625, 0.038625, 0.03105, 0.029032, 0.031481, 0.025262, 0.14114, 0.248945, 0.0, 0.0, 0.0, 0.0, 0.0, 0.0, 0.0, 0.0, 0.0, 0.0, 0.0, 0.0, 0.0, 0.0, 0.0, 0.026822, 0.021729, 0.037355, 0.024369, 0.069895, 0.069314, 0.0, 0.0, 0.0, 0.0, 0.026976, 0.037766, 0.024729, 0.0, 0.437509, 0.403278, 0.346977, 0.338798, 0.0, 0.038365, 0.023059, 0.029541, 0.037766, 0.032105, 0.024828, 0.037766, 0.038056, 0.01988, 0.023291, 0.024038, 0.023738, 0.0, 0.0, 0.0, 0.0, 0.130667, 0.0, 0.0, 0.0, 0.043959, 0.0, 0.0, 0.02077, 0.116313, 0.572384, 0.018155, 0.02595, 0.0, 0.0, 0.091398, 0.032642, 0.0, 0.437509, 0.017431, 0.316665, 0.02491, 0.328178, 0.0, 0.0, 0.0, 0.0, 0.0, 0.150246, 0.0, 0.0, 0.016552, 0.025029, 0.0, 0.0, 0.0, 0.030408]
[0.0, 0.035403, 0.041551, 0.0, 0.0, 0.0, 0.051895, 0.035402, 0.044007, 0.137064, 0.133706, 1.0, 0.152471, 0.407139, 0.518353, 1.0, 1.0, 0.316665, 0.432661, 0.432661, 0.781352, 0.216391, 1.0, 1.0, 1.0, 1.0, 1.0, 1.0, 0.919873, 0.613222, 0.155415, 1.0, 0.374948, 0.0, 0.0, 0.037289, 0.037289, 0.035965, 0.031393, 0.043959, 0.038625, 0.038625, 0.03105, 0.029032, 0.031481, 0.025262, 0.14114, 0.248945, 0.0, 0.0, 0.0, 0.0, 0.0, 0.0, 0.0, 0.0, 0.0, 0.0, 0.0, 0.0, 0.0, 0.0, 0.0, 0.026822, 0.021729, 0.037355, 0.024369, 0.069895, 0.069314, 0.0, 0.0, 0.0, 0.0, 0.026976, 0.037766, 0.024729, 0.0, 0.437509, 0.403278, 0.346977, 0.338798, 0.0, 0.038365, 0.023059, 0.029541, 0.037766, 0.032105, 0.024828, 0.037766, 0.038056, 0.01988, 0.023291, 0.024038, 0.023738, 0.0, 0.0, 0.0, 0.0, 0.130667, 0.0, 0.0, 0.0, 0.043959, 0.0, 0.0, 0.02077, 0.116313, 0.572384, 0.018155, 0.02595, 0.0, 0.0, 0.091398, 0.032642, 0.0, 0.437509, 0.017431, 0.316665, 0.02491, 0.328178, 0.0, 0.0, 0.0, 0.0, 0.0, 0.150246, 0.0, 0.0, 0.016552, 0.025029, 0.0, 0.0, 0.0, 0.030408]
[0.0, 0.02568, 0.030139, 0.0, 0.0, 0.0, 0.037642, 0.025679, 0.031921, 0.519001, 0.593191, 0.316665, 0.754414, 0.128926, 0.15194, 0.316665, 0.316665, 1.0, 0.137008, 0.137008, 0.247427, 0.156959, 0.316665, 0.316665, 0.316665, 0.316665, 0.316665, 0.316665, 0.207643, 0.194186, 0.228055, 0.316665, 0.118733, 0.0, 0.0, 0.027048, 0.027048, 0.026087, 0.022771, 0.031885, 0.028017, 0.028017, 0.022522, 0.021058, 0.022835, 0.018324, 0.737248, 0.797706, 0.0, 0.0, 0.0, 0.054022, 0.116238, 0.06145, 0.069728, 0.145963, 0.059065, 0.145963, 0.041376, 0.064008, 0.049888, 0.0, 0.0, 0.019455, 0.015761, 0.027096, 0.017676, 0.115264, 0.050277, 0.115758, 0.115758, 0.115758, 0.0, 0.019567, 0.027394, 0.124295, 0.121356, 0.317346, 0.292517, 0.251679, 0.245747, 0.0, 0.027828, 0.016726, 0.021428, 0.027394, 0.023288, 0.018009, 0.027394, 0.027604, 0.01442, 0.016894, 0.017436, 0.017218, 0.0, 0.0, 0.0, 0.0, 0.094779, 0.112761, 0.0, 0.0, 0.031885, 0.0, 0.0, 0.015065, 0.084368, 0.415178, 0.013168, 0.130435, 0.0, 0.0, 0.138664, 0.023677, 0.0, 0.317346, 0.012644, 1.0, 0.018068, 0.110851, 0.0, 0.0, 0.0, 0.0, 0.0, 0.610672, 0.0, 0.0, 0.012006, 0.018155, 0.0, 0.0, 0.0, 0.022056]
[0.0, 0.04829, 0.056675, 0.762994, 0.762994, 0.0, 0.070785, 0.077549, 0.060026, 0.059302, 0.431286, 0.432661, 0.065968, 0.832761, 0.273635, 0.432661, 0.432661, 0.137008, 1.0, 1.0, 0.408417, 0.144619, 0.432661, 0.432661, 0.432661, 0.432661, 0.432661, 0.432661, 0.397993, 0.265317, 0.067242, 0.432661, 0.866609, 0.0, 0.052405, 0.533106, 0.533106, 0.575562, 0.04282, 0.05996, 0.064677, 0.064677, 0.056811, 0.053119, 0.02828, 0.057985, 0.061066, 0.107709, 0.0, 0.0, 0.03223, 0.0, 0.0, 0.018327, 0.0, 0.0, 0.0, 0.0, 0.0, 0.0, 0.0, 0.0, 0.0, 0.011605, 0.009401, 0.033558, 0.093745, 0.335357, 0.029989, 0.019452, 0.019452, 0.019452, 0.04912, 0.056264, 0.01634, 0.010699, 0.020392, 0.189293, 0.174482, 0.150123, 0.146585, 0.0, 0.016599, 0.088705, 0.012781, 0.01634, 0.013891, 0.010742, 0.01634, 0.146396, 0.008601, 0.010077, 0.0104, 0.01027, 0.0, 0.0, 0.0, 0.0, 0.056534, 0.018948, 0.041407, 0.034493, 0.05996, 0.0, 0.0, 0.008986, 0.050324, 0.247648, 0.050126, 0.011228, 0.0, 0.011015, 0.039544, 0.014123, 0.041407, 0.189293, 0.007542, 0.137008, 0.010777, 0.14199, 0.0, 0.033273, 0.035958, 0.0, 0.0, 0.065005, 0.0, 0.011138, 0.007161, 0.010829, 0.013961, 0.023009, 0.022554, 0.499745]
[0.0, 0.04829, 0.056675, 0.762994, 0.762994, 0.0, 0.070785, 0.077549, 0.060026, 0.059302, 0.431286, 0.432661, 0.065968, 0.832761, 0.273635, 0.432661, 0.432661, 0.137008, 1.0, 1.0, 0.408417, 0.144619, 0.432661, 0.432661, 0.432661, 0.432661, 0.432661, 0.432661, 0.397993, 0.265317, 0.067242, 0.432661, 0.866609, 0.0, 0.052405, 0.533106, 0.533106, 0.575562, 0.04282, 0.05996, 0.064677, 0.064677, 0.056811, 0.053119, 0.02828, 0.057985, 0.061066, 0.107709, 0.0, 0.0, 0.03223, 0.0, 0.0, 0.018327, 0.0, 0.0, 0.0, 0.0, 0.0, 0.0, 0.0, 0.0, 0.0, 0.011605, 0.009401, 0.033558, 0.093745, 0.335357, 0.029989, 0.019452, 0.019452, 0.019452, 0.04912, 0.056264, 0.01634, 0.010699, 0.020392, 0.189293, 0.174482, 0.150123, 0.146585, 0.0, 0.016599, 0.088705, 0.012781, 0.01634, 0.013891, 0.010742, 0.01634, 0.146396, 0.008601, 0.010077, 0.0104, 0.01027, 0.0, 0.0, 0.0, 0.0, 0.056534, 0.018948, 0.041407, 0.034493, 0.05996, 0.0, 0.0, 0.008986, 0.050324, 0.247648, 0.050126, 0.011228, 0.0, 0.011015, 0.039544, 0.014123, 0.041407, 0.189293, 0.007542, 0.137008, 0.010777, 0.14199, 0.0, 0.033273, 0.035958, 0.0, 0.0, 0.065005, 0.0, 0.011138, 0.007161, 0.010829, 0.013961, 0.023009, 0.022554, 0.499745]
[0.0, 0.027662, 0.032466, 0.066045, 0.066045, 0.0, 0.040548, 0.189643, 0.034385, 0.107095, 0.137693, 0.781352, 0.119133, 0.384325, 0.678291, 0.781352, 0.781352, 0.247427, 0.408417, 0.408417, 1.0, 0.45138, 0.781352, 0.781352, 0.781352, 0.781352, 0.781352, 0.781352, 0.718745, 0.479143, 0.121434, 0.781352, 0.353938, 0.0, 0.18556, 0.084795, 0.084795, 0.081782, 0.024529, 0.034347, 0.03018, 0.03018, 0.024261, 0.022684, 0.024598, 0.019738, 0.11028, 0.194514, 0.0, 0.0, 0.178422, 0.0, 0.0, 0.101457, 0.0, 0.0, 0.0, 0.0, 0.0, 0.0, 0.0, 0.0, 0.0, 0.020957, 0.016978, 0.029188, 0.019041, 0.089388, 0.054158, 0.0, 0.0, 0.0, 0.17393, 0.267936, 0.029509, 0.019322, 0.0, 0.341849, 0.315102, 0.271111, 0.264721, 0.0, 0.029977, 0.018017, 0.023082, 0.029509, 0.025086, 0.019399, 0.029509, 0.029735, 0.015533, 0.018199, 0.018782, 0.018548, 0.0, 0.0, 0.0, 0.0, 0.102097, 0.0, 0.229223, 0.021255, 0.034347, 0.0, 0.0, 0.016228, 0.090882, 0.447234, 0.014185, 0.020276, 0.0, 0.0, 0.071414, 0.025505, 0.229223, 0.341849, 0.01362, 0.247427, 0.019463, 0.256423, 0.0, 0.184196, 0.0, 0.0, 0.0, 0.117395, 0.0, 0.0, 0.012933, 0.019556, 0.0, 0.0, 0.0, 0.069146]
[0.0, 0.010025, 0.011766, 0.04787, 0.04787, 0.0, 0.014695, 0.127429, 0.012461, 0.268187, 0.080893, 0.216391, 0.064787, 0.136088, 0.308243, 0.216391, 0.216391, 0.156959, 0.144619, 0.144619, 0.45138, 1.0, 0.216391, 0.216391, 0.216391, 0.216391, 0.216391, 0.216391, 0.144775, 0.132696, 0.256483, 0.216391, 0.125328, 0.0, 0.134494, 0.0509, 0.0509, 0.049092, 0.008889, 0.012447, 0.010937, 0.010937, 0.008792, 0.008221, 0.008914, 0.007153, 0.058435, 0.108984, 0.0, 0.0, 0.12932, 0.071749, 0.0, 0.15515, 0.092608, 0.0, 0.11767, 0.0, 0.0, 0.0, 0.033129, 0.0, 0.0, 0.007595, 0.006153, 0.010578, 0.006901, 0.044997, 0.019627, 0.0, 0.0, 0.0, 0.126065, 0.186562, 0.010694, 0.014004, 0.0, 0.221534, 0.214862, 0.175693, 0.171551, 0.0, 0.010864, 0.00653, 0.008365, 0.010694, 0.009091, 0.00703, 0.010694, 0.010776, 0.164925, 0.01319, 0.013614, 0.013443, 0.0, 0.0, 0.0, 0.0, 0.069618, 0.0, 0.166142, 0.015406, 0.012447, 0.0, 0.0, 0.279333, 0.244271, 0.324156, 0.005141, 0.014696, 0.0, 0.0, 0.025881, 0.018486, 0.166142, 0.221534, 0.234435, 0.156959, 0.014107, 0.072147, 0.0, 0.207592, 0.0, 0.0, 0.0, 0.065775, 0.0, 0.044018, 0.065608, 0.014175, 0.0, 0.0, 0.0, 0.041507]
[0.0, 0.035403, 0.041551, 0.0, 0.0, 0.0, 0.051895, 0.035402, 0.044007, 0.137064, 0.133706, 1.0, 0.152471, 0.407139, 0.518353, 1.0, 1.0, 0.316665, 0.432661, 0.432661, 0.781352, 0.216391, 1.0, 1.0, 1.0, 1.0, 1.0, 1.0, 0.919873, 0.613222, 0.155415, 1.0, 0.374948, 0.0, 0.0, 0.037289, 0.037289, 0.035965, 0.031393, 0.043959, 0.038625, 0.038625, 0.03105, 0.029032, 0.031481, 0.025262, 0.14114, 0.248945, 0.0, 0.0, 0.0, 0.0, 0.0, 0.0, 0.0, 0.0, 0.0, 0.0, 0.0, 0.0, 0.0, 0.0, 0.0, 0.026822, 0.021729, 0.037355, 0.024369, 0.069895, 0.069314, 0.0, 0.0, 0.0, 0.0, 0.026976, 0.037766, 0.024729, 0.0, 0.437509, 0.403278, 0.346977, 0.338798, 0.0, 0.038365, 0.023059, 0.029541, 0.037766, 0.032105, 0.024828, 0.037766, 0.038056, 0.01988, 0.023291, 0.024038, 0.023738, 0.0, 0.0, 0.0, 0.0, 0.130667, 0.0, 0.0, 0.0, 0.043959, 0.0, 0.0, 0.02077, 0.116313, 0.572384, 0.018155, 0.02595, 0.0, 0.0, 0.091398, 0.032642, 0.0, 0.437509, 0.017431, 0.316665, 0.02491, 0.328178, 0.0, 0.0, 0.0, 0.0, 0.0, 0.150246, 0.0, 0.0, 0.016552, 0.025029, 0.0, 0.0, 0.0, 0.030408]
[0.0, 0.035403, 0.041551, 0.0, 0.0, 0.0, 0.051895, 0.035402, 0.044007, 0.137064, 0.133706, 1.0, 0.152471, 0.407139, 0.518353, 1.0, 1.0, 0.316665, 0.432661, 0.432661, 0.781352, 0.216391, 1.0, 1.0, 1.0, 1.0, 1.0, 1.0, 0.919873, 0.613222, 0.155415, 1.0, 0.374948, 0.0, 0.0, 0.037289, 0.037289, 0.035965, 0.031393, 0.043959, 0.038625, 0.038625, 0.03105, 0.029032, 0.031481, 0.025262, 0.14114, 0.248945, 0.0, 0.0, 0.0, 0.0, 0.0, 0.0, 0.0, 0.0, 0.0, 0.0, 0.0, 0.0, 0.0, 0.0, 0.0, 0.026822, 0.021729, 0.037355, 0.024369, 0.069895, 0.069314, 0.0, 0.0, 0.0, 0.0, 0.026976, 0.037766, 0.024729, 0.0, 0.437509, 0.403278, 0.346977, 0.338798, 0.0, 0.038365, 0.023059, 0.029541, 0.037766, 0.032105, 0.024828, 0.037766, 0.038056, 0.01988, 0.023291, 0.024038, 0.023738, 0.0, 0.0, 0.0, 0.0, 0.130667, 0.0, 0.0, 0.0, 0.043959, 0.0, 0.0, 0.02077, 0.116313, 0.572384, 0.018155, 0.02595, 0.0, 0.0, 0.091398, 0.032642, 0.0, 0.437509, 0.017431, 0.316665, 0.02491, 0.328178, 0.0, 0.0, 0.0, 0.0, 0.0, 0.150246, 0.0, 0.0, 0.016552, 0.025029, 0.0, 0.0, 0.0, 0.030408]
[0.0, 0.035403, 0.041551, 0.0, 0.0, 0.0, 0.051895, 0.035402, 0.044007, 0.137064, 0.133706, 1.0, 0.152471, 0.407139, 0.518353, 1.0, 1.0, 0.316665, 0.432661, 0.432661, 0.781352, 0.216391, 1.0, 1.0, 1.0, 1.0, 1.0, 1.0, 0.919873, 0.613222, 0.155415, 1.0, 0.374948, 0.0, 0.0, 0.037289, 0.037289, 0.035965, 0.031393, 0.043959, 0.038625, 0.038625, 0.03105, 0.029032, 0.031481, 0.025262, 0.14114, 0.248945, 0.0, 0.0, 0.0, 0.0, 0.0, 0.0, 0.0, 0.0, 0.0, 0.0, 0.0, 0.0, 0.0, 0.0, 0.0, 0.026822, 0.021729, 0.037355, 0.024369, 0.069895, 0.069314, 0.0, 0.0, 0.0, 0.0, 0.026976, 0.037766, 0.024729, 0.0, 0.437509, 0.403278, 0.346977, 0.338798, 0.0, 0.038365, 0.023059, 0.029541, 0.037766, 0.032105, 0.024828, 0.037766, 0.038056, 0.01988, 0.023291, 0.024038, 0.023738, 0.0, 0.0, 0.0, 0.0, 0.130667, 0.0, 0.0, 0.0, 0.043959, 0.0, 0.0, 0.02077, 0.116313, 0.572384, 0.018155, 0.02595, 0.0, 0.0, 0.091398, 0.032642, 0.0, 0.437509, 0.017431, 0.316665, 0.02491, 0.328178, 0.0, 0.0, 0.0, 0.0, 0.0, 0.150246, 0.0, 0.0, 0.016552, 0.025029, 0.0, 0.0, 0.0, 0.030408]
[0.0, 0.035403, 0.041551, 0.0, 0.0, 0.0, 0.051895, 0.035402, 0.044007, 0.137064, 0.133706, 1.0, 0.152471, 0.407139, 0.518353, 1.0, 1.0, 0.316665, 0.432661, 0.432661, 0.781352, 0.216391, 1.0, 1.0, 1.0, 1.0, 1.0, 1.0, 0.919873, 0.613222, 0.155415, 1.0, 0.374948, 0.0, 0.0, 0.037289, 0.037289, 0.035965, 0.031393, 0.043959, 0.038625, 0.038625, 0.03105, 0.029032, 0.031481, 0.025262, 0.14114, 0.248945, 0.0, 0.0, 0.0, 0.0, 0.0, 0.0, 0.0, 0.0, 0.0, 0.0, 0.0, 0.0, 0.0, 0.0, 0.0, 0.026822, 0.021729, 0.037355, 0.024369, 0.069895, 0.069314, 0.0, 0.0, 0.0, 0.0, 0.026976, 0.037766, 0.024729, 0.0, 0.437509, 0.403278, 0.346977, 0.338798, 0.0, 0.038365, 0.023059, 0.029541, 0.037766, 0.032105, 0.024828, 0.037766, 0.038056, 0.01988, 0.023291, 0.024038, 0.023738, 0.0, 0.0, 0.0, 0.0, 0.130667, 0.0, 0.0, 0.0, 0.043959, 0.0, 0.0, 0.02077, 0.116313, 0.572384, 0.018155, 0.02595, 0.0, 0.0, 0.091398, 0.032642, 0.0, 0.437509, 0.017431, 0.316665, 0.02491, 0.328178, 0.0, 0.0, 0.0, 0.0, 0.0, 0.150246, 0.0, 0.0, 0.016552, 0.025029, 0.0, 0.0, 0.0, 0.030408]
[0.0, 0.035403, 0.041551, 0.0, 0.0, 0.0, 0.051895, 0.035402, 0.044007, 0.137064, 0.133706, 1.0, 0.152471, 0.407139, 0.518353, 1.0, 1.0, 0.316665, 0.432661, 0.432661, 0.781352, 0.216391, 1.0, 1.0, 1.0, 1.0, 1.0, 1.0, 0.919873, 0.613222, 0.155415, 1.0, 0.374948, 0.0, 0.0, 0.037289, 0.037289, 0.035965, 0.031393, 0.043959, 0.038625, 0.038625, 0.03105, 0.029032, 0.031481, 0.025262, 0.14114, 0.248945, 0.0, 0.0, 0.0, 0.0, 0.0, 0.0, 0.0, 0.0, 0.0, 0.0, 0.0, 0.0, 0.0, 0.0, 0.0, 0.026822, 0.021729, 0.037355, 0.024369, 0.069895, 0.069314, 0.0, 0.0, 0.0, 0.0, 0.026976, 0.037766, 0.024729, 0.0, 0.437509, 0.403278, 0.346977, 0.338798, 0.0, 0.038365, 0.023059, 0.029541, 0.037766, 0.032105, 0.024828, 0.037766, 0.038056, 0.01988, 0.023291, 0.024038, 0.023738, 0.0, 0.0, 0.0, 0.0, 0.130667, 0.0, 0.0, 0.0, 0.043959, 0.0, 0.0, 0.02077, 0.116313, 0.572384, 0.018155, 0.02595, 0.0, 0.0, 0.091398, 0.032642, 0.0, 0.437509, 0.017431, 0.316665, 0.02491, 0.328178, 0.0, 0.0, 0.0, 0.0, 0.0, 0.150246, 0.0, 0.0, 0.016552, 0.025029, 0.0, 0.0, 0.0, 0.030408]
[0.0, 0.035403, 0.041551, 0.0, 0.0, 0.0, 0.051895, 0.035402, 0.044007, 0.137064, 0.133706, 1.0, 0.152471, 0.407139, 0.518353, 1.0, 1.0, 0.316665, 0.432661, 0.432661, 0.781352, 0.216391, 1.0, 1.0, 1.0, 1.0, 1.0, 1.0, 0.919873, 0.613222, 0.155415, 1.0, 0.374948, 0.0, 0.0, 0.037289, 0.037289, 0.035965, 0.031393, 0.043959, 0.038625, 0.038625, 0.03105, 0.029032, 0.031481, 0.025262, 0.14114, 0.248945, 0.0, 0.0, 0.0, 0.0, 0.0, 0.0, 0.0, 0.0, 0.0, 0.0, 0.0, 0.0, 0.0, 0.0, 0.0, 0.026822, 0.021729, 0.037355, 0.024369, 0.069895, 0.069314, 0.0, 0.0, 0.0, 0.0, 0.026976, 0.037766, 0.024729, 0.0, 0.437509, 0.403278, 0.346977, 0.338798, 0.0, 0.038365, 0.023059, 0.029541, 0.037766, 0.032105, 0.024828, 0.037766, 0.038056, 0.01988, 0.023291, 0.024038, 0.023738, 0.0, 0.0, 0.0, 0.0, 0.130667, 0.0, 0.0, 0.0, 0.043959, 0.0, 0.0, 0.02077, 0.116313, 0.572384, 0.018155, 0.02595, 0.0, 0.0, 0.091398, 0.032642, 0.0, 0.437509, 0.017431, 0.316665, 0.02491, 0.328178, 0.0, 0.0, 0.0, 0.0, 0.0, 0.150246, 0.0, 0.0, 0.016552, 0.025029, 0.0, 0.0, 0.0, 0.030408]
[0.0, 0.019906, 0.023363, 0.0, 0.0, 0.0, 0.029179, 0.019906, 0.024744, 0.085611, 0.083514, 0.919873, 0.095235, 0.374516, 0.487498, 0.919873, 0.919873, 0.207643, 0.397993, 0.397993, 0.718745, 0.144775, 0.919873, 0.919873, 0.919873, 0.919873, 0.919873, 0.919873, 1.0, 0.564086, 0.097073, 0.919873, 0.344904, 0.0, 0.0, 0.020967, 0.020967, 0.020222, 0.017651, 0.024717, 0.021718, 0.021718, 0.017459, 0.016324, 0.017701, 0.014204, 0.087482, 0.156902, 0.0, 0.0, 0.0, 0.0, 0.0, 0.0, 0.0, 0.0, 0.0, 0.0, 0.0, 0.0, 0.0, 0.0, 0.0, 0.015081, 0.012218, 0.021004, 0.013702, 0.0393, 0.038973, 0.0, 0.0, 0.0, 0.0, 0.015168, 0.021235, 0.027808, 0.0, 0.317913, 0.30089, 0.252128, 0.246185, 0.0, 0.021572, 0.012966, 0.01661, 0.021235, 0.018052, 0.01396, 0.021235, 0.021398, 0.022356, 0.026192, 0.027032, 0.026694, 0.0, 0.0, 0.0, 0.0, 0.097492, 0.0, 0.0, 0.0, 0.024717, 0.0, 0.0, 0.023357, 0.077818, 0.393109, 0.010208, 0.029182, 0.0, 0.0, 0.051391, 0.036708, 0.0, 0.317913, 0.019603, 0.207643, 0.028012, 0.29582, 0.0, 0.0, 0.0, 0.0, 0.0, 0.094695, 0.0, 0.0, 0.009307, 0.028146, 0.0, 0.0, 0.0, 0.017097]
[0.0, 0.02171, 0.02548, 0.0, 0.0, 0.0, 0.031823, 0.021709, 0.026986, 0.084051, 0.081991, 0.613222, 0.093498, 0.249666, 0.317866, 0.613222, 0.613222, 0.194186, 0.265317, 0.265317, 0.479143, 0.132696, 0.613222, 0.613222, 0.613222, 0.613222, 0.613222, 0.613222, 0.564086, 1.0, 0.336932, 0.613222, 0.229926, 0.0, 0.080814, 0.022867, 0.022867, 0.022054, 0.019251, 0.026956, 0.023686, 0.023686, 0.01904, 0.017803, 0.019305, 0.015491, 0.08655, 0.152659, 0.0, 0.066665, 0.0, 0.0, 0.0, 0.0, 0.0, 0.0, 0.0, 0.0, 0.0, 0.0, 0.0, 0.102211, 0.0, 0.016448, 0.013325, 0.022907, 0.014944, 0.042861, 0.042505, 0.083237, 0.083237, 0.083237, 0.075749, 0.016542, 0.023159, 0.015164, 0.087262, 0.26829, 0.247299, 0.359215, 0.207758, 0.0, 0.023526, 0.01414, 0.018115, 0.023159, 0.019688, 0.015225, 0.023159, 0.023337, 0.012191, 0.014283, 0.014741, 0.014557, 0.0, 0.0, 0.0, 0.0, 0.080128, 0.0, 0.0, 0.028376, 0.026956, 0.0, 0.0, 0.012736, 0.071326, 0.350999, 0.011133, 0.015913, 0.0, 0.047136, 0.056048, 0.020017, 0.0, 0.26829, 0.010689, 0.194186, 0.015275, 0.201246, 0.0, 0.0, 0.054315, 0.0, 0.0, 0.092134, 0.0, 0.0, 0.01015, 0.015348, 0.0, 0.0, 0.048256, 0.018647]
[0.0, 0.025222, 0.029601, 0.0, 0.0, 0.0, 0.03697, 0.025221, 0.031351, 0.494554, 0.087228, 0.155415, 0.124997, 0.063275, 0.063926, 0.155415, 0.155415, 0.228055, 0.067242, 0.067242, 0.121434, 0.256483, 0.155415, 0.155415, 0.155415, 0.155415, 0.155415, 0.155415, 0.097073, 0.336932, 1.0, 0.155415, 0.058272, 0.0, 0.056199, 0.026565, 0.026565, 0.025622, 0.022365, 0.031317, 0.027517, 0.027517, 0.02212, 0.020683, 0.022427, 0.017997, 0.114544, 0.311516, 0.0, 0.025816, 0.0, 0.129185, 0.026226, 0.146947, 0.166742, 0.036455, 0.207033, 0.036455, 0.006773, 0.010478, 0.063733, 0.039581, 0.0, 0.019108, 0.01548, 0.026612, 0.017361, 0.060363, 0.04938, 0.051182, 0.051182, 0.051182, 0.052676, 0.019218, 0.026905, 0.061952, 0.053657, 0.147905, 0.118452, 0.174009, 0.114534, 0.0, 0.027332, 0.016428, 0.021045, 0.026905, 0.022872, 0.017688, 0.026905, 0.027112, 0.279552, 0.025555, 0.005708, 0.026045, 0.0, 0.0, 0.0, 0.0, 0.03838, 0.018458, 0.0, 0.010989, 0.031317, 0.0, 0.0, 0.453718, 0.342595, 0.135924, 0.012934, 0.065013, 0.0, 0.018253, 0.076959, 0.035815, 0.0, 0.147905, 0.380792, 0.228055, 0.027331, 0.060447, 0.0, 0.124261, 0.021033, 0.0, 0.0, 0.0972, 0.0, 0.07383, 0.1343, 0.027462, 0.01841, 0.0, 0.018687, 0.021663]
[0.0, 0.035403, 0.041551, 0.0, 0.0, 0.0, 0.051895, 0.035402, 0.044007, 0.137064, 0.133706, 1.0, 0.152471, 0.407139, 0.518353, 1.0, 1.0, 0.316665, 0.432661, 0.432661, 0.781352, 0.216391, 1.0, 1.0, 1.0, 1.0, 1.0, 1.0, 0.919873, 0.613222, 0.155415, 1.0, 0.374948, 0.0, 0.0, 0.037289, 0.037289, 0.035965, 0.031393, 0.043959, 0.038625, 0.038625, 0.03105, 0.029032, 0.031481, 0.025262, 0.14114, 0.248945, 0.0, 0.0, 0.0, 0.0, 0.0, 0.0, 0.0, 0.0, 0.0, 0.0, 0.0, 0.0, 0.0, 0.0, 0.0, 0.026822, 0.021729, 0.037355, 0.024369, 0.069895, 0.069314, 0.0, 0.0, 0.0, 0.0, 0.026976, 0.037766, 0.024729, 0.0, 0.437509, 0.403278, 0.346977, 0.338798, 0.0, 0.038365, 0.023059, 0.029541, 0.037766, 0.032105, 0.024828, 0.037766, 0.038056, 0.01988, 0.023291, 0.024038, 0.023738, 0.0, 0.0, 0.0, 0.0, 0.130667, 0.0, 0.0, 0.0, 0.043959, 0.0, 0.0, 0.02077, 0.116313, 0.572384, 0.018155, 0.02595, 0.0, 0.0, 0.091398, 0.032642, 0.0, 0.437509, 0.017431, 0.316665, 0.02491, 0.328178, 0.0, 0.0, 0.0, 0.0, 0.0, 0.150246, 0.0, 0.0, 0.016552, 0.025029, 0.0, 0.0, 0.0, 0.030408]
[0.0, 0.041849, 0.049116, 0.661218, 0.661218, 0.0, 0.061343, 0.067204, 0.052019, 0.051392, 0.373756, 0.374948, 0.057169, 0.721679, 0.237135, 0.374948, 0.374948, 0.118733, 0.866609, 0.866609, 0.353938, 0.125328, 0.374948, 0.374948, 0.374948, 0.374948, 0.374948, 0.374948, 0.344904, 0.229926, 0.058272, 0.374948, 1.0, 0.0, 0.045414, 0.461995, 0.461995, 0.498788, 0.037108, 0.051962, 0.056049, 0.056049, 0.049233, 0.046033, 0.024508, 0.05025, 0.05292, 0.093342, 0.0, 0.0, 0.027931, 0.0, 0.0, 0.015882, 0.0, 0.0, 0.0, 0.0, 0.0, 0.0, 0.0, 0.0, 0.0, 0.010057, 0.008147, 0.029081, 0.081241, 0.290623, 0.025989, 0.016857, 0.016857, 0.016857, 0.042568, 0.048759, 0.01416, 0.009272, 0.017672, 0.164043, 0.151208, 0.130098, 0.127032, 0.0, 0.014385, 0.076873, 0.011076, 0.01416, 0.012038, 0.009309, 0.01416, 0.126868, 0.007454, 0.008733, 0.009013, 0.0089, 0.0, 0.0, 0.0, 0.0, 0.048993, 0.01642, 0.035883, 0.029892, 0.051962, 0.0, 0.0, 0.007788, 0.043611, 0.214614, 0.043439, 0.00973, 0.0, 0.009546, 0.03427, 0.012239, 0.035883, 0.164043, 0.006536, 0.118733, 0.00934, 0.12305, 0.0, 0.028835, 0.031162, 0.0, 0.0, 0.056334, 0.0, 0.009653, 0.006206, 0.009385, 0.012099, 0.01994, 0.019546, 0.433084]
[0.005565, 0.008205, 0.00963, 0.0, 0.0, 0.0, 0.012027, 0.008205, 0.010199, 0.0, 0.035486, 0.0, 0.040466, 0.0, 0.0, 0.0, 0.0, 0.0, 0.0, 0.0, 0.0, 0.0, 0.0, 0.0, 0.0, 0.0, 0.0, 0.0, 0.0, 0.0, 0.0, 0.0, 0.0, 1.0, 0.195606, 0.008642, 0.008642, 0.008335, 0.007276, 0.010188, 0.011936, 0.011936, 0.010794, 0.010093, 0.010944, 0.01171, 0.034581, 0.0, 0.0, 0.0, 0.0, 0.0, 0.0, 0.0, 0.0, 0.0, 0.06227, 0.0, 0.0, 0.0, 0.0, 0.011888, 0.0032, 0.145808, 0.079037, 0.105864, 0.088642, 0.058135, 0.094118, 0.268066, 0.268066, 0.268066, 0.149158, 0.006252, 0.008753, 0.0, 0.097259, 0.0, 0.0, 0.0, 0.0, 0.00727, 0.008892, 0.005344, 0.006847, 0.008753, 0.007441, 0.005754, 0.008753, 0.00882, 0.0, 0.0, 0.053657, 0.0, 0.009083, 0.010803, 0.011342, 0.0, 0.0, 0.171118, 0.130366, 0.011284, 0.010188, 0.0, 0.0, 0.0, 0.0, 0.0, 0.010519, 0.0, 0.0, 0.043021, 0.020693, 0.118923, 0.130366, 0.0, 0.0, 0.0, 0.090753, 0.0, 0.114237, 0.004665, 0.003159, 0.0, 0.004276, 0.123202, 0.0, 0.153501, 0.003836, 0.0, 0.027232, 0.005726, 0.005613, 0.058826]
[0.008495, 0.040894, 0.047995, 0.049193, 0.049193, 0.0, 0.059944, 0.118064, 0.050833, 0.021963, 0.037252, 0.0, 0.024432, 0.031542, 0.130193, 0.0, 0.0, 0.0, 0.052405, 0.052405, 0.18556, 0.134494, 0.0, 0.0, 0.0, 0.0, 0.0, 0.0, 0.0, 0.080814, 0.056199, 0.0, 0.045414, 0.195606, 1.0, 0.06959, 0.06959, 0.067118, 0.036262, 0.050777, 0.059488, 0.059488, 0.053799, 0.050302, 0.02932, 0.05836, 0.020878, 0.043512, 0.0, 0.040469, 0.085004, 0.0, 0.0, 0.048336, 0.0, 0.0, 0.0, 0.0, 0.0, 0.0, 0.0, 0.080194, 0.004886, 0.287469, 0.120652, 0.17657, 0.194271, 0.105312, 0.177211, 0.515022, 0.515022, 0.515022, 0.766889, 0.127152, 0.013361, 0.056809, 0.449222, 0.0, 0.0, 0.088896, 0.0, 0.011098, 0.013573, 0.008158, 0.010451, 0.013361, 0.011359, 0.008784, 0.013361, 0.013464, 0.045671, 0.053507, 0.022828, 0.054533, 0.013865, 0.016491, 0.017314, 0.0, 0.0, 0.44164, 0.368814, 0.044578, 0.050777, 0.0, 0.0, 0.019724, 0.080713, 0.0, 0.052426, 0.059615, 0.040063, 0.183162, 0.031589, 0.31181, 0.368814, 0.0, 0.016553, 0.0, 0.393792, 0.0, 0.227308, 0.094876, 0.057958, 0.0, 0.006528, 0.026261, 0.0, 0.237047, 0.140742, 0.057499, 0.422205, 0.08158, 0.109259, 0.135789]
[0.015623, 0.463113, 0.568262, 0.485291, 0.485291, 0.0, 0.630105, 0.444096, 0.569262, 0.023429, 0.250567, 0.037289, 0.026062, 0.399683, 0.049273, 0.037289, 0.037289, 0.027048, 0.533106, 0.533106, 0.084795, 0.0509, 0.037289, 0.037289, 0.037289, 0.037289, 0.037289, 0.037289, 0.020967, 0.022867, 0.026565, 0.037289, 0.461995, 0.008642, 0.06959, 1.0, 1.0, 0.859811, 0.42435, 0.522693, 0.627384, 0.627384, 0.560196, 0.523786, 0.489108, 0.587437, 0.025984, 0.03868, 0.0, 0.0, 0.025497, 0.0, 0.0, 0.014498, 0.0, 0.0, 0.0, 0.0, 0.0, 0.0, 0.0, 0.033371, 0.008984, 0.081967, 0.066403, 0.374266, 0.074473, 0.225885, 0.023724, 0.044364, 0.044364, 0.044364, 0.065228, 0.146949, 0.115414, 0.0, 0.04651, 0.031716, 0.016349, 0.025153, 0.024561, 0.156471, 0.071568, 0.122911, 0.055108, 0.115414, 0.098114, 0.132339, 0.115414, 0.1163, 0.0, 0.0, 0.0, 0.0, 0.025498, 0.030327, 0.03184, 0.0, 0.005297, 0.043215, 0.032756, 0.027287, 0.522693, 0.0, 0.0, 0.0, 0.005676, 0.0, 0.561698, 0.0, 0.0, 0.078918, 0.031283, 0.0, 0.032756, 0.031716, 0.0, 0.027048, 0.0, 0.017408, 0.014232, 0.039418, 0.096884, 0.0, 0.012004, 0.023344, 0.0, 0.025404, 0.016434, 0.0, 0.031842, 0.108664, 0.134051, 0.638153]
