[0, 22.099601593625497, 44.45238095238095, 45.108108108108105, 48.00476190476191, 51.94915254237288, 60.47715736040609, 51.56613756613756, 53.01183431952663, 46.67605633802817, 54.130653266331656, 48.168539325842694, 49.53005464480874, 49.53005464480874, 62.08173076923077, 61.44186046511628, 60.767195767195766, 52.97872340425532, 52.44086021505376, 63.05555555555556, 43.61073825503356, 72.69461077844312, 55.734693877551024, 60.11682242990654, 47.833333333333336, 50.372093023255815, 60.869791666666664, 53.133720930232556, 61.022624434389144, 64.46994535519126, 58.077625570776256, 56.64018691588785, 50.62903225806452, 69.7517730496454, 60.103896103896105, 53.89528795811518, 56.17801047120419, 52.73118279569893, 59.029411764705884, 54.67179487179487, 57.48618784530387, 35.50326797385621, 56.50282485875706, 55.745, 60.77297297297297, 50.57446808510638, 56.36448598130841, 57.48514851485149, 56.11656441717791, 54.1764705882353, 53.75460122699386]
[22.099601593625497, 0, 45.15744680851064, 46.361111111111114, 48.737556561085974, 49.77669902912621, 58.96103896103896, 51.182648401826484, 49.896039603960396, 42.382716049382715, 53.65022421524664, 44.76847290640394, 47.918552036199095, 47.918552036199095, 60.448780487804875, 58.68200836820084, 58.79295154185022, 51.19431279620853, 49.97641509433962, 62.94488188976378, 43.994350282485875, 72.859375, 54.13414634146341, 58.22727272727273, 45.583333333333336, 48.519417475728154, 57.4375, 49.72985781990521, 60.7125, 67.25257731958763, 58.82819383259912, 57.08196721311475, 49.598958333333336, 69.62352941176471, 62.16931216931217, 52.89686098654708, 54.58128078817734, 52.833333333333336, 58.373333333333335, 53.77625570776256, 55.67906976744186, 36.224242424242426, 54.44444444444444, 54.13274336283186, 60.82222222222222, 50.07179487179487, 58.1025641025641, 57.668103448275865, 57.09090909090909, 51.48453608247423, 55.735955056179776]
[44.45238095238095, 45.15744680851064, 0, 20.934931506849313, 23.539473684210527, 50.82383419689119, 59.74576271186441, 52.26315789473684, 52.089005235602095, 45.06293706293706, 53.81308411214953, 37.88053097345133, 48.05853658536585, 48.05853658536585, 60.450450450450454, 60.403225806451616, 59.9825327510917, 53.3125, 51.64795918367347, 60.448, 44.37888198757764, 74.1046511627907, 55.54077253218884, 61.54935622317596, 48.76923076923077, 50.05235602094241, 59.30046948356807, 50.931937172774866, 61.20331950207469, 68.96756756756757, 60.688372093023254, 58.2877358490566, 50.91752577319588, 71.96385542168674, 61.74251497005988, 52.415841584158414, 55.96842105263158, 53.61052631578947, 59.675213675213676, 54.11224489795919, 55.61363636363637, 45.9140625, 54.005208333333336, 56.070484581497794, 58.51184834123223, 51.869346733668344, 58.19444444444444, 58.15, 55.95151515151515, 53.083333333333336, 56.30357142857143]
[45.108108108108105, 46.361111111111114, 20.934931506849313, 0, 18.168639053254438, 49.304761904761904, 58.43231441048035, 50.666666666666664, 49.48677248677249, 43.765517241379314, 53.806451612903224, 34.916666666666664, 46.74162679425837, 46.74162679425837, 60.20600858369099, 60.048, 58.53941908713693, 51.60280373831776, 49.39473684210526, 58.3968253968254, 43.36507936507937, 71.48809523809524, 55.469298245614034, 58.837606837606835, 47.23076923076923, 47.38974358974359, 56.57339449541284, 49.75369458128079, 62.12083333333333, 68.10382513661202, 58.756637168141594, 55.84978540772532, 48.639810426540286, 70.78048780487805, 60.46022727272727, 50.155660377358494, 51.786802030456855, 50.775510204081634, 58.94047619047619, 53.80882352941177, 54.05309734513274, 43.359154929577464, 52.92307692307692, 55.095435684647306, 57.08837209302325, 49.85990338164251, 57.174311926605505, 57.756198347107436, 55.035532994923855, 51.38947368421053, 51.32386363636363]
[48.00476190476191, 48.737556561085974, 23.539473684210527, 18.168639053254438, 0, 49.58128078817734, 59.65163934426229, 51.096330275229356, 51.44949494949495, 45.71153846153846, 53.11739130434783, 35.345794392523366, 46.97652582159625, 46.97652582159625, 59.6, 59.65106382978723, 58.12765957446808, 51.822429906542055, 50.862637362637365, 59.3109243697479, 43.03804347826087, 73.79213483146067, 55.43778801843318, 58.758620689655174, 48.15384615384615, 47.142105263157895, 58.96995708154506, 50.37185929648241, 61.88235294117647, 69.19117647058823, 59.18181818181818, 57.14035087719298, 49.80487804878049, 66.61077844311377, 56.902702702702705, 51.639024390243904, 53.35, 50.52577319587629, 57.59915611814346, 53.004784688995215, 54.24782608695652, 42.47826086956522, 52.26842105263158, 54.31645569620253, 57.39719626168224, 51.355450236966824, 57.917355371900825, 56.45175438596491, 55.38860103626943, 52.011049723756905, 54.3041237113402]
[51.94915254237288, 49.77669902912621, 50.82383419689119, 49.304761904761904, 49.58128078817734, 0, 41.54304635761589, 46.69166666666667, 43.66938775510204, 42.06043956043956, 49.09274193548387, 44.497630331753555, 46.42916666666667, 46.42916666666667, 55.436974789915965, 55.70454545454545, 56.33201581027668, 48.55833333333333, 49.415929203539825, 57.58450704225352, 41.23394495412844, 70.6875, 54.138888888888886, 56.47104247104247, 45.333333333333336, 49.048780487804876, 56.96268656716418, 47.46120689655172, 58.80714285714286, 66.54629629629629, 57.65413533834587, 55.152671755725194, 46.067796610169495, 71.83333333333333, 60.504672897196265, 47.74193548387097, 50.72540983606557, 49.08810572687225, 54.95955882352941, 47.8550185873606, 48.32661290322581, 45.66242038216561, 49.871244635193136, 51.07749077490775, 56.398340248962654, 45.808035714285715, 54.41312741312741, 53.463320463320464, 48.36771300448431, 46.7695652173913, 53.57692307692308]
[60.47715736040609, 58.96103896103896, 59.74576271186441, 58.43231441048035, 59.65163934426229, 41.54304635761589, 0, 48.47663551401869, 46.26267281105991, 46.27741935483871, 49.90204081632653, 48.25945945945946, 49.49090909090909, 49.49090909090909, 55.97083333333333, 54.924528301886795, 55.86, 51.06363636363636, 51.927083333333336, 61.56060606060606, 45.0, 67.43502824858757, 56.917748917748916, 56.958333333333336, 50.083333333333336, 49.22549019607843, 55.97008547008547, 49.051886792452834, 58.79061371841155, 65.86934673366834, 55.65748031496063, 55.46413502109704, 46.97695852534562, 66.55072463768116, 56.98089171974522, 50.10176991150443, 52.22510822510822, 52.44711538461539, 51.277992277992276, 53.55416666666667, 52.33624454148472, 49.08064516129032, 50.11059907834101, 51.44223107569721, 53.4251012145749, 45.69668246445497, 54.06666666666667, 51.027027027027025, 56.10471204188482, 49.35609756097561, 52.20967741935484]
[51.56613756613756, 51.182648401826484, 52.26315789473684, 50.666666666666664, 51.096330275229356, 46.69166666666667, 48.47663551401869, 0, 45.37903225806452, 45.76190476190476, 50.07569721115538, 47.12719298245614, 47.053719008264466, 47.053719008264466, 55.57201646090535, 56.63272727272727, 54.284615384615385, 45.29277566539924, 51.830917874396135, 60.9290780141844, 45.50970873786408, 67.90502793296089, 54.52452830188679, 57.947169811320755, 48.833333333333336, 50.44, 58.94331983805668, 47.493927125506076, 58.391304347826086, 66.585, 57.965384615384615, 53.27307692307692, 43.745019920318725, 69.0126582278481, 60.27894736842105, 48.03543307086614, 55.16444444444444, 52.325581395348834, 52.940520446096656, 53.84297520661157, 53.44491525423729, 47.92993630573248, 52.191964285714285, 48.365591397849464, 53.47211895910781, 38.3201581027668, 54.87890625, 52.67910447761194, 54.298507462686565, 47.58984375, 54.140845070422536]
[53.01183431952663, 49.896039603960396, 52.089005235602095, 49.48677248677249, 51.44949494949495, 43.66938775510204, 46.26267281105991, 45.37903225806452, 0, 43.923529411764704, 49.87843137254902, 46.713656387665196, 47.82644628099174, 47.82644628099174, 56.048034934497814, 55.24363636363636, 56.552, 45.12781954887218, 50.062780269058294, 62.48571428571429, 44.15263157894737, 69.94416243654823, 52.55335968379447, 57.05747126436781, 42.916666666666664, 49.160714285714285, 59.531120331950206, 46.685106382978724, 57.946969696969695, 65.20297029702971, 57.48854961832061, 52.84782608695652, 41.31274131274131, 70.94827586206897, 60.175257731958766, 45.68582375478927, 54.297777777777775, 50.009389671361504, 54.11923076923077, 51.02723735408561, 52.445378151260506, 48.02597402597402, 51.31111111111111, 48.31818181818182, 53.67948717948718, 40.81171548117155, 55.42748091603053, 52.31939163498099, 53.17727272727273, 43.27755102040816, 52.398989898989896]
[46.67605633802817, 42.382716049382715, 45.06293706293706, 43.765517241379314, 45.71153846153846, 42.06043956043956, 46.27741935483871, 45.76190476190476, 43.923529411764704, 0, 51.10880829015544, 44.586021505376344, 46.02392344497608, 46.02392344497608, 58.28643216080402, 54.78666666666667, 58.275862068965516, 49.10900473933649, 48.50802139037433, 59.64655172413793, 41.8235294117647, 71.86163522012579, 53.083743842364534, 55.321608040201006, 45.76923076923077, 45.08585858585859, 54.551886792452834, 48.388888888888886, 59.96190476190476, 64.93529411764706, 57.497757847533634, 54.92165898617512, 47.905, 71.31372549019608, 57.84180790960452, 48.320388349514566, 52.06976744186046, 49.56, 56.55721393034826, 48.74881516587678, 50.54368932038835, 43.92307692307692, 52.39267015706806, 51.38095238095238, 57.266666666666666, 46.93617021276596, 55.90045248868778, 54.44700460829493, 51.29050279329609, 48.131147540983605, 50.296875]
[54.130653266331656, 53.65022421524664, 53.81308411214953, 53.806451612903224, 53.11739130434783, 49.09274193548387, 49.90204081632653, 50.07569721115538, 49.87843137254902, 51.10880829015544, 0, 47.40909090909091, 48.55707762557078, 48.55707762557078, 57.36086956521739, 58.146341463414636, 54.922764227642276, 50.45283018867924, 52.05102040816327, 59.53030303030303, 46.57377049180328, 71.11515151515151, 56.60085836909871, 59.528888888888886, 51.0, 50.79187817258883, 58.36915887850467, 50.88405797101449, 58.07604562737642, 65.35678391959799, 57.1699604743083, 54.185344827586206, 48.38709677419355, 68.9342105263158, 61.8876404494382, 50.43171806167401, 51.69668246445497, 49.4300518134715, 52.864150943396226, 52.064516129032256, 52.860759493670884, 49.13475177304964, 49.35454545454545, 52.65573770491803, 52.883116883116884, 46.19900497512438, 56.00790513833992, 52.91129032258065, 52.13612565445026, 48.01015228426396, 53.30508474576271]
[48.168539325842694, 44.76847290640394, 37.88053097345133, 34.916666666666664, 35.345794392523366, 44.497630331753555, 48.25945945945946, 47.12719298245614, 46.713656387665196, 44.586021505376344, 47.40909090909091, 0, 45.401709401709404, 45.401709401709404, 57.98529411764706, 56.447876447876446, 56.08936170212766, 48.129411764705885, 46.16901408450704, 61.07971014492754, 41.98139534883721, 67.4074074074074, 52.250950570342205, 55.29237288135593, 45.61538461538461, 45.33971291866029, 55.17156862745098, 48.28193832599119, 60.826254826254825, 63.88953488372093, 56.951965065502186, 53.0672268907563, 47.630630630630634, 63.394366197183096, 54.59770114942529, 50.2520325203252, 51.297560975609755, 50.09405940594059, 53.45175438596491, 50.81069958847737, 53.75115207373272, 45.345029239766085, 52.37619047619047, 52.06201550387597, 55.11790393013101, 46.345622119815665, 55.17299578059072, 53.39647577092511, 53.51470588235294, 47.38073394495413, 49.3]
[49.53005464480874, 47.918552036199095, 48.05853658536585, 46.74162679425837, 46.97652582159625, 46.42916666666667, 49.49090909090909, 47.053719008264466, 47.82644628099174, 46.02392344497608, 48.55707762557078, 45.401709401709404, 0, 0.0, 58.21860465116279, 54.68060836501901, 57.05, 48.12765957446808, 45.9237668161435, 60.083969465648856, 42.131979695431475, 65.73509933774834, 51.795081967213115, 55.53252032520325, 49.416666666666664, 44.68571428571428, 54.06172839506173, 47.833333333333336, 59.1417004048583, 62.94897959183673, 56.14225941422594, 52.15833333333333, 46.07729468599034, 63.9, 52.804597701149426, 49.954356846473026, 50.16591928251121, 49.13875598086124, 56.34156378600823, 50.18222222222222, 51.9, 43.54225352112676, 50.717703349282296, 51.90438247011952, 55.932126696832576, 48.19642857142857, 54.71369294605809, 53.605932203389834, 52.921052631578945, 47.89447236180904, 49.06153846153846]
[49.53005464480874, 47.918552036199095, 48.05853658536585, 46.74162679425837, 46.97652582159625, 46.42916666666667, 49.49090909090909, 47.053719008264466, 47.82644628099174, 46.02392344497608, 48.55707762557078, 45.401709401709404, 0.0, 0, 58.21860465116279, 54.68060836501901, 57.05, 48.12765957446808, 45.9237668161435, 60.083969465648856, 42.131979695431475, 65.73509933774834, 51.795081967213115, 55.53252032520325, 49.416666666666664, 44.68571428571428, 54.06172839506173, 47.833333333333336, 59.1417004048583, 62.94897959183673, 56.14225941422594, 52.15833333333333, 46.07729468599034, 63.9, 52.804597701149426, 49.954356846473026, 50.16591928251121, 49.13875598086124, 56.34156378600823, 50.18222222222222, 51.9, 43.54225352112676, 50.717703349282296, 51.90438247011952, 55.932126696832576, 48.19642857142857, 54.71369294605809, 53.605932203389834, 52.921052631578945, 47.89447236180904, 49.06153846153846]
[62.08173076923077, 60.448780487804875, 60.450450450450454, 60.20600858369099, 59.6, 55.436974789915965, 55.97083333333333, 55.57201646090535, 56.048034934497814, 58.28643216080402, 57.36086956521739, 57.98529411764706, 58.21860465116279, 58.21860465116279, 0, 60.70161290322581, 46.8728813559322, 54.990243902439026, 59.53977272727273, 63.00806451612903, 50.36690647482014, 74.38020833333333, 61.29951690821256, 63.14957264957265, 51.4, 56.902702702702705, 62.452991452991455, 55.3248730964467, 59.7859778597786, 70.88990825688073, 60.93162393162393, 58.63228699551569, 49.475935828877006, 73.875, 65.64739884393063, 52.73684210526316, 50.702439024390245, 48.79661016949152, 56.352, 56.56038647342995, 56.65909090909091, 53.21367521367522, 55.27748691099477, 56.39224137931034, 53.764150943396224, 49.452513966480446, 60.2, 52.33976833976834, 57.6566265060241, 54.22751322751323, 63.35260115606936]
[61.44186046511628, 58.68200836820084, 60.403225806451616, 60.048, 59.65106382978723, 55.70454545454545, 54.924528301886795, 56.63272727272727, 55.24363636363636, 54.78666666666667, 58.146341463414636, 56.447876447876446, 54.68060836501901, 54.68060836501901, 60.70161290322581, 0, 56.309322033898304, 49.28260869565217, 51.85549132947977, 63.19402985074627, 47.02424242424242, 72.81094527363184, 56.23360655737705, 58.03688524590164, 49.0, 51.857142857142854, 59.28630705394191, 52.34761904761905, 59.60526315789474, 70.56818181818181, 60.416666666666664, 57.55327868852459, 48.99009900990099, 72.82658959537572, 63.54922279792746, 52.64601769911504, 53.71065989847716, 52.78238341968912, 50.504, 54.47511312217195, 54.62980769230769, 46.71311475409836, 53.82051282051282, 54.463035019455255, 55.782978723404256, 48.91133004926108, 59.007782101167315, 50.67193675889328, 58.101063829787236, 49.442708333333336, 60.27807486631016]
[60.767195767195766, 58.79295154185022, 59.9825327510917, 58.53941908713693, 58.12765957446808, 56.33201581027668, 55.86, 54.284615384615385, 56.552, 58.275862068965516, 54.922764227642276, 56.08936170212766, 57.05, 57.05, 46.8728813559322, 56.309322033898304, 0, 53.94711538461539, 56.76271186440678, 64.43283582089552, 52.941520467836256, 73.91891891891892, 58.886138613861384, 61.27391304347826, 55.76923076923077, 55.829015544041454, 60.004444444444445, 53.08163265306123, 58.822463768115945, 69.75471698113208, 59.56198347107438, 57.427350427350426, 48.9030612244898, 72.57222222222222, 67.0989010989011, 53.60909090909091, 48.808411214953274, 47.04306220095694, 52.70682730923695, 54.7926267281106, 56.08071748878924, 53.36752136752137, 56.43255813953488, 54.929515418502206, 53.94915254237288, 48.76923076923077, 58.174089068825914, 54.86693548387097, 60.049723756906076, 50.1005291005291, 61.411764705882355]
[52.97872340425532, 51.19431279620853, 53.3125, 51.60280373831776, 51.822429906542055, 48.55833333333333, 51.06363636363636, 45.29277566539924, 45.12781954887218, 49.10900473933649, 50.45283018867924, 48.129411764705885, 48.12765957446808, 48.12765957446808, 54.990243902439026, 49.28260869565217, 53.94711538461539, 0, 49.75242718446602, 61.13178294573643, 43.58638743455497, 71.45320197044335, 52.26136363636363, 56.62313432835821, 49.38461538461539, 50.50952380952381, 58.01731601731602, 46.86147186147186, 59.83870967741935, 67.925, 59.0, 52.23938223938224, 31.887966804979254, 71.0677966101695, 61.968586387434556, 47.092, 54.63681592039801, 51.38775510204081, 53.19521912350598, 53.236363636363635, 53.493273542600896, 45.58278145695364, 52.78217821782178, 49.58518518518518, 54.18930041152263, 33.48178137651822, 56.63424124513619, 46.792307692307695, 53.588541666666664, 45.23651452282158, 57.78260869565217]
[52.44086021505376, 49.97641509433962, 51.64795918367347, 49.39473684210526, 50.862637362637365, 49.415929203539825, 51.927083333333336, 51.830917874396135, 50.062780269058294, 48.50802139037433, 52.05102040816327, 46.16901408450704, 45.9237668161435, 45.9237668161435, 59.53977272727273, 51.85549132947977, 56.76271186440678, 49.75242718446602, 0, 58.912, 44.77653631284916, 65.45945945945945, 41.4124513618677, 42.85769230769231, 43.833333333333336, 46.04455445544554, 58.653333333333336, 50.328502415458935, 62.74089068825911, 63.5748502994012, 59.685589519650655, 55.93953488372093, 50.88770053475936, 62.0472972972973, 54.56969696969697, 51.47945205479452, 54.89655172413793, 52.65217391304348, 59.464285714285715, 51.0301724137931, 54.93809523809524, 48.21582733812949, 53.94736842105263, 55.05982905982906, 57.9009900990099, 51.110497237569064, 57.941964285714285, 58.64114832535885, 56.88202247191011, 52.93532338308458, 47.36046511627907]
[63.05555555555556, 62.94488188976378, 60.448, 58.3968253968254, 59.3109243697479, 57.58450704225352, 61.56060606060606, 60.9290780141844, 62.48571428571429, 59.64655172413793, 59.53030303030303, 61.07971014492754, 60.083969465648856, 60.083969465648856, 63.00806451612903, 63.19402985074627, 64.43283582089552, 61.13178294573643, 58.912, 0, 49.89380530973451, 70.3206106870229, 64.11023622047244, 67.11347517730496, 41.916666666666664, 57.41129032258065, 65.816, 60.47787610619469, 68.69736842105263, 70.13194444444444, 66.81944444444444, 64.34586466165413, 60.232142857142854, 72.93137254901961, 64.4, 59.83898305084746, 61.67424242424242, 59.57377049180328, 66.67164179104478, 62.80152671755725, 59.81699346405229, 53.111111111111114, 58.04651162790697, 64.93525179856115, 63.13970588235294, 61.972972972972975, 64.91489361702128, 64.64028776978417, 57.75675675675676, 60.81981981981982, 58.19672131147541]
[43.61073825503356, 43.994350282485875, 44.37888198757764, 43.36507936507937, 43.03804347826087, 41.23394495412844, 45.0, 45.50970873786408, 44.15263157894737, 41.8235294117647, 46.57377049180328, 41.98139534883721, 42.131979695431475, 42.131979695431475, 50.36690647482014, 47.02424242424242, 52.941520467836256, 43.58638743455497, 44.77653631284916, 49.89380530973451, 0, 72.24043715846994, 52.50416666666667, 55.199052132701425, 48.416666666666664, 43.95945945945946, 56.20454545454545, 46.354838709677416, 59.62605042016807, 67.63461538461539, 57.896694214876035, 54.15384615384615, 47.286384976525824, 70.51875, 56.07106598984772, 48.68995633187773, 48.95652173913044, 46.76744186046512, 55.670833333333334, 48.58577405857741, 51.32051282051282, 40.96913580246913, 50.72115384615385, 50.04017857142857, 54.789237668161434, 47.799107142857146, 56.2734693877551, 55.02597402597402, 45.817351598173516, 47.541666666666664, 38.77350427350427]
[72.69461077844312, 72.859375, 74.1046511627907, 71.48809523809524, 73.79213483146067, 70.6875, 67.43502824858757, 67.90502793296089, 69.94416243654823, 71.86163522012579, 71.11515151515151, 67.4074074074074, 65.73509933774834, 65.73509933774834, 74.38020833333333, 72.81094527363184, 73.91891891891892, 71.45320197044335, 65.45945945945945, 70.3206106870229, 72.24043715846994, 0, 59.395161290322584, 58.5125, 56.2, 51.81981981981982, 61.14857142857143, 55.077669902912625, 66.44736842105263, 35.43050847457627, 62.55813953488372, 59.26060606060606, 54.11702127659574, 56.94387755102041, 56.21195652173913, 56.925233644859816, 61.63414634146341, 61.02777777777778, 67.16666666666667, 61.12698412698413, 62.904, 52.22077922077922, 57.12903225806452, 59.56716417910448, 43.14772727272727, 54.4, 62.57142857142857, 65.38805970149254, 62.62096774193548, 55.083333333333336, 53.53107344632768]
[55.734693877551024, 54.13414634146341, 55.54077253218884, 55.469298245614034, 55.43778801843318, 54.138888888888886, 56.917748917748916, 54.52452830188679, 52.55335968379447, 53.083743842364534, 56.60085836909871, 52.250950570342205, 51.795081967213115, 51.795081967213115, 61.29951690821256, 56.23360655737705, 58.886138613861384, 52.26136363636363, 41.4124513618677, 64.11023622047244, 52.50416666666667, 59.395161290322584, 0, 41.15129151291513, 41.833333333333336, 51.271794871794874, 60.39013452914798, 51.96568627450981, 62.15873015873016, 68.65760869565217, 60.45762711864407, 57.16379310344828, 49.77669902912621, 70.84971098265896, 60.61963190184049, 53.19730941704036, 57.712041884816756, 53.994565217391305, 57.94347826086957, 52.985915492957744, 57.202127659574465, 48.31060606060606, 55.910614525139664, 53.58921161825726, 59.20289855072464, 51.21989528795812, 58.49152542372882, 58.24657534246575, 56.68449197860963, 50.131979695431475, 56.69753086419753]
[60.11682242990654, 58.22727272727273, 61.54935622317596, 58.837606837606835, 58.758620689655174, 56.47104247104247, 56.958333333333336, 57.947169811320755, 57.05747126436781, 55.321608040201006, 59.528888888888886, 55.29237288135593, 55.53252032520325, 55.53252032520325, 63.14957264957265, 58.03688524590164, 61.27391304347826, 56.62313432835821, 42.85769230769231, 67.11347517730496, 55.199052132701425, 58.5125, 41.15129151291513, 0, 42.333333333333336, 49.07216494845361, 51.420833333333334, 50.33653846153846, 62.381147540983605, 63.6530612244898, 58.37238493723849, 56.59471365638767, 49.4054054054054, 62.36309523809524, 56.60377358490566, 52.265306122448976, 56.61290322580645, 55.437869822485204, 57.794642857142854, 53.35159817351598, 57.11675126903553, 49.11965811965812, 55.2319587628866, 53.587443946188344, 55.95283018867924, 49.03260869565217, 57.92887029288703, 58.478873239436616, 61.233333333333334, 51.31382978723404, 50.69942196531792]
[47.833333333333336, 45.583333333333336, 48.76923076923077, 47.23076923076923, 48.15384615384615, 45.333333333333336, 50.083333333333336, 48.833333333333336, 42.916666666666664, 45.76923076923077, 51.0, 45.61538461538461, 49.416666666666664, 49.416666666666664, 51.4, 49.0, 55.76923076923077, 49.38461538461539, 43.833333333333336, 41.916666666666664, 48.416666666666664, 56.2, 41.833333333333336, 42.333333333333336, 0, 52.23076923076923, 53.76923076923077, 57.61538461538461, 58.15384615384615, 59.61538461538461, 55.46153846153846, 52.30769230769231, 51.84615384615385, 62.23076923076923, 54.30769230769231, 51.0, 52.30769230769231, 48.61538461538461, 54.38461538461539, 49.92307692307692, 54.07692307692308, 53.61538461538461, 53.07692307692308, 54.30769230769231, 58.92307692307692, 52.07692307692308, 54.30769230769231, 54.38461538461539, 49.38461538461539, 53.07692307692308, 47.92307692307692]
[50.372093023255815, 48.519417475728154, 50.05235602094241, 47.38974358974359, 47.142105263157895, 49.048780487804876, 49.22549019607843, 50.44, 49.160714285714285, 45.08585858585859, 50.79187817258883, 45.33971291866029, 44.68571428571428, 44.68571428571428, 56.902702702702705, 51.857142857142854, 55.829015544041454, 50.50952380952381, 46.04455445544554, 57.41129032258065, 43.95945945945946, 51.81981981981982, 51.271794871794874, 49.07216494845361, 52.23076923076923, 0, 33.95637583892618, 43.37344398340249, 59.616, 60.00480769230769, 52.98098859315589, 51.08267716535433, 46.77619047619048, 61.05747126436781, 53.07575757575758, 48.75111111111111, 49.56768558951965, 48.61926605504587, 57.147410358565736, 49.184, 52.55603448275862, 43.68387096774194, 50.84888888888889, 51.3625, 55.38461538461539, 48.447236180904525, 51.0968992248062, 55.516949152542374, 50.855, 48.55897435897436, 45.762331838565025]
[60.869791666666664, 57.4375, 59.30046948356807, 56.57339449541284, 58.96995708154506, 56.96268656716418, 55.97008547008547, 58.94331983805668, 59.531120331950206, 54.551886792452834, 58.36915887850467, 55.17156862745098, 54.06172839506173, 54.06172839506173, 62.452991452991455, 59.28630705394191, 60.004444444444445, 58.01731601731602, 58.653333333333336, 65.816, 56.20454545454545, 61.14857142857143, 60.39013452914798, 51.420833333333334, 53.76923076923077, 33.95637583892618, 0, 46.07177033492823, 61.0, 59.63755458515284, 56.3875968992248, 55.013333333333335, 50.0, 60.039106145251395, 55.00529100529101, 51.41711229946524, 53.554455445544555, 54.556756756756755, 57.76724137931034, 54.18859649122807, 54.78260869565217, 49.77391304347826, 54.33846153846154, 52.585585585585584, 56.626666666666665, 52.644578313253014, 55.066390041493776, 57.43043478260869, 56.632183908045974, 52.333333333333336, 52.758620689655174]
[53.133720930232556, 49.72985781990521, 50.931937172774866, 49.75369458128079, 50.37185929648241, 47.46120689655172, 49.051886792452834, 47.493927125506076, 46.685106382978724, 48.388888888888886, 50.88405797101449, 48.28193832599119, 47.833333333333336, 47.833333333333336, 55.3248730964467, 52.34761904761905, 53.08163265306123, 46.86147186147186, 50.328502415458935, 60.47787610619469, 46.354838709677416, 55.077669902912625, 51.96568627450981, 50.33653846153846, 57.61538461538461, 43.37344398340249, 46.07177033492823, 0, 59.838235294117645, 63.859154929577464, 53.916666666666664, 50.7970479704797, 45.745535714285715, 67.28089887640449, 57.99029126213592, 48.44401544401544, 53.18779342723005, 50.37185929648241, 56.136, 51.78969957081545, 54.29004329004329, 47.57971014492754, 51.73684210526316, 39.95880149812734, 55.39430894308943, 46.679245283018865, 52.58015267175573, 55.91701244813278, 53.29064039408867, 46.07860262008734, 52.56190476190476]
[61.022624434389144, 60.7125, 61.20331950207469, 62.12083333333333, 61.88235294117647, 58.80714285714286, 58.79061371841155, 58.391304347826086, 57.946969696969695, 59.96190476190476, 58.07604562737642, 60.826254826254825, 59.1417004048583, 59.1417004048583, 59.7859778597786, 59.60526315789474, 58.822463768115945, 59.83870967741935, 62.74089068825911, 68.69736842105263, 59.62605042016807, 66.44736842105263, 62.15873015873016, 62.381147540983605, 58.15384615384615, 59.616, 61.0, 59.838235294117645, 0, 68.57487922705315, 61.200873362445414, 60.94444444444444, 53.14572864321608, 73.2316384180791, 67.0561797752809, 55.45070422535211, 56.83495145631068, 56.641304347826086, 57.692, 57.86784140969163, 57.26794258373206, 55.10476190476191, 56.53846153846154, 57.8625, 59.48497854077253, 51.69945355191257, 59.63636363636363, 57.56066945606695, 60.1849710982659, 55.62032085561497, 64.6534090909091]
[64.46994535519126, 67.25257731958763, 68.96756756756757, 68.10382513661202, 69.19117647058823, 66.54629629629629, 65.86934673366834, 66.585, 65.20297029702971, 64.93529411764706, 65.35678391959799, 63.88953488372093, 62.94897959183673, 62.94897959183673, 70.88990825688073, 70.56818181818181, 69.75471698113208, 67.925, 63.5748502994012, 70.13194444444444, 67.63461538461539, 35.43050847457627, 68.65760869565217, 63.6530612244898, 59.61538461538461, 60.00480769230769, 59.63755458515284, 63.859154929577464, 68.57487922705315, 0, 41.721698113207545, 55.255208333333336, 54.65873015873016, 60.55384615384615, 55.6958762886598, 54.33846153846154, 58.0551724137931, 55.71875, 62.53086419753087, 59.166666666666664, 60.13333333333333, 52.43010752688172, 57.283018867924525, 58.094339622641506, 47.86294416243655, 55.90243902439025, 39.375, 61.77852348993289, 60.58741258741259, 54.51968503937008, 56.32663316582914]
[58.077625570776256, 58.82819383259912, 60.688372093023254, 58.756637168141594, 59.18181818181818, 57.65413533834587, 55.65748031496063, 57.965384615384615, 57.48854961832061, 57.497757847533634, 57.1699604743083, 56.951965065502186, 56.14225941422594, 56.14225941422594, 60.93162393162393, 60.416666666666664, 59.56198347107438, 59.0, 59.685589519650655, 66.81944444444444, 57.896694214876035, 62.55813953488372, 60.45762711864407, 58.37238493723849, 55.46153846153846, 52.98098859315589, 56.3875968992248, 53.916666666666664, 61.200873362445414, 41.721698113207545, 0, 51.659919028340084, 50.98930481283423, 65.953216374269, 58.49171270718232, 53.06190476190476, 54.91346153846154, 53.64423076923077, 57.095435684647306, 54.1588785046729, 57.346846846846844, 49.28099173553719, 55.80882352941177, 54.1889400921659, 57.49590163934426, 49.984455958549226, 3.896788990825688, 56.30530973451327, 55.48192771084337, 53.45544554455446, 53.90769230769231]
[56.64018691588785, 57.08196721311475, 58.2877358490566, 55.84978540772532, 57.14035087719298, 55.152671755725194, 55.46413502109704, 53.27307692307692, 52.84782608695652, 54.92165898617512, 54.185344827586206, 53.0672268907563, 52.15833333333333, 52.15833333333333, 58.63228699551569, 57.55327868852459, 57.427350427350426, 52.23938223938224, 55.93953488372093, 64.34586466165413, 54.15384615384615, 59.26060606060606, 57.16379310344828, 56.59471365638767, 52.30769230769231, 51.08267716535433, 55.013333333333335, 50.7970479704797, 60.94444444444444, 55.255208333333336, 51.659919028340084, 0, 48.502369668246445, 63.582417582417584, 57.56923076923077, 49.57826086956522, 55.336683417085425, 52.692708333333336, 56.27710843373494, 55.004273504273506, 56.14537444933921, 48.48275862068966, 53.67307692307692, 53.37096774193548, 56.64173228346457, 47.834170854271356, 51.68846153846154, 56.68936170212766, 55.49473684210526, 49.180952380952384, 51.783251231527096]
[50.62903225806452, 49.598958333333336, 50.91752577319588, 48.639810426540286, 49.80487804878049, 46.067796610169495, 46.97695852534562, 43.745019920318725, 41.31274131274131, 47.905, 48.38709677419355, 47.630630630630634, 46.07729468599034, 46.07729468599034, 49.475935828877006, 48.99009900990099, 48.9030612244898, 31.887966804979254, 50.88770053475936, 60.232142857142854, 47.286384976525824, 54.11702127659574, 49.77669902912621, 49.4054054054054, 51.84615384615385, 46.77619047619048, 50.0, 45.745535714285715, 53.14572864321608, 54.65873015873016, 50.98930481283423, 48.502369668246445, 0, 71.36309523809524, 62.74331550802139, 40.8968253968254, 50.787234042553195, 50.089285714285715, 53.01470588235294, 50.690677966101696, 51.88157894736842, 46.651315789473685, 50.708333333333336, 47.80694980694981, 52.14, 31.014285714285716, 54.13278008298755, 46.81818181818182, 52.601990049751244, 43.56837606837607, 56.16831683168317]
[69.7517730496454, 69.62352941176471, 71.96385542168674, 70.78048780487805, 66.61077844311377, 71.83333333333333, 66.55072463768116, 69.0126582278481, 70.94827586206897, 71.31372549019608, 68.9342105263158, 63.394366197183096, 63.9, 63.9, 73.875, 72.82658959537572, 72.57222222222222, 71.0677966101695, 62.0472972972973, 72.93137254901961, 70.51875, 56.94387755102041, 70.84971098265896, 62.36309523809524, 62.23076923076923, 61.05747126436781, 60.039106145251395, 67.28089887640449, 73.2316384180791, 60.55384615384615, 65.953216374269, 63.582417582417584, 71.36309523809524, 0, 20.780575539568346, 59.84033613445378, 58.42176870748299, 61.06306306306306, 67.13636363636364, 62.0, 65.82926829268293, 57.78888888888889, 58.4025974025974, 63.44202898550725, 64.23595505617978, 61.34782608695652, 62.98159509202454, 67.0204081632653, 66.59859154929578, 58.642201834862384, 45.03703703703704]
[60.103896103896105, 62.16931216931217, 61.74251497005988, 60.46022727272727, 56.902702702702705, 60.504672897196265, 56.98089171974522, 60.27894736842105, 60.175257731958766, 57.84180790960452, 61.8876404494382, 54.59770114942529, 52.804597701149426, 52.804597701149426, 65.64739884393063, 63.54922279792746, 67.0989010989011, 61.968586387434556, 54.56969696969697, 64.4, 56.07106598984772, 56.21195652173913, 60.61963190184049, 56.60377358490566, 54.30769230769231, 53.07575757575758, 55.00529100529101, 57.99029126213592, 67.0561797752809, 55.6958762886598, 58.49171270718232, 57.56923076923077, 62.74331550802139, 20.780575539568346, 0, 53.106918238993714, 52.36144578313253, 51.97794117647059, 62.80346820809248, 54.39411764705882, 55.82802547770701, 49.44736842105263, 53.92215568862275, 56.292397660818715, 60.24747474747475, 54.34057971014493, 57.35751295336787, 61.72832369942196, 52.63768115942029, 52.021126760563384, 43.60262008733624]
[53.89528795811518, 52.89686098654708, 52.415841584158414, 50.155660377358494, 51.639024390243904, 47.74193548387097, 50.10176991150443, 48.03543307086614, 45.68582375478927, 48.320388349514566, 50.43171806167401, 50.2520325203252, 49.954356846473026, 49.954356846473026, 52.73684210526316, 52.64601769911504, 53.60909090909091, 47.092, 51.47945205479452, 59.83898305084746, 48.68995633187773, 56.925233644859816, 53.19730941704036, 52.265306122448976, 51.0, 48.75111111111111, 51.41711229946524, 48.44401544401544, 55.45070422535211, 54.33846153846154, 53.06190476190476, 49.57826086956522, 40.8968253968254, 59.84033613445378, 53.106918238993714, 0, 53.67727272727273, 52.07881773399015, 55.00790513833992, 51.682403433476395, 53.24691358024691, 48.669117647058826, 51.479069767441864, 52.28358208955224, 55.02469135802469, 45.46288209606987, 56.52173913043478, 53.228, 54.365, 47.598290598290596, 54.357142857142854]
[56.17801047120419, 54.58128078817734, 55.96842105263158, 51.786802030456855, 53.35, 50.72540983606557, 52.22510822510822, 55.16444444444444, 54.297777777777775, 52.06976744186046, 51.69668246445497, 51.297560975609755, 50.16591928251121, 50.16591928251121, 50.702439024390245, 53.71065989847716, 48.808411214953274, 54.63681592039801, 54.89655172413793, 61.67424242424242, 48.95652173913044, 61.63414634146341, 57.712041884816756, 56.61290322580645, 52.30769230769231, 49.56768558951965, 53.554455445544555, 53.18779342723005, 56.83495145631068, 58.0551724137931, 54.91346153846154, 55.336683417085425, 50.787234042553195, 58.42176870748299, 52.36144578313253, 53.67727272727273, 0, 8.445859872611464, 54.45703125, 46.109243697478995, 50.74891774891775, 45.53731343283582, 50.44859813084112, 52.916666666666664, 56.26209677419355, 46.159203980099505, 54.9059829059829, 53.86852589641434, 48.76111111111111, 51.52459016393443, 44.68539325842696]
[52.73118279569893, 52.833333333333336, 53.61052631578947, 50.775510204081634, 50.52577319587629, 49.08810572687225, 52.44711538461539, 52.325581395348834, 50.009389671361504, 49.56, 49.4300518134715, 50.09405940594059, 49.13875598086124, 49.13875598086124, 48.79661016949152, 52.78238341968912, 47.04306220095694, 51.38775510204081, 52.65217391304348, 59.57377049180328, 46.76744186046512, 61.02777777777778, 53.994565217391305, 55.437869822485204, 48.61538461538461, 48.61926605504587, 54.556756756756755, 50.37185929648241, 56.641304347826086, 55.71875, 53.64423076923077, 52.692708333333336, 50.089285714285715, 61.06306306306306, 51.97794117647059, 52.07881773399015, 8.445859872611464, 0, 53.67372881355932, 45.475, 49.37837837837838, 46.94964028776978, 51.36697247706422, 53.11739130434783, 57.36286919831224, 47.295, 55.7625, 53.670731707317074, 49.27461139896373, 50.2972972972973, 52.720379146919434]
[59.029411764705884, 58.373333333333335, 59.675213675213676, 58.94047619047619, 57.59915611814346, 54.95955882352941, 51.277992277992276, 52.940520446096656, 54.11923076923077, 56.55721393034826, 52.864150943396226, 53.45175438596491, 56.34156378600823, 56.34156378600823, 56.352, 50.504, 52.70682730923695, 53.19521912350598, 59.464285714285715, 66.67164179104478, 55.670833333333334, 67.16666666666667, 57.94347826086957, 57.794642857142854, 54.38461538461539, 57.147410358565736, 57.76724137931034, 56.136, 57.692, 62.53086419753087, 57.095435684647306, 56.27710843373494, 53.01470588235294, 67.13636363636364, 62.80346820809248, 55.00790513833992, 54.45703125, 53.67372881355932, 0, 53.89956331877729, 51.96875, 49.058394160583944, 51.822429906542055, 52.51012145748988, 53.12549019607843, 45.93636363636364, 56.786259541984734, 21.095709570957094, 55.81182795698925, 48.302439024390246, 55.4]
[54.67179487179487, 53.77625570776256, 54.11224489795919, 53.80882352941177, 53.004784688995215, 47.8550185873606, 53.55416666666667, 53.84297520661157, 51.02723735408561, 48.74881516587678, 52.064516129032256, 50.81069958847737, 50.18222222222222, 50.18222222222222, 56.56038647342995, 54.47511312217195, 54.7926267281106, 53.236363636363635, 51.0301724137931, 62.80152671755725, 48.58577405857741, 61.12698412698413, 52.985915492957744, 53.35159817351598, 49.92307692307692, 49.184, 54.18859649122807, 51.78969957081545, 57.86784140969163, 59.166666666666664, 54.1588785046729, 55.004273504273506, 50.690677966101696, 62.0, 54.39411764705882, 51.682403433476395, 46.109243697478995, 45.475, 53.89956331877729, 0, 51.205882352941174, 47.92567567567568, 52.27149321266968, 54.71910112359551, 58.05220883534137, 49.13, 57.248062015503876, 55.41472868217054, 50.81372549019608, 48.60287081339713, 55.76958525345622]
[57.48618784530387, 55.67906976744186, 55.61363636363637, 54.05309734513274, 54.24782608695652, 48.32661290322581, 52.33624454148472, 53.44491525423729, 52.445378151260506, 50.54368932038835, 52.860759493670884, 53.75115207373272, 51.9, 51.9, 56.65909090909091, 54.62980769230769, 56.08071748878924, 53.493273542600896, 54.93809523809524, 59.81699346405229, 51.32051282051282, 62.904, 57.202127659574465, 57.11675126903553, 54.07692307692308, 52.55603448275862, 54.78260869565217, 54.29004329004329, 57.26794258373206, 60.13333333333333, 57.346846846846844, 56.14537444933921, 51.88157894736842, 65.82926829268293, 55.82802547770701, 53.24691358024691, 50.74891774891775, 49.37837837837838, 51.96875, 51.205882352941174, 0, 48.436974789915965, 48.36150234741784, 53.62882096069869, 54.87551867219917, 48.256281407035175, 58.2875, 54.48192771084337, 50.84771573604061, 48.98913043478261, 57.2636815920398]
[35.50326797385621, 36.224242424242426, 45.9140625, 43.359154929577464, 42.47826086956522, 45.66242038216561, 49.08064516129032, 47.92993630573248, 48.02597402597402, 43.92307692307692, 49.13475177304964, 45.345029239766085, 43.54225352112676, 43.54225352112676, 53.21367521367522, 46.71311475409836, 53.36752136752137, 45.58278145695364, 48.21582733812949, 53.111111111111114, 40.96913580246913, 52.22077922077922, 48.31060606060606, 49.11965811965812, 53.61538461538461, 43.68387096774194, 49.77391304347826, 47.57971014492754, 55.10476190476191, 52.43010752688172, 49.28099173553719, 48.48275862068966, 46.651315789473685, 57.78888888888889, 49.44736842105263, 48.669117647058826, 45.53731343283582, 46.94964028776978, 49.058394160583944, 47.92567567567568, 48.436974789915965, 0, 53.95906432748538, 54.48717948717949, 59.962732919254655, 51.910714285714285, 58.72164948453608, 59.35675675675676, 53.31843575418994, 52.17058823529412, 51.2875]
