[1, 0.2644840341322092, 0.4545162150837097, 0.022318024133746065, 0.03729834218531275, 0.03444334406291787, 0.046179005512807354, 0.036689322660739446, 0.05239553611290749, 0.03240735538153332, 0.029474653139284553, 0.03658110363478882, 0.0399195674659393, 0.038826397984963075, 0.038851712493919145, 0.03798987044039647, 0.040200055698302865, 0.037768542066390694, 0.041046515512930905, 0.03246804521226878, 0.0350925352156529, 0.03791056451674718, 0.048895656008599506, 0.043743584364083286, 0.0553326860481299, 0.03641892670314935, 0.040965091197932346, 0.03641892670314935, 0.034675650356807815, 0.02453220454500108, 0.02400342937262315, 0.02541999191660305, 0.025529058708592203, 0.02494461467472498, 0.02084699670902048, 0.025307679230613687, 0.024922605980770153, 0.026377794403072995, 0.025146998015390866, 0.021264061865347118, 0.024888440624114768, 0.02221343668262756, 0.034890157515806, 0.03142721067726768, 0.029836717908141113, 0.02085042674281, 0.029984854933314903, 0.026507939264998545, 0.02568001646373722, 0.016721746932298748, 0.02180383453269062, 0.026284535279516345, 0.025568678840306645, 0.02240978784267029, 0.02782802120441416, 0.05140608486133127, 0.05970839929500276, 0.014632276609764471, 0.046735666809969004, 0.033854104389073984, 0.027101613616500018, 0.03390526280985852, 0.03669814935865964, 0.03276627053133854, 0.025926167493135935, 0.029466970600667084, 0.02834453161572465, 0.03892810147105687, 0.04822224907904861, 0.053304732759424024, 0.039469823059839405, 0.040371625851301385, 0.020745243938883287, 0.03436493906996367, 0.046536608188440076, 0.029197816480055358, 0.031712371908861316, 0.04264024667571938, 0.031251734316721465, 0.022894952527025652, 0.03182516121719726, 0.08089919859424342, 0.04652469157088845, 0.052207976337084266, 0.025997627801890105, 0.038165474673585414, 0.0458691010099996, 0.0458691010099996, 0.015481206940923547, 0.036315614411424335, 0.061118778129393724, 0.03768734606567181, 0.037220699033236014, 0.028217396260973922, 0.04005862908569536, 0.039728013858992245, 0.03871963198932331, 0.050469635301839844, 0.04050776421300525, 0.03875598290934565, 0.049583502379805015, 0.058186364554103726, 0.0627283406272112, 0.0276535292291303, 0.04148349474741184, 0.036692874434706854, 0.047678048081758524, 0.03639576489333944, 0.018901514776731503, 0.025062757364796934, 0.019616944423965072, 0.019616944423965072, 0.01944420973185963, 0.019486974762233038, 0.018650752301635792, 0.019330174097761773, 0.019454505821249225, 0.019295079491283083, 0.021177813480051058, 0.017898539673452292, 0.016052391529809754, 0.025785156405904962, 0.019321085239508304, 0.019893174700271517, 0.018817830919698644, 0.019122256688925494, 0.020148740859658093, 0.02024693046581356, 0.019619163698086174, 0.019391381397592708, 0.019017861054481364, 0.018464383309449866, 0.020297563741143217, 0.019893174700271517, 0.048944141473320456, 0.022433641136098578, 0.03444334406291787, 0.02532602018023142, 0.017809652570831544, 0.02834453161572465, 0.03452581833017714, 0.03363893497823945, 0.0163453919209871, 0.40911296411539355, 0.030802586927849655, 0.041350722348606345, 0.020375847124282708, 0.020576462219474647, 0.020209901454688612, 0.019547724832168784, 0.021445804171881057, 0.01874854400361672]
[0.2644840341322092, 1, 0.6623256092446378, 0.022380309259238316, 0.038674231025377884, 0.0363261221634764, 0.04788220925868221, 0.037394094448536884, 0.0575686026246353, 0.033678546131040495, 0.031085852794133957, 0.03773706374318341, 0.04101633420703995, 0.04154408967120556, 0.03802874585778005, 0.037401135408099216, 0.04199567877441128, 0.036051342433136846, 0.03964554503461771, 0.03480420243495067, 0.03389592524144697, 0.03828473442504908, 0.04879402125722459, 0.0451362564311328, 0.05450640901453115, 0.035990716126862686, 0.042711765861805834, 0.035990716126862686, 0.032955534117830844, 0.024432795121031643, 0.025002137554375834, 0.02635949148355502, 0.026612517348156922, 0.026162411277915965, 0.021685765682558745, 0.026386043277441325, 0.025831129506684317, 0.026836146944713257, 0.025478808634800326, 0.021154828665768698, 0.025553572131155288, 0.02158680610056292, 0.036230248461536795, 0.03267531760583733, 0.03151002798830349, 0.020927501848927523, 0.031198406380913705, 0.027659780025519692, 0.02678124034633185, 0.017135006136179083, 0.02213924440255643, 0.02744713943663264, 0.02687037782076733, 0.022788516814278126, 0.027857986307394247, 0.05326169370968863, 0.06155365768615068, 0.018759782970155944, 0.043670439977275176, 0.03595225843317101, 0.031197933998295138, 0.03489694547627427, 0.03686625749398236, 0.032679805701157326, 0.026344214984298606, 0.030792818902941846, 0.030226057173108316, 0.03841211297360607, 0.0536384833661654, 0.054861169326744466, 0.0418949883496854, 0.043402140849599403, 0.023962212456278213, 0.03751567453789034, 0.04650327207556747, 0.031848867498607165, 0.03213741729344855, 0.04382738727250445, 0.03249119392065802, 0.02435636236515904, 0.03351902575543032, 0.0873476638714144, 0.048624419618851104, 0.056792987160036446, 0.02766992073602579, 0.040542448902042866, 0.045964770874334704, 0.045964770874334704, 0.016719255369317766, 0.036995369806248936, 0.06093449662027621, 0.035192912483719106, 0.038847797963111955, 0.029566253839976884, 0.04152963499260576, 0.04068879522582763, 0.03982347833954495, 0.04985536358975171, 0.04219884452026942, 0.039515818000967054, 0.051141350741998375, 0.05180971189329743, 0.05635299262189383, 0.029672195640725235, 0.04360052420406556, 0.03781005446100905, 0.049085886086238456, 0.03494135764626835, 0.019346970654717854, 0.024972083255940393, 0.020092627154161845, 0.020092627154161845, 0.01995484796900474, 0.020022329219572806, 0.018998995084440744, 0.019794008361564912, 0.020017137838819008, 0.01968862691358793, 0.02153580893897087, 0.01832535021516062, 0.0166327765325993, 0.02496220251979204, 0.019751658887744338, 0.020346212495106646, 0.019234512009540485, 0.019578315199394278, 0.020576853661491323, 0.02063863843296684, 0.020115430943346908, 0.019867585682630445, 0.019380623558595707, 0.018978617077302022, 0.020719944106546154, 0.020346212495106646, 0.05175963037707876, 0.024204018543137265, 0.03632612216347641, 0.02654297726493217, 0.018941987903880003, 0.030226057173108316, 0.035920405196018614, 0.032957291045593196, 0.016903482562778925, 0.5301472329530232, 0.03185852687918579, 0.04201036126220268, 0.020727262867944077, 0.022121180794049292, 0.020650099656382506, 0.019982125559621547, 0.021517804883522316, 0.01928061877537839]
[0.4545162150837097, 0.6623256092446378, 1, 0.026169761709106874, 0.04083702906272609, 0.038190239405277486, 0.05083242901604181, 0.039421546623881164, 0.0643796179257462, 0.03567694610978307, 0.032839187469379846, 0.039812112349656835, 0.04301605781838645, 0.04372644390025725, 0.040066032899406176, 0.03974380046579687, 0.04505895390604514, 0.03846548827261522, 0.04235685031868181, 0.036214542132204514, 0.03584237336812048, 0.040714544233646024, 0.05270695127855063, 0.048233627470456765, 0.05897200457606556, 0.03829353139333574, 0.04588017575194565, 0.03829353139333574, 0.03495290597384998, 0.025860646831233163, 0.02646206856122351, 0.027613713025938253, 0.028232571715067493, 0.027033279387475687, 0.02282389042445241, 0.02769165873757092, 0.027350366909863973, 0.02841005182000168, 0.026782040636622272, 0.022160570949478486, 0.026983266068387503, 0.02284973791701, 0.037962229854866684, 0.03393345347699476, 0.03240818394026173, 0.02280359645984354, 0.03250103411853298, 0.02963259024129458, 0.02788147760751776, 0.017677253883072237, 0.02372381871338268, 0.028945993747338767, 0.028306143370951647, 0.024172311512122693, 0.030453237428899126, 0.058294438524315366, 0.07687155255801802, 0.021602001245922018, 0.04798380261686195, 0.03845813347225731, 0.03077734848406211, 0.03892691063250081, 0.03938453724522944, 0.03463081567459258, 0.028270316177450707, 0.03264798397601858, 0.031489676243481084, 0.04045373190957001, 0.056251921872848595, 0.05922528772267907, 0.04566916934947489, 0.048116083518164224, 0.023961405915460716, 0.04004027169610858, 0.05407121119202632, 0.03491468750749564, 0.033337133524794636, 0.049606823134529, 0.03485087203942297, 0.026304968942601117, 0.03573098016639893, 0.09137228179158084, 0.05169899790589303, 0.06771661834640305, 0.030814288996998618, 0.04268892804252075, 0.0495967032438572, 0.0495967032438572, 0.018419470894158418, 0.04021411689963108, 0.06686943920172414, 0.03810947297707498, 0.041218498936737145, 0.031064532913897068, 0.045382735424638436, 0.043567567361853375, 0.04268221558558014, 0.05368906436389584, 0.04537131913466118, 0.04224441677656938, 0.0552631516435721, 0.0565019378421538, 0.061153301292952926, 0.03185521525778674, 0.046968566542993855, 0.04021659077224007, 0.052518012466120735, 0.03730081836675034, 0.02022043510679289, 0.026464288718920804, 0.021007061460187788, 0.021007061460187788, 0.020883776745135686, 0.020977418113056832, 0.02000492211911896, 0.02068285590356709, 0.020978018987968333, 0.02054415832172136, 0.02243849758668108, 0.01933965066548412, 0.017995709394605472, 0.026841476943733903, 0.020582423088798298, 0.02126423884862897, 0.020078400727394946, 0.020432875726435522, 0.02149006718493335, 0.02150346668810361, 0.02103933880913535, 0.020763114647792735, 0.020196425378253124, 0.02009188494929958, 0.021557798517945197, 0.02126423884862897, 0.04978183003730814, 0.02693962358652173, 0.038190239405277486, 0.027939124379845384, 0.0214702990866897, 0.031489676243481084, 0.03830809148130932, 0.034692259275570486, 0.018044543613267783, 2.660120977998702, 0.03344334415148812, 0.046898374180209076, 0.021591334174062754, 0.022503358702902567, 0.0215172847665986, 0.020818580898780373, 0.023122044874198378, 0.02020431543433653]
[0.022318024133746065, 0.022380309259238316, 0.026169761709106874, 1, 0.02929452850438633, 0.03267559123833376, 0.03371365453524401, 0.030774399677913827, 0.031193647631281272, 0.027253648431767738, 0.022259495827078448, 0.030895245668940297, 0.031398029986454856, 0.03287955634115988, 0.02522668719853889, 0.026432240130072306, 0.02668927330510467, 0.024629462320810237, 0.026124150540550665, 0.025179360374171976, 0.024579418521725002, 0.02699523389610925, 0.025702953505140444, 0.029419049559123375, 0.03135388311763127, 0.02545056006242686, 0.028202698226814663, 0.02545056006242686, 0.022913684344381638, 0.015347324497175744, 0.01822895283761021, 0.017801245482655142, 0.01800356682796743, 0.020310393158652178, 0.01790382556405556, 0.017431715731486688, 0.019072666373834805, 0.01827326556929622, 0.017649613141241485, 0.01471819712720978, 0.01734089984276268, 0.014715155972650872, 0.02812122247997384, 0.029095242159801738, 0.025865567424633206, 0.011716656566944436, 0.022394804604769784, 0.01409084924978289, 0.017313540324347402, 0.015549524327761506, 0.01440153281825311, 0.018344999254232584, 0.018514047358462557, 0.01383782836687179, 0.015963984918297498, 0.0242372586615145, 0.018598155801410745, -0.006918135338941989, 0.019298976715724583, 0.021432111168362664, 0.014496539697402023, 0.022841997066218856, 0.01780339606334985, 0.024776917505250694, 0.015329536813471543, 0.02006556845282373, 0.018195459447863865, 0.027283894626564262, 0.0336780785379194, 0.025522526214902048, 0.017693807997965775, 0.02368951803775054, 0.006201072412208181, 0.017466119985660045, 0.017111960207420694, 0.015336012469462748, 0.02722111539130839, 0.018171304488082685, 0.018374872955110606, 0.012750819905239987, 0.016469085493356572, 0.04566145294925952, 0.024437797693429214, 0.022147990847136083, 0.01300745301103436, 0.02735166878026274, 0.024598344472981433, 0.024598344472981433, 0.005441173228703537, 0.018683322378338165, 0.028235931423956813, 0.020695223718645104, 0.030987407705364026, 0.024860269711283012, 0.015533186975347625, 0.025279622200913378, 0.02581770989354823, 0.03172355035748022, 0.027516201848320584, 0.026843885232302248, 0.031424808901803165, 0.027921796428019834, 0.03210559966719602, 0.016582798038239817, 0.028430521005234858, 0.026426226258173955, 0.029956415591969193, 0.023373602333835612, 0.014502294467125473, 0.014757026131822374, 0.015148093254620227, 0.015148093254620227, 0.014754525087655289, 0.014629093754533877, 0.013995704974521055, 0.014935408730227175, 0.014484628347386777, 0.015219882146516369, 0.01740251132669851, 0.012142503298793577, 0.009004638652507384, 0.012096448088850702, 0.015675578103955996, 0.015480798568728834, 0.014637725320957763, 0.014890951344015428, 0.015904307006907464, 0.01645886806698765, 0.015030599271073888, 0.014990500573020446, 0.015158594171392373, 0.012114780109209267, 0.016995674929424016, 0.015480798568728834, 0.015009112947174982, 0.008532293999402762, 0.029481704402720334, 0.02462250471722332, 0.005077486315210177, 0.018195459447863865, 0.020953137428043157, 0.028080960680516246, 0.009869194391263346, 0.02693473808545276, 0.027451177461272055, 0.019064250388813347, 0.01660325913836353, 0.010471029125127328, 0.016620139542561814, 0.01595539120083903, 0.010420786928552375, 0.013802821526873673]
[0.03729834218531275, 0.038674231025377884, 0.04083702906272609, 0.02929452850438633, 1, 0.15083757805691378, 0.20464924537290274, 0.1715405408404248, 0.0484254604400778, 0.2135998961557332, 0.10347941177915775, 0.2430988028484871, 0.2794084000970444, 0.17057131524320263, 0.12378003556574826, 0.17334513808214333, 0.12775281519342452, 0.1325795006179063, 0.13718835945605992, 0.1249504324296284, 0.13003425597502655, 0.16677713755233153, 0.07677342232545982, 0.19206281687120078, 0.08144551496070467, 0.1569011046997285, 0.13163066790809003, 0.1569011046997285, 0.1311483954180729, 0.06077459907448495, 0.065082474600698, 0.06571701262514004, 0.05924055164152229, 0.08396207312868861, 0.05611512131413981, 0.06363198094001762, 0.05993615838295476, 0.07207455350301195, 0.0628136669085494, 0.0516472844249697, 0.05589393988724093, 0.05177524404121511, 0.08251804401090032, 0.08236401254844562, 0.03352357621068749, 0.049545225876541185, 0.0384741459787635, 0.05848925618971992, 0.0323484700777523, 0.033165256722440584, 0.05608209538768227, 0.06185540662532943, 0.0849510330331578, 0.063591967227408, 0.030365901493799138, 0.045901165975289614, 0.031018404358758245, 0.029460095824725432, 0.04152600477927661, 0.04010961482189443, 0.04106223478528614, 0.037551980074277375, 0.050606361646960404, 0.046595487122362146, 0.03417416699993599, 0.03875212208845993, 0.03245105046975452, 0.08581129345102873, 0.04017610730905042, 0.05662331015682284, 0.04538348030169979, 0.03542109363506393, 0.030214371751640302, 0.04465781862732432, 0.034530065287168885, 0.03550301662573518, 0.09974180790953148, 0.03955340122059857, 0.045281315204184394, 0.039219262344080776, 0.05528503713854688, 0.10095564253337277, 0.04045296564356802, 0.032484728226654776, 0.033698621539452224, 0.15766570903959076, 0.03807512821465594, 0.03807512821465594, 0.03319753254543639, 0.04923317765680274, 0.06235972526607636, 0.07609412219919495, 0.2006934870140298, 0.11712674217436787, 0.03208906837817785, 0.08281125059099519, 0.12471843613301994, 0.09532454956017164, 0.13108599550813352, 0.15504872524830643, 0.0871954909680026, 0.059760105205165226, 0.07309984222599848, 0.06256893674992561, 0.11966366801964338, 0.17145223602409151, 0.15009456120924178, 0.16181333953048566, 0.04915888735557652, 0.09355915063891028, 0.05497719131904744, 0.05497719131904744, 0.054301243616436484, 0.053367238157936696, 0.04182525048232759, 0.054233379178962794, 0.05612895708332023, 0.04983385722883845, 0.0566011067969652, 0.04464611826092825, 0.039002516983193146, 0.0669357900172782, 0.048501124023574635, 0.05432241336012243, 0.04945887748059898, 0.051948108110479306, 0.05517451965111708, 0.05446698370810367, 0.056250281594250474, 0.05469906227118245, 0.049114824116641774, 0.04833970561185726, 0.050234288597151865, 0.05432241336012243, 0.04074779458158178, 0.05672228078902478, 0.12371976666527328, 0.06878045858643256, 0.047479096075162326, 0.03245105046975452, 0.051063574559792435, 0.21251338738380668, 0.03751982332343118, 0.040419894915654675, 0.15149822791478243, 0.030644479777694817, 0.052635782124113656, 0.031130512561734526, 0.05085047343833964, 0.04822446143351341, 0.056433799459297794, 0.05264383452797999]
[0.03444334406291787, 0.0363261221634764, 0.038190239405277486, 0.03267559123833376, 0.15083757805691378, 1, 0.16918566991714645, 0.3224079343612145, 0.05983377868257904, 0.24266868551083662, 0.09075545789941834, 0.2052239653019292, 0.17151468361264585, 0.14857733020381556, 0.08854616727901131, 0.18719442991127705, 0.20683402578513302, 0.1276102666279331, 0.1344259975401975, 0.10639991513218171, 0.20013282902380233, 0.1872055276008104, 0.055791689900913814, 0.14067504611943413, 0.07819120357045833, 0.17576442682195803, 0.1355828801668141, 0.17576442682195803, 0.136879293789917, 0.06882212264870179, 0.07599999951840211, 0.0799007917608636, 0.06806636250136712, 0.11061241403227627, 0.06642146112867729, 0.07605938578284238, 0.06998844922368024, 0.07967446715353764, 0.07322701838584776, 0.05693721045664018, 0.06621256822473107, 0.05921978504092087, 0.09541234691764773, 0.16829064989139425, 0.034450324079080705, 0.04998642585596738, 0.03676955720355955, 0.06473618534983953, 0.03120605701568382, 0.039503311104631504, 0.062316157095209275, 0.06868890643785058, 0.10209128746567972, 0.07359483985413572, 0.028727165188042164, 0.03813343361505458, 0.027963433015643094, 0.023828222409275512, 0.03702785387916486, 0.03725833926172925, 0.03458245104285711, 0.035130308318526454, 0.04178632839433542, 0.039029336530215925, 0.02963689324293184, 0.031313345124929844, 0.03039980084084474, 0.08825759142869166, 0.039840856483526095, 0.04095730375569023, 0.03750674715088465, 0.032963864658093, 0.02647497504382909, 0.037584453854836386, 0.029990493440438373, 0.03320289863021378, 0.1014073426530124, 0.030814669185477962, 0.04094543399685827, 0.033474652411936326, 0.03710164091583977, 0.0722158352961937, 0.0369260378359166, 0.030950292441759248, 0.03155752567132157, 0.10213685029538627, 0.03512272165693208, 0.03512272165693208, 0.02472712956396188, 0.040136626295551626, 0.04865030587397497, 0.06624726122216343, 0.15951825269941353, 0.2008642253802111, 0.029704176257956894, 0.07220068679361699, 0.1334596024448217, 0.09144282514185118, 0.1326263332307786, 0.1613208784136544, 0.08947834630000918, 0.05624756149311344, 0.0675073342542632, 0.06531921484855, 0.12042458647721725, 0.19852682638904404, 0.1213369598518975, 0.1712075764747865, 0.06298287411184368, 0.08856541893161352, 0.06469605480456893, 0.06469605480456893, 0.06432891048733902, 0.0617174416793187, 0.05292503199633936, 0.06527276919301137, 0.06622911260171589, 0.05851851509914389, 0.06713873770466057, 0.050637379812820384, 0.04316196895219424, 0.07292394433191249, 0.06224996523498699, 0.06359199714882433, 0.06407680129524553, 0.06962229056132462, 0.06607187659191882, 0.07266762016039793, 0.06739204083335007, 0.06588723901628962, 0.058307355925222855, 0.05425003731218938, 0.06474617803083553, 0.06359199714882433, 0.03476842581725064, 0.05134437251092355, 0.2032036430709167, 0.1089001427868222, 0.04109165613444181, 0.03039980084084474, 0.03815178529142235, 0.1253384087507154, 0.041467461240598094, 0.03776839512589856, 0.189771950847868, 0.02877713011235209, 0.06276623698352646, 0.03455681286102532, 0.0651431439310048, 0.061601456745390706, 0.062195794235757364, 0.06061440757308235]
[0.046179005512807354, 0.04788220925868221, 0.05083242901604181, 0.03371365453524401, 0.20464924537290274, 0.16918566991714645, 1, 0.14845532771805228, 0.05567269925193181, 0.24075997374691316, 0.11569738863489197, 0.3382988703725182, 0.28873956820502633, 0.19709114836611427, 0.14072250771809733, 0.14239147491072268, 0.16440091676957005, 0.1538599085685974, 0.124093460642335, 0.11041542252547427, 0.11199709467417447, 0.1414772650705201, 0.05682647555082771, 0.1517861121980706, 0.08222501500583497, 0.14419094055112766, 0.11779630064403956, 0.14419094055112766, 0.0946172185537748, 0.06722619030155383, 0.07149888020684295, 0.06292003486660182, 0.05959155145746417, 0.09207361967843963, 0.055469619904862204, 0.060661973961653105, 0.058414640064786603, 0.0823097944048968, 0.07091065064280613, 0.05646140159892876, 0.061150471360757346, 0.0576378142755798, 0.09541576355382496, 0.08080416870793052, 0.03475257661031946, 0.049655945398253395, 0.04046804581680653, 0.05629135202464798, 0.03396431500699853, 0.03555393565163469, 0.06146940621426057, 0.06882083523492662, 0.07981016137006545, 0.07131965280515735, 0.03648231245769895, 0.05098277311408281, 0.03494710752934741, 0.030198709733895997, 0.050937043572024096, 0.04915151462726686, 0.04514765892901726, 0.04714176405121005, 0.05649205449136957, 0.05063306928389052, 0.03773802766087254, 0.039162140560159174, 0.034853765545623284, 0.08672926146698891, 0.04766117260326446, 0.05527994890887781, 0.05032676356422403, 0.0427464214109148, 0.03324538456324115, 0.049685227956030045, 0.04296831031626407, 0.0434089076623928, 0.11470387054678396, 0.04066436743365145, 0.04982905962732104, 0.04288403135894091, 0.04829552037782231, 0.1144189750933317, 0.048828420540390514, 0.040075671190949326, 0.04586724058810954, 0.133339902652838, 0.0466266064568983, 0.0466266064568983, 0.03145796885409181, 0.055053154546548265, 0.07002130023555264, 0.07390631856523561, 0.15430826701015565, 0.13463023139853075, 0.038610358920690056, 0.0728270912884169, 0.113399633907795, 0.09219529878953353, 0.11862084991644921, 0.1352115087370098, 0.0898994632684512, 0.06706535696545762, 0.07171582317482293, 0.07292994211664736, 0.10925656343901823, 0.15037683049459977, 0.1502273453579136, 0.1381247472844401, 0.05148585272246861, 0.08528659179240959, 0.05771548282633258, 0.05771548282633258, 0.05821046497938329, 0.05578016115730896, 0.044256440980806416, 0.05787618035721512, 0.05974176918466544, 0.05227724625817011, 0.05963100987264468, 0.04754444274535942, 0.04266901150516946, 0.07416287131009923, 0.050774306515461866, 0.05887943415605964, 0.05167248705571791, 0.05522614475049655, 0.06037615133925532, 0.056919379555288994, 0.06067459689269459, 0.05719102189870372, 0.05161991639142748, 0.05219603243812906, 0.053042941819708596, 0.05887943415605964, 0.04627954032179098, 0.05047785683696431, 0.15308883687559827, 0.09049139571396966, 0.04660942301042793, 0.034853765545623284, 0.04981788681945515, 0.12421267728162487, 0.04022835992793262, 0.05004802309725344, 0.15498392951328885, 0.03748019631751444, 0.056373566140757295, 0.036572805383127044, 0.05338984097708669, 0.05105788626343744, 0.06151729351596166, 0.05622291925003027]
[0.036689322660739446, 0.037394094448536884, 0.039421546623881164, 0.030774399677913827, 0.1715405408404248, 0.3224079343612145, 0.14845532771805228, 1, 0.05106223235794117, 0.19082204947811596, 0.0816638289542707, 0.23182874556960467, 0.178583263137798, 0.10099028320863516, 0.0823847494147247, 0.4460709847479877, 0.22022589264264786, 0.22324028875150576, 0.2406495598050751, 0.11554021467706622, 0.526038477235482, 0.3839070059792904, 0.07181378488033029, 0.23414874274128586, 0.11105225700829417, 0.3376646377368151, 0.21521942552515608, 0.3376646377368151, 0.27401822169647094, 0.07225906641449553, 0.07939878220773289, 0.08282856776006452, 0.07358826506000608, 0.11315365861657138, 0.06824367943646233, 0.07682727372801067, 0.07246764694688027, 0.09114897111664269, 0.07720587196488095, 0.06034652921424758, 0.06827684647203228, 0.06336133182375994, 0.11090714504157816, 0.14590492889113502, 0.03400701532419257, 0.05203112403129618, 0.038899495612939906, 0.08026849626705493, 0.03263540109515503, 0.04041821469327019, 0.06509332958774586, 0.07294356488341738, 0.10848829568192728, 0.07796991361080712, 0.02803899269862914, 0.03750292998560356, 0.028648183629719565, 0.02442575184921822, 0.04073075367357718, 0.03640134992149634, 0.03381067422334317, 0.036832687067777786, 0.05004011847733358, 0.042047031882636934, 0.031222984410695723, 0.03274653711966176, 0.029880573654055716, 0.13111139383528012, 0.03649671231850452, 0.04086640937589902, 0.039468046020604025, 0.03455347619339045, 0.029827456986428733, 0.043207192344410415, 0.0312983848862484, 0.03445917872362378, 0.11642375962754431, 0.032183430723391894, 0.04871064186620861, 0.032426879120621074, 0.04255909672694541, 0.08387880877790649, 0.039685322198662346, 0.03162391590230754, 0.032873595257326325, 0.1089882073060186, 0.03720325456336502, 0.03720325456336502, 0.02765759467419321, 0.04754283355804825, 0.05969383503877633, 0.08960479720726001, 0.17127126976505438, 0.15561234156228287, 0.03128862381771585, 0.09665630297457116, 0.20689382712130572, 0.14337239363821042, 0.2083708175497156, 0.2898947705504336, 0.12707700381641446, 0.07373741161961847, 0.09427945540265631, 0.07753755505712051, 0.17902893118571497, 0.3926190113099393, 0.18586166465330714, 0.22569231396029948, 0.05528969707167651, 0.11516321377170863, 0.06438462302471434, 0.06438462302471434, 0.06373301628027801, 0.060827652477322885, 0.04707243763158136, 0.06463045338690143, 0.06516126738546173, 0.05732529462186617, 0.06561075028217543, 0.05007372445194116, 0.039300818543205704, 0.09168570582527531, 0.05531190940847292, 0.06296825617591993, 0.05611969389025042, 0.06830734059083866, 0.06590725187901487, 0.07127497909310145, 0.06673700800066619, 0.06415931077299153, 0.0571495191235529, 0.0543265943530363, 0.057247679899010535, 0.06296825617591993, 0.0368690085340754, 0.052916999014826056, 0.17399554673143916, 0.07675470233998025, 0.04414637864467157, 0.029880573654055716, 0.040543710592154586, 0.15144075054164466, 0.04115748034538492, 0.03893910306759883, 0.2251033608622592, 0.028049107947369728, 0.06199178838728874, 0.03096435675180784, 0.05749743697951965, 0.054713249247339925, 0.07452126657586912, 0.060236143482001826]
[0.05239553611290749, 0.0575686026246353, 0.0643796179257462, 0.031193647631281272, 0.0484254604400778, 0.05983377868257904, 0.05567269925193181, 0.05106223235794117, 1, 0.05145371608471987, 0.04213709389714349, 0.05203175333971503, 0.04676206651786907, 0.05274412373585502, 0.04164167357908606, 0.04726307039702818, 0.05668140539006368, 0.047316972381681775, 0.052405030031374714, 0.044830825541054616, 0.04192914306043532, 0.04846163784350556, 0.06170659909475276, 0.05431852772177444, 0.07854783514635012, 0.04616193547268447, 0.05908080202154549, 0.04616193547268447, 0.04116641371413086, 0.03472380524967161, 0.03679405273248582, 0.03755252650105486, 0.03650504430273648, 0.03800521815617368, 0.03044491271207306, 0.03852724337244085, 0.038673500546310434, 0.039465811648094797, 0.03700293040552817, 0.029356910212012557, 0.03772337830003974, 0.030791997914506167, 0.05806481490049236, 0.050979987982542246, 0.03669803820771196, 0.029890677153966413, 0.03475977079392358, 0.03608574928754234, 0.0320755487814646, 0.022588236352552995, 0.03341449918722352, 0.041687883927766366, 0.0384553560996257, 0.032816554794529794, 0.031216120639536358, 0.05026027532935961, 0.03214028793831242, 0.023710449133782088, 0.05164604615596266, 0.037909271003510825, 0.040994338783177806, 0.04270486417084728, 0.032433873359422764, 0.03570717117315874, 0.02876242285543545, 0.035302064818804, 0.03362832971163326, 0.05178679604367945, 0.05418714897124588, 0.05681040250195481, 0.039854422661508376, 0.03481970750436391, 0.02686108698561654, 0.03593868733245966, 0.032761540038395334, 0.04894759881207237, 0.05007136924809243, 0.038949375563975125, 0.03479284982303329, 0.03087477823191662, 0.03805429099613515, 0.08839972524963169, 0.05043563862590113, 0.03907425021350038, 0.027082143755267747, 0.04794547116566442, 0.039949484266640765, 0.039949484266640765, 0.02221875142719459, 0.04242581942957234, 0.0540393140003267, 0.04504248819104728, 0.0569529563242616, 0.04648265305576018, 0.03364252670009315, 0.05828242150418269, 0.053687835856947, 0.06592046464186516, 0.057871326659525185, 0.051802626106688565, 0.07479745789494184, 0.0654025226404469, 0.0700684386575998, 0.04678904936884471, 0.061923464076309415, 0.048674653806965576, 0.05948549619573755, 0.04471614557785161, 0.028163392436369925, 0.0322713967593692, 0.02736077729250521, 0.02736077729250521, 0.027624782552113647, 0.027732486957780227, 0.026286631664816006, 0.027078519499185653, 0.027759694635983597, 0.02681165879380515, 0.02956654810037704, 0.025592725988851015, 0.022926979560750196, 0.03285782347718219, 0.027881395648323273, 0.027751639441262677, 0.02770583957744322, 0.026498606475678997, 0.0282642841906065, 0.02776019775255403, 0.02764895011106407, 0.02711121213455461, 0.02607120135492758, 0.02678880092133741, 0.029307283299801676, 0.027751639441262677, 0.03503128752691993, 0.030846735436850386, 0.06106952122716516, 0.042406981636248085, 0.026705559330336026, 0.03362832971163326, 0.0397936994004745, 0.04477122412039873, 0.024245307282858335, 0.0643796179257462, 0.047242128397104705, 0.037774091034008674, 0.028126081651238838, 0.029432071165195278, 0.029595083660915518, 0.028221033355406294, 0.028407550673586808, 0.026565050997393164]
[0.03240735538153332, 0.033678546131040495, 0.03567694610978307, 0.027253648431767738, 0.2135998961557332, 0.24266868551083662, 0.24075997374691316, 0.19082204947811596, 0.05145371608471987, 1, 0.07272904590807389, 0.28965930532191814, 0.15725726841137228, 0.15635490963260334, 0.10163654367284289, 0.17205676756530447, 0.1655326753763437, 0.16981237616706585, 0.13096122201346894, 0.09684609814959019, 0.13222680928481512, 0.16752279465972833, 0.06745448891453373, 0.14512053052491633, 0.0787626789392453, 0.1537057244493804, 0.12563766648735306, 0.1537057244493804, 0.1284839146429343, 0.06564517713379536, 0.0731410802432988, 0.06639414292377316, 0.05811030716394826, 0.10720670896210058, 0.05499541687692415, 0.06173655149220742, 0.057944841236281894, 0.08171693128574804, 0.06961899143213543, 0.0560538635559163, 0.061792749594782814, 0.05610792045794876, 0.10867965360422313, 0.0973521318883237, 0.03162235023979909, 0.05138428132691802, 0.03531531560469418, 0.052894165107128216, 0.029381673581037267, 0.036429428704462315, 0.059265074498788976, 0.06778497892675361, 0.0829808986609629, 0.06916849038450697, 0.026100579978765928, 0.040988486905117805, 0.02497375963456916, 0.022003378655475636, 0.03505245139617042, 0.034627671871819254, 0.03512682668268366, 0.03210641917365301, 0.04020256150586377, 0.038364292445056875, 0.027416935332215373, 0.03148514219634078, 0.027575475073343375, 0.08247063615783992, 0.03587914173852029, 0.04650888867830242, 0.038954540905318705, 0.030178234708473285, 0.02418369365824206, 0.035183744849869504, 0.03066188234881081, 0.0301236205209344, 0.12198453105059939, 0.030751211358813407, 0.03833877849111146, 0.034964639831106564, 0.040494356488645133, 0.08041346179976058, 0.035433743968327006, 0.027512559928829033, 0.029805539408993744, 0.10768668717933706, 0.033457663226782744, 0.033457663226782744, 0.023115239181013863, 0.03848602004042987, 0.04881413296973513, 0.06057165036503693, 0.15103294079559962, 0.1622168594706971, 0.02737633449700332, 0.07668779602508216, 0.11734678952771836, 0.09738566889722913, 0.1262579040717258, 0.15317596827522326, 0.0872723425684296, 0.06501857337012226, 0.07241118387959196, 0.06361794810060276, 0.11392546451635295, 0.16944886973324788, 0.12226052137798626, 0.22785555180906333, 0.056053742131623466, 0.11025329944250867, 0.06321356461181754, 0.06321356461181754, 0.06327059804870153, 0.06105318905897562, 0.04611128518718092, 0.06334982721029121, 0.06510709144673162, 0.0574893132454668, 0.06791145377639675, 0.04915771199270119, 0.043930986895895835, 0.07005647610421033, 0.05521182429059636, 0.0629860841087593, 0.05656680560655745, 0.060086839527839865, 0.06464272978241042, 0.06362663952927539, 0.0657778971703235, 0.06346789663167891, 0.05682203180612875, 0.05309900994714455, 0.05818436632359839, 0.0629860841087593, 0.03514612364504764, 0.046795993895699904, 0.18737241721190406, 0.09412902287075797, 0.042918484398709406, 0.027575475073343375, 0.0418957352081069, 0.11742514490017468, 0.038990714819439214, 0.035438383618367215, 0.24866752902114075, 0.025578517686826004, 0.06208596736957932, 0.02819848078820037, 0.05886867160531337, 0.05496203088342096, 0.057474772753908276, 0.0596833800036354]
[0.029474653139284553, 0.031085852794133957, 0.032839187469379846, 0.022259495827078448, 0.10347941177915775, 0.09075545789941834, 0.11569738863489197, 0.0816638289542707, 0.04213709389714349, 0.07272904590807389, 1, 0.09967091921116913, 0.13600642290540124, 0.10350484541995152, 0.06871212313861187, 0.07756931704478524, 0.06870036423613017, 0.0689024506360059, 0.06999179791597884, 0.06855353403430275, 0.06633191463771305, 0.07843276116516625, 0.04016645055965212, 0.08971367031449112, 0.053084839297297765, 0.07710444283718153, 0.07080154084045184, 0.07710444283718153, 0.05735823643074775, 0.04323409034503896, 0.04688887919419615, 0.048428400808562616, 0.048317689916831746, 0.05105327489409749, 0.04166244547986657, 0.04624296901849844, 0.04447725576506574, 0.049621802933327526, 0.04473771319999121, 0.03760193621107321, 0.03764596791761403, 0.037472164084914494, 0.053513295544599666, 0.06130479483812131, 0.03300324431040892, 0.032585297993223565, 0.03487794194475514, 0.04035247439292493, 0.033398888310543405, 0.027175459033663075, 0.040118727150839, 0.04415689092164211, 0.06564673482023159, 0.04430204491582866, 0.028040437020318526, 0.033686716234992094, 0.024606631886963194, 0.023014215265034783, 0.03755984442468036, 0.034689754207966744, 0.03715687010933577, 0.03705298153774081, 0.042228128356218225, 0.04490663878656563, 0.029491410896202077, 0.03426223608466792, 0.03163594699073862, 0.06042485803721852, 0.03896577676652771, 0.037077129996824235, 0.03494040694254266, 0.030420287861696062, 0.027868325919104747, 0.03866312415146849, 0.026345439438585985, 0.03277322244939567, 0.05950366209980983, 0.027785002917970928, 0.038408031241543496, 0.03324668607278668, 0.04305885992286808, 0.07651793261379798, 0.037888846199052216, 0.02741150325244171, 0.028296870588447914, 0.095776731261268, 0.032911105613884925, 0.032911105613884925, 0.02694099209578041, 0.046050537834091715, 0.05320345008779091, 0.05233432592790763, 0.09355906720281945, 0.07629266489863226, 0.027306363394040804, 0.051890276664549644, 0.06766223603686876, 0.06106948538733102, 0.07238509621439664, 0.07846781615805103, 0.05787834702663967, 0.042278080235831184, 0.04961546051719308, 0.05904784311963949, 0.06837310424075521, 0.08235355040101398, 0.08350283144385325, 0.06276007992817882, 0.03851145086739704, 0.04728933270755934, 0.03798866108063054, 0.03798866108063054, 0.03797764002776875, 0.037775790169700556, 0.03319813740066294, 0.03759915907098957, 0.038673458800384766, 0.03607496865515504, 0.040216635616138426, 0.03226455128211803, 0.027742142965525438, 0.04110089187414602, 0.03790454342960545, 0.03792649152623198, 0.03842557489172392, 0.03649603796876846, 0.03845514681040428, 0.03830728546402891, 0.038548371097668094, 0.03783763695066295, 0.035330255388998255, 0.034071809836070326, 0.03945637272626977, 0.03792649152623198, 0.029445016698906357, 0.028048972255231293, 0.081347396677776, 0.06057813411315855, 0.02820022516007915, 0.03163594699073862, 0.04959713703961512, 0.08379817316776184, 0.031932792059678805, 0.03266738780932251, 0.0747748575376662, 0.02731212636857733, 0.037583966967393835, 0.03165470660903666, 0.04015235121588715, 0.03788723340381784, 0.03580200153676788, 0.036747688940321106]
[0.03658110363478882, 0.03773706374318341, 0.039812112349656835, 0.030895245668940297, 0.2430988028484871, 0.2052239653019292, 0.3382988703725182, 0.23182874556960467, 0.05203175333971503, 0.28965930532191814, 0.09967091921116913, 1, 0.26161522078035515, 0.1336386166885831, 0.09833024206322682, 0.21565063491651387, 0.16582521718016682, 0.23851029379766955, 0.17289335425676597, 0.11439378088201702, 0.1602084918885942, 0.21502970534104113, 0.06296805075855678, 0.1681391427503946, 0.09433957026290286, 0.2151437796614418, 0.1606737492761589, 0.2151437796614418, 0.11977272981662457, 0.08567867728525407, 0.09284289344133893, 0.08180990072204526, 0.07313767383219187, 0.1452247229730731, 0.06904177625083019, 0.07723229207768109, 0.07227335958121298, 0.1072086470295421, 0.09317627825479566, 0.06953005912975602, 0.07752841182224292, 0.07158133765313124, 0.13356020847126557, 0.11605979349478891, 0.035622935381008164, 0.058794766271552994, 0.041346176987607, 0.06756794467992996, 0.03424778232822044, 0.04103045302181489, 0.07658330052768449, 0.0853666261959245, 0.10769662340575913, 0.09212377302535658, 0.030055750134458846, 0.041037537118126896, 0.02872054176271335, 0.02416759129146869, 0.040550558348187826, 0.03981433593553881, 0.0366440306690082, 0.03705466475263344, 0.049787547245836714, 0.04572957386691671, 0.03381222709890585, 0.03548577143129142, 0.03213938022711465, 0.10291078913793554, 0.03980875904364234, 0.04503523703593762, 0.04011037914492896, 0.034875119750924284, 0.029866546951120152, 0.04380295396329159, 0.03369993597091981, 0.03475900965719544, 0.16351956088171463, 0.03238810031489199, 0.04823900617010241, 0.034977723828714516, 0.043098515479159175, 0.09953655720545587, 0.04010105948877285, 0.031791566343852946, 0.035839961666759346, 0.11582028709431334, 0.03763028638746186, 0.03763028638746186, 0.02768526210085025, 0.04798186772669353, 0.06071901738113037, 0.07293370656126615, 0.18216857253448207, 0.23039919666803538, 0.0314914825431426, 0.08172909076278616, 0.15093719328316965, 0.10998957126479779, 0.1614564570166525, 0.19911080424024896, 0.10813872662711091, 0.07493494957983647, 0.08100604959888091, 0.08636584070177794, 0.1434386144201805, 0.23184729342207142, 0.15646117767489934, 0.14500845911702742, 0.06500358999618264, 0.1188384041406445, 0.07392579123549997, 0.07392579123549997, 0.07588456624514636, 0.07173198089526586, 0.05392109634436416, 0.07535074745178809, 0.07855765680610818, 0.0673108206409953, 0.08034101138084791, 0.05830786512700581, 0.04434661986578864, 0.09468301178957769, 0.0630921364715907, 0.07593194148096617, 0.06536397967170872, 0.07120585540101025, 0.079265040368687, 0.0738644691669943, 0.07959098215153608, 0.07551285172993635, 0.0661064270166907, 0.06355357668259907, 0.06701270827671373, 0.07593194148096617, 0.03681920919291337, 0.047283040542532566, 0.26441244556095184, 0.1014589663023905, 0.043068664570246204, 0.03213938022711465, 0.04449700170373046, 0.13343241799240244, 0.04681059996677698, 0.03935325996349915, 0.3018922178568582, 0.030071255994549174, 0.07403307245270657, 0.03253476259337599, 0.06743536688481444, 0.06360345806107999, 0.07490564795479233, 0.07123198234294248]
