[1, 0.516228451917984, 0.5275182038690354, 0.0732518212137101, 0.008322228959153173, 0.01032889118075199, 0.009833992994310843, 0.010440764313708165, 0.1147377172725618, 0.01381591119502457, 0.060494625860129346, 0.004078591339442184, 0.006621513405126463, 0.0019351324685375735, 0.006645161653381048, 0.12972183769229467, 0.12312412475113806, 0.15603396469030079, 0.08044854244499633, 0.11171159165177397, 0.10525017613539524, 0.11025701306004895, 0.1872932401414272, 0.14114767851791138, 0.10440131767892331, 0.16868786610228811, 0.09454581182248643, 0.16868786610228811, 0.18858680930149616, 0.02573376611573991, 0.04497157347751393, 0.0424188182124002, 0.036049269799792685, 0.013386560534181085, 0.04106743538411924, 0.05226775059564511, 0.055545548736268636, 0.030430041369273193, 0.03292358491951381, 0.019210482580615227, 0.04874586413064116, 0.047763803837422986, 0.02254662651751301, 0.008368181430907649, 0.010692720527440107, 0.05982371283711215, 0.042476399904607144, 0.03251373868201068, 0.029181947003732986, 0.007839367283720193, 0.03595624514224584, 0.03209977508263132, 0.021894032637605556, 0.04134668618101519, 0.24510414485208537, 0.1940848999586117, 0.23420307076034722, 0.22257535194602476, 0.18587252531550372, 0.14650275395223702, 0.16589117411055804, 0.19221536391801153, 0.1918892784794991, 0.024174369129247336, 0.16735578693478123, 0.10591687842225689, 0.047270086583562465, 0.06686270724380698, 0.20832627775838958, 0.14968409615377937, 0.12689591253614976, 0.24556966024481605, 0.2004117898188497, 0.23971797117311278, 0.25709279697673887, 0.2697812061096394, 0.042538603580721604, 0.26320351490590294, 0.11430509916628574, 0.22694397229092422, 0.09667813422373957, 0.12043175680901964, 0.1502970000913302, 0.21152255016720578, 0.2042769625863573, 0.05321995439919109, 0.132858683172017, 0.132858683172017, 0.23797868460887914, 0.2094489228299085, 0.1781400910515778, 0.16364037450864774, 0.042401157578082875, 0.042391595691238994, 0.16681802125665401, 0.14014582096942924, 0.16504869078266673, 0.20662469022374036, 0.1692381897773012, 0.1424476382686358, 0.08524541738142129, 0.1708529838067694, 0.16177805956156838, 0.11637962777124795, 0.1527368510070625, 0.17132970084156326, 0.17624282142693412, 0.23302572583147696, 0.0232725417804725, 0.054817441850779185, 0.03102188739061337, 0.03102188739061337, 0.04610901631992922, 0.028286347467475395, 0.04384070688807094, 0.03221258387921154, 0.0349055050581276, 0.032775689186141516, 0.025408811393748506, 0.02841521922539762, 0.03576703096794099, 0.07920737066821656, 0.017382359765678184, 0.06029580926309527, 0.01254409499440816, 0.041827605575901275, 0.015483255953738949, 0.018225279563643615, 0.03892613799247608, 0.051172207307363896, 0.03132313571683946, 0.0314222638851121, 0.017907839077170962, 0.054005637938422196, 0.06353419544697596, 0.033744248270420406, 0.022415550054282796, 0.014279814558268723, 0.025047281870787426, 0.047270086583562465, 0.14560153558767072, 0.023118385535982163, 0.05977644675625415, 0.5699022285190887, 0.01912575134969998, 0.1460867169762997, 0.01785081927948915, 0.08462238878232255, 0.017302696247091104, 0.017496986362329908, 0.04605731351909172, 0.03422057820125583]
[0.516228451917984, 1, 0.8980560770922184, 0.05589707166312582, 0.02124079672851603, 0.018369793424927734, 0.018582005789805994, 0.018237322597900393, 0.15186935282974803, 0.02612160318367695, 0.1138952739987446, 0.006275829070885934, 0.011447855974749127, 0.003613883068195971, 0.013976651409054599, 0.10792544276642566, 0.10740150041181487, 0.08649788738288719, 0.07569064479014845, 0.06566896062741241, 0.08216150960395185, 0.058049438432542635, 0.13746889038263665, 0.08986188331753882, 0.09888401319314316, 0.06186159454126193, 0.06695369128886368, 0.06186159454126193, 0.1102718910878691, 0.04684953336083801, 0.04687364081371952, 0.03448804095120821, 0.023454946089364034, 0.029162195567720803, 0.03267390348743326, 0.041920066905833574, 0.04077869780684091, 0.04527393153981617, 0.035191767851591844, 0.0282643648881229, 0.041786262443523944, 0.029716353777372057, 0.04186827562162511, 0.020333010031422606, 0.037979494447710004, 0.050560397336618386, 0.03343635869356388, 0.06218345357518622, 0.020885107661879797, 0.021695055780931904, 0.05374982356496916, 0.048043748433689464, 0.028932641185195805, 0.04183105595874371, 0.21341730788315566, 0.1491342562287371, 0.20087964768965752, 0.14604388340783067, 0.058687699117751145, 0.11899470934403807, 0.16541889212212305, 0.15300419842883578, 0.15696935246910343, 0.03168135014859485, 0.23378477658134972, 0.10974354958213066, 0.0453474203256187, 0.11025380144941026, 0.20680228104322818, 0.13499594792389374, 0.10034174839949947, 0.2414914816630958, 0.18985866130012355, 0.23558115358260606, 0.2616030510890378, 0.23352069037957943, 0.06700265713635993, 0.23657944488872745, 0.09876794157124198, 0.22690009047644588, 0.09986218176453915, 0.18160140186029627, 0.1298510208181117, 0.20531161504025758, 0.21136655130143633, 0.08879300524996102, 0.1537705807280848, 0.1537705807280848, 0.23285439086049958, 0.17443514001642474, 0.17552232520899588, 0.08637825428517584, 0.05578867527282313, 0.04442976529397462, 0.14651392218888903, 0.14140836470580506, 0.1048925178060506, 0.13011291440597425, 0.17187440508321095, 0.1209337417351145, 0.22944494598721077, 0.2005212928740644, 0.1022246235065316, 0.10732218383134146, 0.16279606810378594, 0.12158092894117405, 0.139394895482106, 0.09170420391723987, 0.03129595438658743, 0.18606474235921225, 0.031846115897480654, 0.031846115897480654, 0.045436658070278205, 0.02257314620649965, 0.03542177637272259, 0.04207837046927735, 0.035321083455131456, 0.023414888589084516, 0.037437542774364105, 0.020752287346619054, 0.025461790953617437, 0.25201927891447523, 0.049770936176731534, 0.026087144300422922, 0.023827749636526747, 0.04136717816543639, 0.019309284536714644, 0.030999859238604176, 0.03361741570613665, 0.04753214941305203, 0.04533654775300436, 0.03188279710612381, 0.05009044344054081, 0.032463671470218225, 0.027732756004320798, 0.02228718792721785, 0.029078651204779468, 0.023309732932665188, 0.008383299733482555, 0.0453474203256187, 0.08894185844780736, 0.03540698921802273, 0.027338410011029365, 0.8242463411476112, 0.030481449151522347, 0.14380931515103842, 0.04938445380237975, 0.12961063707438783, 0.04809591438423417, 0.04886456938264032, 0.09273087667509676, 0.03073028993764732]
[0.5275182038690354, 0.8980560770922184, 1, 0.06036056108468176, 0.03020028472875284, 0.01830069722403058, 0.018477126003137806, 0.01809474977112698, 0.1507853240411419, 0.02574049176414662, 0.10135035080434626, 0.006454707737810067, 0.011419378075783762, 0.0038850088772554273, 0.013924415205516958, 0.11364951949500322, 0.11658179791422395, 0.07949993839352515, 0.09059615844727474, 0.07227333576080873, 0.0866351699074605, 0.07477919744739321, 0.13890266841650306, 0.10115070892193313, 0.12345415771854786, 0.07560061426610193, 0.07026345610733446, 0.07560061426610193, 0.11993042786056725, 0.0457436534736654, 0.055282594019628595, 0.042767659782409206, 0.030936513837487824, 0.030399938746177715, 0.04129090062319271, 0.05051629213167916, 0.054952469819149016, 0.04595280058910094, 0.04479027426454122, 0.03527262295221687, 0.04831440873349863, 0.03758951076271513, 0.038862478532465675, 0.018744856812229933, 0.028487903917283112, 0.0622725839062961, 0.04606341299010328, 0.06017228671251541, 0.028454066483507633, 0.022422752844783008, 0.06222218598251663, 0.058095580396800885, 0.03711978599545351, 0.05151451087336054, 0.2245343045173973, 0.14924481554402186, 0.21977854373827363, 0.15049500163456758, 0.07364990892776113, 0.12594129514553445, 0.16774356297258958, 0.16522371427000798, 0.1641092222914789, 0.03023815232437965, 0.22249055798421305, 0.10245561026426891, 0.048413042831180274, 0.1113984323972181, 0.22150143941190525, 0.14517001258040435, 0.10133568423647518, 0.23335358014363325, 0.1938485022528371, 0.2386329841475294, 0.26902871946617957, 0.24178269388462809, 0.06906166757333347, 0.2371847394633545, 0.10489990004896832, 0.2398577881786725, 0.10601356205196572, 0.18899719860463435, 0.13265061614021714, 0.2242912429196216, 0.212902938276111, 0.09107890253551464, 0.15709160836667962, 0.15709160836667962, 0.23706623591884488, 0.17885734203285364, 0.18228602417467307, 0.12085809064662555, 0.056708795009733574, 0.04578061802277378, 0.16289770696258413, 0.149164496947907, 0.12975617641823814, 0.11899889245795713, 0.18277236498580265, 0.1403442773713774, 0.22978068260381776, 0.19256827733050227, 0.10981713622218459, 0.1087913924204788, 0.1690543519925227, 0.12610244399389636, 0.14661858359571336, 0.08482765723837303, 0.032485874838986184, 0.16224128865302426, 0.028931991274790674, 0.028931991274790674, 0.04392943745317972, 0.019907108001089763, 0.034687592629266656, 0.03999371734075211, 0.03297461116389775, 0.01971264113200733, 0.03684760843353568, 0.02066842345022555, 0.02380651470765694, 0.2150757806807952, 0.05004544994092788, 0.02522407973952869, 0.024773739051457445, 0.035885825313729997, 0.016881758607646145, 0.02487471942617394, 0.03192204915962793, 0.04616995598284991, 0.04283985440716216, 0.03150650721359054, 0.05038190079183792, 0.03074730132600646, 0.026813764384044685, 0.0229083847358837, 0.028755406460542997, 0.022502229804254932, 0.008792207947020115, 0.048413042831180274, 0.08479511364464346, 0.040540025129862774, 0.03895602053918786, 0.8067215399458728, 0.020455620175998435, 0.15285727475184863, 0.049216489558139634, 0.1358569370850041, 0.04831597407753011, 0.04866912260471711, 0.08705512136523676, 0.02827055145842097]
[0.0732518212137101, 0.05589707166312582, 0.06036056108468176, 1, 0.08283219088420041, 0.07321705062392721, 0.0758307653175465, 0.07612589263124345, 0.057398537143960635, 0.09281595175706686, 0.08554513015281756, 0.05549664656664741, 0.07954912576209162, 0.054054579869199544, 0.0890020292857581, 0.18931955308230364, 0.1572838576763113, 0.19975615971603003, 0.15588007847889607, 0.14511030293567428, 0.13321995693977912, 0.15381674548283022, 0.1235667700897285, 0.1858336162989416, 0.15231606727159538, 0.18025248525628115, 0.1507542865884098, 0.18025248525628115, 0.14222151691717339, 0.04176542748994572, 0.058795122612793974, 0.0642626275145974, 0.025808355833135965, 0.032628413755454125, 0.04652329780118222, 0.05398224597957277, 0.07059038367797908, 0.07250712172119161, 0.07961831906617864, 0.08125159142513126, 0.04684275901149411, 0.055274333217349925, 0.023330218697574366, 0.03579143775430279, 0.1950966179224113, 0.09005005952319571, 0.22697746442155398, 0.09173294752412293, 0.22394402020597495, 0.027510252591318993, 0.06380893465293691, 0.09389077342806107, 0.060563662602982765, 0.06406735888559738, 0.06447041390241216, 0.08074896181830327, 0.14061606868320414, 0.12681609595701657, 0.08132216973205296, 0.06405019722344608, 0.10835448444348882, 0.1106102868773464, 0.17572925139075418, 0.019709909405129473, 0.043214821533899064, 0.08882581725336883, 0.03473638317545004, 0.12376855018516178, 0.07654549735830332, 0.06653027598717186, 0.10700956587380896, 0.07058570325275196, 0.03806294197698895, 0.07447143251232502, 0.10508780311329467, 0.047094478527975644, 0.08381071812669223, 0.12360276780405058, 0.09591904711345536, 0.09876436101840962, 0.07243034338183657, 0.04264511812488734, 0.07637834883707441, 0.14350457150189486, 0.08296000949589151, 0.09721893842483294, 0.08139095950652468, 0.08139095950652468, 0.07897988599422916, 0.0975936558679655, 0.09229009865923553, 0.21352322532317597, 0.10763319581871501, 0.12549475387139328, 0.10692470518976603, 0.1566277576735112, 0.14487844389861484, 0.19223920095990935, 0.17763140117013623, 0.17124575138828582, 0.12341878358533617, 0.1564157228045115, 0.15520589146946953, 0.12030999810459723, 0.17065451099034354, 0.18840717021380912, 0.16728662131806302, 0.18674406695058948, 0.17128613345945762, 0.031156480201175035, 0.13757275992614393, 0.13757275992614393, 0.12524312436812055, 0.07976311972849386, 0.10097175535600775, 0.1221977047005859, 0.11699989854242626, 0.09120681202411743, 0.10328344555399632, 0.1188397988724149, 0.034556474430522524, 0.08283979400076003, 0.0999531661000313, 0.1350544570718625, 0.1601711320502115, 0.08518587004288279, 0.13777830492739737, 0.09669423105381346, 0.1227891553589843, 0.11067082918177361, 0.08531361386591263, 0.0418379967321503, 0.10071000027369847, 0.1534718037767054, 0.10789169708249294, 0.06435252568505835, 0.07717986049232463, 0.04176060728555668, 0.08478111851344233, 0.03473638317545004, 0.04980454046378799, 0.10255985815403977, 0.06375013092070195, 0.0738752769983666, 0.05695465306539086, 0.04085899542587639, 0.1000712793700472, 0.07220120757198421, 0.10102024685668987, 0.09930564610999248, 0.05412331333121117, 0.11122948961104412]
[0.008322228959153173, 0.02124079672851603, 0.03020028472875284, 0.08283219088420041, 1, 0.7106059243422693, 0.6917919904897993, 0.7264682104935928, 0.2816215052141329, 0.6624647585429949, 0.13288905177272337, 0.6854186363850686, 0.7180429665983855, 0.6376526511899107, 0.6315451970098537, 0.22323824868855838, 0.09364443150421994, 0.0947219688579351, 0.09429781434586468, 0.0885471482128636, 0.17039020993752763, 0.2653367265750303, 0.09433549503490944, 0.10603467504794599, 0.1608409550952502, 0.13975854645268804, 0.2488439733808474, 0.13975854645268804, 0.11369050333507856, 0.235636281331923, 0.050922545436681906, 0.10788976312363718, 0.02688993930552744, 0.24349598432094513, 0.08273517590889438, 0.08901168976866101, 0.08647888547392626, 0.25328120620819655, 0.09167718081013797, 0.14534381120867465, 0.0924992486925363, 0.0866579896472587, 0.21475397184804984, 0.22713308791245695, 0.22774606469220426, 0.08740675008408516, 0.04973428281964327, 0.04551213050771856, 0.042309888170345686, 0.0011302192495701493, 0.04329551752474661, 0.08786755200170353, 0.22502966093263171, 0.08010012469449616, 0.03141591406255316, 0.08033755039855246, 0.1280204792357577, 0.08297080694024991, 0.08525834172847804, 0.13572835854879373, 0.09336271130462419, 0.11294311755207818, 0.11778591642325459, 0.13655749113786708, 0.03562396924907367, 0.15095502164943236, 0.12327392672478073, 0.12572567254269149, 0.04501197017510067, 0.07275184800272233, 0.10961160090233396, 0.058732103776687423, 0.07677272890159663, 0.05817899234009871, 0.13264224945512412, 0.037446699603672584, 0.26574668667659435, 0.12836991398255068, 0.05643050597681313, 0.09774026905361799, 0.07425380259774451, 0.07882120528852599, 0.05464515383775024, 0.10988330357538893, 0.06188179935304328, 0.11499926802212082, 0.06653811524641967, 0.06653811524641967, 0.024951952071983412, 0.11515972917253745, 0.12002612915248996, 0.10607685920348461, 0.3417488224938867, 0.388617897832213, 0.04864211951045315, 0.10077943321728847, 0.10129666871399821, 0.09195368519257927, 0.1065842740233199, 0.17486682733706654, 0.168342283464624, 0.08284056796776498, 0.08274406996630501, 0.08951812391994128, 0.13716981978492693, 0.16056216031105916, 0.12003329879177727, 0.09821266828887923, 0.10840930853968768, 0.03074306643304147, 0.031163944682895125, 0.031163944682895125, 0.03401747291202362, 0.01928032005679026, 0.03404246591147748, 0.026812132482007534, 0.03148982495179991, 0.014670164738645533, 0.03153076321553758, 0.10499960397087095, 0.0, 0.06177610523716908, 0.028997024036549128, 0.03515762634070261, 0.1035426704160379, 0.003712822298563188, 0.04124215129053921, 0.014844702015707261, 0.03282946479619105, 0.026873960110101056, 0.01541914553623159, 0.0, 0.02667997798899567, 0.039308172817479864, 0.09537433447156862, 0.08430552081438349, 0.41191724567387905, 0.22933279854528454, 0.1280697313614246, 0.12327392672478073, 0.047934047570000984, 0.10991423096421822, 0.04101502050971707, 0.021460882908018637, 0.35350581966870576, 0.03261962142018466, 0.026916270042171717, 0.032793113389466014, 0.029800185183850456, 0.0280829691341036, 0.07674977208672114, 0.029926225294400147]
[0.01032889118075199, 0.018369793424927734, 0.01830069722403058, 0.07321705062392721, 0.7106059243422693, 1, 0.9282876927308725, 0.972355623994014, 0.43667368604242396, 0.8386320871499601, 0.22965840126924267, 0.8527675547968431, 0.8912283964486701, 0.7780407494794725, 0.8326127341444585, 0.21182137729734735, 0.11126659223769911, 0.07746102342966688, 0.0683859510945369, 0.07414990716547638, 0.14617042895627258, 0.28686794407943356, 0.08423605000148943, 0.10298561330311974, 0.14426817651249535, 0.10572596011269107, 0.28087582995414434, 0.10572596011269107, 0.11277476220665812, 0.2794943314568471, 0.03673502423925138, 0.10941329027374501, 0.03452704392425167, 0.28993794971715325, 0.09287088274643293, 0.09205580486155354, 0.08741587502628734, 0.29788173224665804, 0.0820891337090054, 0.16413067318788235, 0.09298443869862626, 0.08252556411513148, 0.3032667353401002, 0.3102458796267929, 0.24829045304427433, 0.0972143676628323, 0.05065933967819054, 0.03289199979094553, 0.03202330462716536, 0.0004470265806924401, 0.035542224049064874, 0.054264621163938986, 0.2622752580270815, 0.07256352634979946, 0.0303535056370673, 0.0813596853001343, 0.09003694702323158, 0.07845862109277892, 0.06942964728571073, 0.14520758235744738, 0.09404299111914798, 0.09781831494906108, 0.12279088914658737, 0.12439034783715265, 0.02446786063036381, 0.10938067976424597, 0.0988584299556264, 0.09252229929650706, 0.05114438887388157, 0.061802716111561365, 0.08792176737627537, 0.044257461396546564, 0.05050376884842868, 0.05629488025854857, 0.09830422447718343, 0.02952174360624702, 0.24178747546835713, 0.11358350200816907, 0.05575140251360839, 0.1015985772347686, 0.07121310671632754, 0.06015068936949434, 0.046726938145691004, 0.08065637421974044, 0.04595937068425996, 0.19127711814090975, 0.06527931418628545, 0.06527931418628545, 0.015534435625571403, 0.09417265388427193, 0.08986874595952846, 0.09395644704513097, 0.3961718265261269, 0.38802847739580826, 0.054984189241542754, 0.08515072430233706, 0.11453673736433455, 0.09108817945737664, 0.07495879667311403, 0.15936861430603927, 0.20861021771574026, 0.07216309513617092, 0.07498994411988488, 0.07466688548778605, 0.12735021910526884, 0.14282775384829077, 0.11550962364749524, 0.09195441933716836, 0.08517340117055076, 0.018584872128156474, 0.027085344724196804, 0.027085344724196804, 0.03075575277550481, 0.023413583444155762, 0.03789060858979485, 0.026817344302712345, 0.029430994432576255, 0.014633329740533297, 0.03158437719345844, 0.07915747069749779, 0.0001228999591170687, 0.05285757196861386, 0.031248634877818367, 0.028770540935368728, 0.08134088409584346, 0.00419037773022764, 0.03503932120934248, 0.018363319041621744, 0.02901525163153828, 0.027473150993237036, 0.015098790615555847, 0.00012521738368128415, 0.031040448616816454, 0.03389329764176266, 0.09340088701113218, 0.0750301930120977, 0.5244517480623242, 0.3174120349271653, 0.10940331484483835, 0.0988584299556264, 0.0407434840227029, 0.1814491672708638, 0.04038263852070782, 0.021552882002396766, 0.5213497005163988, 0.019165541946218452, 0.029328883688846834, 0.025295149145453964, 0.03396347890029278, 0.031038358689408924, 0.06880144076169004, 0.032663311655851505]
[0.009833992994310843, 0.018582005789805994, 0.018477126003137806, 0.0758307653175465, 0.6917919904897993, 0.9282876927308725, 1, 0.9398946855814916, 0.41551207702482673, 0.8133786771543396, 0.22984091143138452, 0.8260993905585963, 0.8775040032579953, 0.7572230644764406, 0.7931319268167776, 0.21983336487980595, 0.12374720945261672, 0.08448293430212374, 0.07201031143474114, 0.06700220563080937, 0.16896135130028217, 0.2872800289814476, 0.07672181570821772, 0.13655030610467062, 0.1482318747201608, 0.12547913682539324, 0.27811181319522604, 0.12547913682539324, 0.11699538463100535, 0.2565638894063663, 0.03866910065216371, 0.1066704104682334, 0.03502341328314283, 0.2637240263776704, 0.0866463918577918, 0.08855137104793383, 0.08344135054648281, 0.2752918449007326, 0.07668327199502249, 0.1469525958496607, 0.08898771241175896, 0.07885984015082335, 0.29022961921303625, 0.28636058196564346, 0.23646776150332152, 0.08975571696518303, 0.04730367056643179, 0.028125357716864658, 0.03075569285772764, 0.0004279934560660327, 0.03009295482323125, 0.05429440506437957, 0.23864053640725968, 0.06628792821013381, 0.03075248409188577, 0.07516435753721734, 0.08306140797953618, 0.07601715986792706, 0.06503932600701434, 0.12200663930553567, 0.09449568247620975, 0.0930852182081246, 0.1311143637669021, 0.12194194579559242, 0.024564342791605156, 0.10421764955944889, 0.09711637072127859, 0.09062449095561613, 0.05449226711774479, 0.058548648016656026, 0.07718802993759473, 0.04646285242136059, 0.05187638574614015, 0.058743193091599484, 0.08650573797999157, 0.028817693916318554, 0.23638304755181683, 0.10330174868758821, 0.05709981262422797, 0.08219120083785034, 0.06354401411535043, 0.061713313065394966, 0.04059642398163778, 0.05827664786227061, 0.04934807902705946, 0.20131973194729727, 0.06187516450121557, 0.06187516450121557, 0.01808075156192496, 0.08763912825854298, 0.08159753951044765, 0.09337511578270756, 0.4166739295244761, 0.4133043682434486, 0.05485834712454231, 0.08167481560895481, 0.12152291311419482, 0.09978628091415333, 0.0862170165299782, 0.16334583800174435, 0.20794731085976972, 0.09452348009561906, 0.09088361387663084, 0.06485725494168877, 0.1288309544390241, 0.1589248353619007, 0.11752095725024186, 0.09246056597078835, 0.08767804608396501, 0.026906726691275074, 0.027488788353127406, 0.027488788353127406, 0.029692783423116813, 0.018242811683921816, 0.030956275006866752, 0.02648986382663781, 0.02640626845177821, 0.011703640865806208, 0.023745352578245248, 0.0715140874855072, 0.0, 0.042593584936960915, 0.021859460535782315, 0.028743206460268483, 0.08343331137075562, 0.0027037144145895544, 0.03111184419983747, 0.01598534247088271, 0.02831550646532015, 0.020890020562535402, 0.01320405569470684, 0.0, 0.024290889202551263, 0.031396192136130055, 0.07920203305648094, 0.06084186343952063, 0.5444037551632777, 0.29725600240673733, 0.09201242853968468, 0.09711637072127859, 0.036029225836440894, 0.17869259446695268, 0.044831650067195965, 0.023067429880895413, 0.4967915972010293, 0.016644863855307387, 0.021738132380018146, 0.01992848576730841, 0.024641507275401486, 0.021982813655442714, 0.06141727829489141, 0.028147476012500883]
[0.010440764313708165, 0.018237322597900393, 0.01809474977112698, 0.07612589263124345, 0.7264682104935928, 0.972355623994014, 0.9398946855814916, 1, 0.44377746553031316, 0.8642045889002148, 0.23082769266213288, 0.8643290773629493, 0.8986136674421226, 0.7811630154645551, 0.8312373339379223, 0.21929070055825808, 0.11443596779622113, 0.08498182851284491, 0.07426042288771326, 0.08293147386857269, 0.16576916430846728, 0.29653921709710246, 0.08603793099902528, 0.10825634335914303, 0.15066808714156443, 0.11275746099244688, 0.29014307186525545, 0.11275746099244688, 0.1330899836062964, 0.28234541805908575, 0.03750661075481392, 0.10969153345589547, 0.03461427430556576, 0.2886305612036138, 0.09349797608658776, 0.09405478588585464, 0.08769778584642514, 0.29804149600881624, 0.08147491534078266, 0.16761487327683486, 0.09340507726630011, 0.08216088573933, 0.30310112126821964, 0.31741700743149814, 0.2540445794798799, 0.09753289181009188, 0.050359160588808516, 0.03221869460400756, 0.03190131837792769, 0.00035620687077333297, 0.03459629338962084, 0.05834762737204814, 0.26270482720576144, 0.0724688770028399, 0.030932015971304593, 0.07885794026407923, 0.09514048984671421, 0.08332347690781651, 0.06875625930639558, 0.14399139247589918, 0.09660741325327946, 0.0974497380177314, 0.1437792422127757, 0.1244831307064108, 0.02500960745252898, 0.11775170638302558, 0.09977377094743067, 0.1040020455147762, 0.04960504310752078, 0.0580459762264073, 0.09487526796709342, 0.046882217265129617, 0.05172189543669722, 0.056192957582497836, 0.0936370447622705, 0.02913434665049878, 0.244209046183975, 0.11682103108385677, 0.05383077786358655, 0.10134244826977958, 0.0711024782332108, 0.0625833278808132, 0.04909840566482998, 0.0803158578729928, 0.046363005716316304, 0.20036448549248392, 0.07068710544677105, 0.07068710544677105, 0.015635870510881097, 0.09303964436905213, 0.09712678894276179, 0.11529696658685214, 0.40482539496596204, 0.39310223585794796, 0.052154618475625775, 0.09514013607461405, 0.13032545046997662, 0.09031079908445125, 0.08729625468151535, 0.1688136605758957, 0.21791122447730873, 0.08082645171059677, 0.07740638677284563, 0.08319506533757691, 0.13614134444924217, 0.14401590943944365, 0.12062682012947232, 0.09550191488963689, 0.09483620369819787, 0.0228279360643412, 0.027175725299541, 0.027175725299541, 0.03086794068010104, 0.0232601434159678, 0.04011442303708075, 0.02618832997018515, 0.02885743015420643, 0.014076077116817269, 0.032731290237792456, 0.08005036305913354, 0.0, 0.05434120928301835, 0.03005801964123126, 0.02961983725511615, 0.09039318034808189, 0.0019550980222623683, 0.035939490770421904, 0.01915079134008421, 0.028040756014271577, 0.028901776143312456, 0.013760916110613208, 0.0, 0.029131270937719677, 0.03493538101104324, 0.11073762501548123, 0.08869578051844307, 0.527376437179447, 0.32563285052654384, 0.11703242033017838, 0.09977377094743067, 0.03794020588686883, 0.1929953100272894, 0.053063086431086294, 0.020994504760454624, 0.5344132400002666, 0.01831921335634285, 0.027063828961871664, 0.018791572672727467, 0.03383089023711969, 0.031241029222780527, 0.07620159237654124, 0.0328765926112402]
[0.1147377172725618, 0.15186935282974803, 0.1507853240411419, 0.057398537143960635, 0.2816215052141329, 0.43667368604242396, 0.41551207702482673, 0.44377746553031316, 1, 0.43604225570734, 0.40751118212313536, 0.4847213775985081, 0.44869892164439473, 0.4718391875927318, 0.44983717809042656, 0.14906103009445754, 0.025625469467449924, 0.03003488234966188, 0.01616143240769356, 0.012515173615243054, 0.048657929221627656, 0.26314949502466584, 0.02179945029359758, 0.03115281844574239, 0.01032667699447694, 0.009890919076481021, 0.2959494271773689, 0.009890919076481021, 0.0067831989827715385, 0.4017051378695108, 0.04806912547213552, 0.13624678622818187, 0.09233384051403346, 0.3965501693552246, 0.13897871408982707, 0.13386157092717102, 0.14561734422846875, 0.3729820219569161, 0.10876191097685269, 0.23514826437763856, 0.13800006329578118, 0.10365787935051242, 0.5439502737881924, 0.4788005816388456, 0.22289223550552234, 0.16791065632625685, 0.03384551835399365, 0.062423664758227006, 0.024014695753512217, 0.0004073476172154508, 0.05327607278242026, 0.10233523296449669, 0.3114882152745833, 0.10363198921090626, 0.1743763576914067, 0.07732677155922021, 0.12100338219036688, 0.09421209858241268, 0.07906019031028108, 0.06913067347478437, 0.1380276821025277, 0.08417858452805381, 0.0996542833248135, 0.10839564988589702, 0.13695881870796134, 0.12807918599542656, 0.06780829400319188, 0.006367456221803483, 0.12519019889807478, 0.06222283783530584, 0.09663784964974162, 0.10853063551803173, 0.0672697418556597, 0.1083423710710576, 0.11324011689846634, 0.12406063266887271, 0.001384023789263294, 0.11571771602201464, 0.06810669148871556, 0.16180773161068288, 0.06504098497311568, 0.004368887257697794, 0.071372284172862, 0.1391369325548956, 0.11051929836204247, 0.12549957384728364, 0.060060663988771065, 0.060060663988771065, 0.09609129542393731, 0.050883663340417315, 0.08305354893980336, 0.047757514355805004, 0.05660471294892615, 0.032684448108056985, 0.12895312953403298, 0.009399696377799895, 0.002344223656748865, 0.022999373733576165, 0.018600537082400937, 0.10227940531081234, 0.2223782703453083, 0.025101415732783964, 0.026620560059183777, 0.0059867427518732665, 0.07327284496225402, 0.058397746250696575, 0.06572609757136527, 0.013389985391044261, 0.0006902363385001753, 0.008470550018707857, 0.007432040200134572, 0.007432040200134572, 0.008374212158537469, 0.0051502757566684884, 0.004112273003986153, 0.008752791291918383, 0.008335905976259278, 0.006063030854944254, 0.004047960056676315, 0.0021235747796719898, 0.0068154593245593675, 0.008902608314215034, 0.003876706032394169, 0.0028871373184427957, 0.0006596669043785973, 0.007330024782753128, 0.0028979642010507514, 0.007058119224642951, 0.00950847484086046, 0.004994866933264945, 0.008416704284529846, 0.006943972897457308, 0.004016648253709909, 0.0034948587444269606, 0.004847349536842303, 0.026169988559584006, 0.2606650956606133, 0.036054790203284934, 0.0001700972642363944, 0.06780829400319188, 0.045121393603207875, 0.27298926046269806, 0.021164795858441523, 0.1768733270831382, 0.768346885562793, 0.10706574536928827, 0.003877176637787261, 0.0865872960192152, 0.003882081115401487, 0.004455092341062602, 0.007361887363482408, 0.008030951070810697]
[0.01381591119502457, 0.02612160318367695, 0.02574049176414662, 0.09281595175706686, 0.6624647585429949, 0.8386320871499601, 0.8133786771543396, 0.8642045889002148, 0.43604225570734, 1, 0.25480741643642196, 0.7626860211704812, 0.785942597825136, 0.6516801724219778, 0.7237825224219443, 0.22509986748302702, 0.11776421472824214, 0.0909876309574272, 0.07108652073724259, 0.09266951022742298, 0.19504396252688608, 0.28956937231682045, 0.08538241145766809, 0.09026156529330435, 0.17857544244990967, 0.10065388708597361, 0.287933530226566, 0.10065388708597361, 0.16318044163096623, 0.28707474674150885, 0.03431616296386683, 0.10799274996897006, 0.036294546585431256, 0.29048043020303904, 0.09580802356985438, 0.09558586006360134, 0.09212159103980011, 0.2988191134359245, 0.07935450336204614, 0.17507245267029276, 0.10037033596785239, 0.08333082868537196, 0.30263978516054924, 0.3162875007659062, 0.25709720089051724, 0.09895076327332239, 0.05427362600109913, 0.03921277205821729, 0.03292007437367006, 0.00032709212417159214, 0.033745570289184186, 0.04812840653231752, 0.26739829304254886, 0.0782207022280229, 0.02700960439132577, 0.08856282211409693, 0.1054812582638729, 0.10285978152317668, 0.0828988575582243, 0.1348331408331784, 0.09661235770235628, 0.11429970182199267, 0.15447385973253655, 0.12964126412284974, 0.026740158112823934, 0.1353089093358812, 0.10073584948843149, 0.12732228365222478, 0.04455216711119751, 0.07553283611204369, 0.11668953044592983, 0.04760133071223587, 0.05796974912384001, 0.058279246663988794, 0.11177027156969832, 0.027415219899322656, 0.16574612787904122, 0.14732329648503906, 0.062069748502384635, 0.1111348411629776, 0.07723593475292452, 0.05124921126068812, 0.06256040478812698, 0.1001227007504975, 0.04411815210778645, 0.15697462058112985, 0.07122039559142643, 0.07122039559142643, 0.01876302404270945, 0.11609028241152644, 0.121622433749745, 0.14580314236032066, 0.26985849480294316, 0.2726297413521619, 0.05585989392542883, 0.10251617431578545, 0.17268169079891899, 0.07508259355385707, 0.09329351538009045, 0.1607524290675443, 0.2074923621656906, 0.06354309265599312, 0.05309018771430707, 0.0939690540698023, 0.13224618872557217, 0.13246094297004923, 0.09898876182214711, 0.10667044467774184, 0.10913216412684099, 0.03667630611270861, 0.02760188366657422, 0.02760188366657422, 0.030997371688535218, 0.023913700350692475, 0.04186024031050831, 0.026163223072858524, 0.029571346978610535, 0.014090294992144628, 0.03501815784746618, 0.09752730354734183, 0.00010579607415510361, 0.06929698914348473, 0.032792462081566436, 0.031077535900935038, 0.10380033901188168, 0.0011948871038235387, 0.038585580305132545, 0.019012073453050997, 0.02856091177494202, 0.03042232431358696, 0.014849203770691972, 0.00010779098467261695, 0.030386021934499494, 0.03680437618353872, 0.14393620437235363, 0.10638600290951905, 0.44767722967012874, 0.265419546937748, 0.13375080628393735, 0.10073584948843149, 0.044997299163063526, 0.1859379647827748, 0.07286535669715326, 0.02556888420322565, 0.5031619527912831, 0.02219554046183883, 0.029719773302205085, 0.022389998932730054, 0.03521252851698862, 0.03292269319831654, 0.0795790754461232, 0.03537516157847736]
[0.060494625860129346, 0.1138952739987446, 0.10135035080434626, 0.08554513015281756, 0.13288905177272337, 0.22965840126924267, 0.22984091143138452, 0.23082769266213288, 0.40751118212313536, 0.25480741643642196, 1, 0.2147507344766643, 0.21972481887446865, 0.20005181059613586, 0.2184221967718574, 0.09112949835004965, 0.19987522115121084, 0.09590217750982366, 0.38059302055607225, 0.20633102749619467, 0.06867237532208921, 0.100768847683434, 0.07981084547897631, 0.10604134520101403, 0.08637503442326658, 0.12018227649482166, 0.120245403266019, 0.12018227649482166, 0.12878077542768093, 0.12475553385233955, 0.31972823951239443, 0.07983858072596635, 0.029961260102952903, 0.13539259079526933, 0.06104589846704723, 0.064324120963129, 0.05810214064714276, 0.12449640943119673, 0.07239285926755476, 0.0995981912760032, 0.0656196704453296, 0.04678070039282403, 0.2805047694315639, 0.2507213246395147, 0.04067906563252541, 0.06643185108303658, 0.023067485382425475, 0.059045218386998714, 0.015096159728484703, 0.009405219069216346, 0.2896661919029858, 0.25313485772151856, 0.08685088793808513, 0.04973831772714283, 0.05520453465089775, 0.13326824183409686, 0.10076913671125731, 0.05764479226547984, 0.07961447404696488, 0.13569869067597135, 0.1760118307758788, 0.10153415452330532, 0.12969482163216398, 0.015025621609321362, 0.4181231825427797, 0.03148531396031778, 0.008449633129867054, 0.16837412694633921, 0.07294881196512103, 0.09554181321649678, 0.3286592162006247, 0.16850128225025762, 0.05101473402598005, 0.06394035577503865, 0.17590603677265015, 0.09807204381633478, 0.0963504349087355, 0.1364852144666521, 0.04280391346389799, 0.10291309570404866, 0.09058993163059326, 0.05681540941093738, 0.10868305384875934, 0.09035336208732987, 0.30076639998605365, 0.3799917097851236, 0.0711027810342241, 0.0711027810342241, 0.0683992819601626, 0.07903787994221666, 0.08351268496725975, 0.08746361247285897, 0.23606521264766178, 0.21219104133500422, 0.15063258009634567, 0.11876886491937114, 0.13281769099988042, 0.09356986994073753, 0.10419841200672363, 0.10749425416136041, 0.2333496467298585, 0.12333750680856868, 0.16556615966826999, 0.10787529628664878, 0.1264600072555313, 0.1107480697936629, 0.08789606609323153, 0.09216226116865466, 0.0671436341009171, 0.01943985375278502, 0.030537466350132447, 0.030537466350132447, 0.03143663331911998, 0.012155354530919225, 0.018308295338108595, 0.021805747436118586, 0.0235258294693378, 0.008095063389411955, 0.018769219255210173, 0.07170585640473053, 0.15385239893239763, 0.02790934275275035, 0.015514278372594174, 0.035570693604866345, 0.06416995279084392, 0.0024841145431079223, 0.03375431513134928, 0.010508495091257862, 0.031719896879785776, 0.015780846322382854, 0.010294170727238604, 0.10849007103367349, 0.015324920629189043, 0.03621706497102299, 0.05002909348076066, 0.0871666847643736, 0.18170058665177377, 0.33940411213066113, 0.1532725180157243, 0.008449633129867054, 0.03817053386348654, 0.5977212374181666, 0.0321407234434596, 0.14765973218112802, 0.4302548060615555, 0.03298059623411629, 0.01538775208499908, 0.09198726833785831, 0.015514360365451339, 0.014905762137299243, 0.034521192188455556, 0.018159630414905533]
[0.004078591339442184, 0.006275829070885934, 0.006454707737810067, 0.05549664656664741, 0.6854186363850686, 0.8527675547968431, 0.8260993905585963, 0.8643290773629493, 0.4847213775985081, 0.7626860211704812, 0.2147507344766643, 1, 0.9518468357571364, 0.9321679394658348, 0.8791523366215229, 0.2134165330193952, 0.0720898413880787, 0.0873029685462776, 0.08120914725115314, 0.08308273212541269, 0.1394860684532357, 0.31990805688085633, 0.08638863665631885, 0.0841216689604654, 0.07901487175182122, 0.11787483473239181, 0.31095636805070676, 0.11787483473239181, 0.09062299426773882, 0.29467609942502176, 0.03455786289912232, 0.11355989527025227, 0.0374618751714684, 0.2957655219335021, 0.08950912988385813, 0.09518107252929786, 0.08683896370682621, 0.3056767337752573, 0.08469830185366187, 0.1766061084986694, 0.09265965467926435, 0.08736201656295614, 0.3299457298220437, 0.32587174392516355, 0.252917991951545, 0.09500036723148148, 0.03517969220176882, 0.0220141988791598, 0.02890420179453091, 0.00019122820326568916, 0.024259944533960836, 0.05811141220715762, 0.26814589000053896, 0.06537509679371172, 0.018986561078979287, 0.040957989428164074, 0.065720903404615, 0.05797493720580201, 0.033095131306425295, 0.10587845802949472, 0.06801444194537018, 0.04790387265909921, 0.07854562155662802, 0.11747882992026645, 0.019293119041164316, 0.08805502461631164, 0.09624075618984468, 0.12275953675936764, 0.028831574794107143, 0.03197380289448962, 0.060696757856491874, 0.041916622477534124, 0.0375665010541932, 0.040307736643953825, 0.06703224315464393, 0.018525035495556993, 0.27468420747241884, 0.09657976483306137, 0.03927595351673492, 0.07375933820090241, 0.042185016740270656, 0.05284942514492891, 0.036369239471002415, 0.06933126248480309, 0.03252680934497691, 0.24078505536660613, 0.05239992740649802, 0.05239992740649802, 0.009935133491655916, 0.06276225266401413, 0.09890035662752455, 0.07049241399139965, 0.5221798949499893, 0.4605733952885623, 0.04149534929364022, 0.10196210447083327, 0.09065086533179498, 0.06432374560454876, 0.09411123521063704, 0.17540405598747258, 0.20680237456882172, 0.07561265016453268, 0.0779368049172538, 0.0905625525847735, 0.1388911072098119, 0.14636149202278215, 0.10465268956232024, 0.09096130757285345, 0.07708302362498619, 0.01867238773213479, 0.025947921188210283, 0.025947921188210283, 0.02791430063078418, 0.014164486344797994, 0.02505160236106112, 0.01692147584542464, 0.02103281828871385, 0.009502439483542778, 0.02195214061742358, 0.0679545083979109, 0.0, 0.04762333604445105, 0.019498301090215463, 0.031203366077716857, 0.07366914307254198, 0.0013444140219493548, 0.035381662161108336, 0.010001039772830218, 0.026011424726694952, 0.019257400670981792, 0.006848238235197536, 0.0, 0.016120659907254753, 0.034239020873175215, 0.08675408142377625, 0.07205438057233388, 0.5777875724866339, 0.34449524946962146, 0.08130353533026904, 0.09624075618984468, 0.018769877733561823, 0.22894233295845623, 0.0367326515858202, 0.007275039444859573, 0.5860242681331099, 0.014057551660487368, 0.01695248638066987, 0.01070936705534317, 0.020056878348449735, 0.01959126062071984, 0.06557023298954427, 0.022604969422166526]
