[1.0, 0.191262, 0.248108, 0.0, 0.0, 0.0, 0.0, 0.0, 0.0, 0.0, 0.0, 0.0, 0.0, 0.0, 0.0, 0.0, 0.0, 0.0, 0.0, 0.0, 0.025714, 0.0, 0.0, 0.0, 0.0, 0.0, 0.0, 0.023523, 0.0, 0.0, 0.0, 0.0, 0.0, 0.0, 0.073339, 0.0, 0.0, 0.0, 0.0, 0.0, 0.0, 0.0, 0.0, 0.0, 0.0, 0.0, 0.0, 0.0, 0.0, 0.0, 0.0, 0.0, 0.0, 0.0, 0.0, 0.0, 0.0, 0.0, 0.012346, 0.0, 0.0, 0.021532, 0.0, 0.011888, 0.0, 0.0, 0.0, 0.009107, 0.006773, 0.007602, 0.009654, 0.015635, 0.0092, 0.011952, 0.009084, 0.008599, 0.011167, 0.008131, 0.008523, 0.008037, 0.006132, 0.01054, 0.016235, 0.01264, 0.010669, 0.006301, 0.010809, 0.010809, 0.012058, 0.00793, 0.013968, 0.089181, 0.049675, 0.098281, 0.084813, 0.011279, 0.013173, 0.011431, 0.008419, 0.011224, 0.010409, 0.015277, 0.008661, 0.010409, 0.01242, 0.016861, 0.010001, 0.008358, 0.026535, 0.02898, 0.026535, 0.026535, 0.025339, 0.01213, 0.024191, 0.032689, 0.026535, 0.017694, 0.018375, 0.037361, 0.044784, 0.024706, 0.019422, 0.024191, 0.0, 0.0, 0.0, 0.0, 0.0, 0.0, 0.0, 0.0, 0.0, 0.0, 0.0, 0.0, 0.0, 0.0, 0.0, 0.0, 0.0, 0.0, 0.0, 0.020235, 0.0, 0.014941, 0.0, 0.0, 0.0, 0.0, 0.0, 0.0]
[0.191262, 1.0, 0.769894, 0.0, 0.018388, 0.0, 0.008838, 0.0, 0.0, 0.070173, 0.0, 0.0, 0.0, 0.0, 0.0, 0.0, 0.0, 0.0, 0.0, 0.061392, 0.125866, 0.0, 0.0, 0.0, 0.0, 0.0, 0.0, 0.177827, 0.098236, 0.028864, 0.015437, 0.038926, 0.027024, 0.028356, 0.123895, 0.038174, 0.027477, 0.026621, 0.02459, 0.02521, 0.050554, 0.033263, 0.033555, 0.030573, 0.0, 0.02611, 0.036197, 0.023644, 0.016602, 0.033555, 0.036633, 0.027712, 0.04787, 0.03517, 0.0, 0.053235, 0.0, 0.120088, 0.007413, 0.011747, 0.0, 0.0, 0.0, 0.0, 0.0, 0.0, 0.0, 0.012742, 0.016818, 0.05544, 0.013507, 0.038823, 0.032816, 0.016723, 0.022555, 0.012032, 0.027727, 0.02019, 0.021162, 0.019955, 0.00858, 0.026172, 0.022716, 0.026819, 0.014928, 0.015645, 0.02684, 0.02684, 0.01687, 0.011096, 0.019544, 0.0, 0.039157, 0.0, 0.010385, 0.015781, 0.018431, 0.028384, 0.020905, 0.027871, 0.025846, 0.021374, 0.012118, 0.025846, 0.017378, 0.023592, 0.013994, 0.011694, 0.015934, 0.005801, 0.015934, 0.015934, 0.015216, 0.04689, 0.0, 0.0, 0.015934, 0.0, 0.0, 0.060997, 0.057709, 0.0, 0.011662, 0.0, 0.00704, 0.0, 0.013696, 0.011493, 0.007116, 0.00687, 0.0, 0.0, 0.01247, 0.02111, 0.0, 0.0, 0.0, 0.0, 0.063127, 0.011104, 0.0, 0.017601, 0.0, 0.077173, 0.0, 0.037098, 0.0, 0.0, 0.0, 0.0, 0.0, 0.0]
[0.248108, 0.769894, 1.0, 0.0, 0.015259, 0.0, 0.007334, 0.0, 0.0, 0.058232, 0.0, 0.0, 0.0, 0.0, 0.0, 0.0, 0.0, 0.0, 0.0, 0.050946, 0.104448, 0.0, 0.0, 0.0, 0.0, 0.0, 0.0, 0.147568, 0.08152, 0.023952, 0.012811, 0.032302, 0.022426, 0.023531, 0.102813, 0.031678, 0.022802, 0.022091, 0.020406, 0.02092, 0.041951, 0.027603, 0.027845, 0.025371, 0.0, 0.021667, 0.030038, 0.01962, 0.013777, 0.027845, 0.030399, 0.022996, 0.039724, 0.029186, 0.0, 0.044176, 0.0, 0.099653, 0.006152, 0.009748, 0.0, 0.0, 0.0, 0.0, 0.0, 0.0, 0.0, 0.021147, 0.021821, 0.054832, 0.022417, 0.050371, 0.037913, 0.027754, 0.029263, 0.019969, 0.035975, 0.026195, 0.027457, 0.025891, 0.01424, 0.033956, 0.037701, 0.036932, 0.024776, 0.020298, 0.034823, 0.034823, 0.027999, 0.018415, 0.032436, 0.0, 0.032494, 0.0, 0.008618, 0.026191, 0.03059, 0.036827, 0.027123, 0.03616, 0.033533, 0.035474, 0.020113, 0.033533, 0.028842, 0.039155, 0.023225, 0.019408, 0.013223, 0.004814, 0.013223, 0.013223, 0.012626, 0.038911, 0.0, 0.0, 0.013223, 0.0, 0.0, 0.050618, 0.047889, 0.0, 0.009678, 0.0, 0.005842, 0.0, 0.011366, 0.009537, 0.005905, 0.005701, 0.0, 0.0, 0.010348, 0.017518, 0.0, 0.0, 0.0, 0.0, 0.052385, 0.009214, 0.0, 0.014606, 0.0, 0.072417, 0.0, 0.048133, 0.0, 0.0, 0.0, 0.0, 0.0, 0.0]
[0.0, 0.0, 0.0, 1.0, 0.257873, 0.240321, 0.029439, 0.281685, 0.328544, 0.10221, 0.09715, 0.115915, 0.437579, 0.328461, 0.224133, 0.0, 0.0, 0.038181, 0.0, 0.0, 0.0, 0.025891, 0.040938, 0.045325, 0.026501, 0.032017, 0.057585, 0.0, 0.004295, 0.0, 0.100006, 0.022457, 0.0, 0.025799, 0.012278, 0.0, 0.133384, 0.037297, 0.028745, 0.0, 0.01879, 0.0, 0.074558, 0.022727, 0.0, 0.0, 0.018342, 0.058662, 0.167275, 0.074558, 0.0, 0.0, 0.035585, 0.020291, 0.003667, 0.050245, 0.02012, 0.0, 0.042029, 0.055893, 0.0, 0.004608, 0.003596, 0.070755, 0.070286, 0.090954, 0.0, 0.06691, 0.002617, 0.089318, 0.016656, 0.0, 0.003554, 0.046005, 0.024645, 0.073719, 0.0, 0.02644, 0.011711, 0.043475, 0.052885, 0.014484, 0.0, 0.025973, 0.018408, 0.066559, 0.010677, 0.010677, 0.053315, 0.0, 0.0, 0.002167, 0.013057, 0.0, 0.0, 0.136677, 0.017639, 0.0, 0.038651, 0.030453, 0.070245, 0.049676, 0.048317, 0.070245, 0.064054, 0.0, 0.017256, 0.0, 0.020201, 0.0, 0.020201, 0.020201, 0.01929, 0.002596, 0.018416, 0.0, 0.020201, 0.0, 0.0, 0.0, 0.0, 0.0, 0.0, 0.018416, 0.060246, 0.0, 0.0, 0.0, 0.017812, 0.017196, 0.0, 0.0, 0.0, 0.04306, 0.0, 0.064168, 0.087458, 0.103911, 0.0, 0.0, 0.015359, 0.0, 0.014666, 0.0, 0.261069, 0.0, 0.0, 0.016452, 0.004595, 0.007468, 0.009879, 0.004892]
[0.0, 0.018388, 0.015259, 0.257873, 1.0, 0.135093, 0.038579, 0.244887, 0.366225, 0.122249, 0.115846, 0.13007, 0.350107, 0.211723, 0.127621, 0.280412, 0.083831, 0.135951, 0.066533, 0.064231, 0.041918, 0.077526, 0.09448, 0.066005, 0.046543, 0.065823, 0.08102, 0.065584, 0.051093, 0.217412, 0.061032, 0.053654, 0.030423, 0.049227, 0.029334, 0.042975, 0.103468, 0.024953, 0.038291, 0.028381, 0.058533, 0.037446, 0.031453, 0.047609, 0.006911, 0.019805, 0.038423, 0.074592, 0.065486, 0.031453, 0.04124, 0.02102, 0.074542, 0.048477, 0.049034, 0.046658, 0.021616, 0.006949, 0.087807, 0.11154, 0.098427, 0.004951, 0.08287, 0.026763, 0.039155, 0.069177, 0.006195, 0.00378, 0.027524, 0.031436, 0.053117, 0.013327, 0.003819, 0.049427, 0.04998, 0.031375, 0.009518, 0.010305, 0.065729, 0.0137, 0.059033, 0.081288, 0.006919, 0.015373, 0.019778, 0.057483, 0.0, 0.0, 0.0, 0.013519, 0.011906, 0.002328, 0.012856, 0.0, 0.0, 0.004681, 0.018951, 0.0, 0.015607, 0.020807, 0.014975, 0.006341, 0.016055, 0.014975, 0.005155, 0.014372, 0.01854, 0.0, 0.006102, 0.0, 0.006102, 0.006102, 0.005827, 0.002789, 0.005563, 0.0, 0.006102, 0.0, 0.0, 0.0, 0.0, 0.0, 0.0, 0.005563, 0.008233, 0.0, 0.010771, 0.009038, 0.104513, 0.100897, 0.063689, 0.0, 0.0, 0.0, 0.066269, 0.034044, 0.014915, 0.002997, 0.011186, 0.008732, 0.033003, 0.132577, 0.066919, 0.0127, 0.284745, 0.012735, 0.028409, 0.231688, 0.077104, 0.019333, 0.002984, 0.005256]
[0.0, 0.0, 0.0, 0.240321, 0.135093, 1.0, 0.389458, 0.525782, 0.136054, 0.400931, 0.376075, 0.277759, 0.106583, 0.206011, 0.670334, 0.015231, 0.020414, 0.143661, 0.016202, 0.022137, 0.024709, 0.0, 0.0, 0.0, 0.016041, 0.0, 0.0, 0.022604, 0.0, 0.02157, 0.0, 0.0, 0.020196, 0.0, 0.0, 0.028528, 0.0, 0.0, 0.0, 0.01884, 0.0, 0.024858, 0.0, 0.0, 0.014063, 0.0, 0.0, 0.0, 0.0, 0.0, 0.027376, 0.0, 0.0, 0.0, 0.0, 0.0, 0.0, 0.014141, 0.0, 0.0, 0.030469, 0.0, 0.0, 0.048897, 0.0, 0.082688, 0.012605, 0.0, 0.0, 0.0, 0.0, 0.027119, 0.0, 0.0, 0.0, 0.063846, 0.019368, 0.014103, 0.0, 0.027879, 0.010636, 0.0, 0.01408, 0.0, 0.0, 0.010928, 0.0, 0.0, 0.0, 0.027509, 0.024228, 0.0, 0.009733, 0.0, 0.0, 0.0, 0.0, 0.0, 0.0, 0.0, 0.0, 0.0, 0.0, 0.0, 0.0, 0.029246, 0.0, 0.0, 0.0, 0.0, 0.0, 0.0, 0.0, 0.0, 0.0, 0.0, 0.0, 0.0, 0.0, 0.0, 0.0, 0.0, 0.0, 0.0, 0.011267, 0.0, 0.021918, 0.018392, 0.011387, 0.010993, 0.009224, 0.0, 0.0, 0.0, 0.0, 0.0, 0.012333, 0.0, 0.022763, 0.017769, 0.033579, 0.013153, 0.0, 0.0, 0.281755, 0.025914, 0.0, 0.0, 0.016138, 0.03934, 0.0, 0.0]
[0.0, 0.008838, 0.007334, 0.029439, 0.038579, 0.389458, 1.0, 0.20301, 0.035461, 0.224971, 0.261201, 0.125986, 0.027779, 0.142899, 0.28775, 0.007704, 0.010326, 0.072664, 0.008195, 0.011197, 0.012498, 0.0, 0.0, 0.0, 0.008114, 0.0, 0.0, 0.011433, 0.0, 0.01091, 0.0, 0.0, 0.010215, 0.0, 0.0, 0.014429, 0.0, 0.0, 0.0, 0.009529, 0.0, 0.012573, 0.0, 0.0, 0.007113, 0.0, 0.008996, 0.0, 0.0, 0.0, 0.013847, 0.0, 0.0, 0.0, 0.0, 0.007643, 0.0, 0.014052, 0.005788, 0.009171, 0.015411, 0.0, 0.0, 0.0, 0.0, 0.0, 0.006376, 0.0, 0.005732, 0.006432, 0.0, 0.026947, 0.01557, 0.0, 0.007686, 0.0, 0.019246, 0.014014, 0.007212, 0.020902, 0.00538, 0.008919, 0.007122, 0.007131, 0.0, 0.010859, 0.009147, 0.009147, 0.0, 0.013914, 0.012254, 0.0, 0.01442, 0.0, 0.008107, 0.084708, 0.098936, 0.095529, 0.038741, 0.093799, 0.086985, 0.114735, 0.032525, 0.086985, 0.093285, 0.141431, 0.112674, 0.031385, 0.01244, 0.004529, 0.01244, 0.01244, 0.011879, 0.011373, 0.0, 0.0, 0.01244, 0.0, 0.0, 0.008757, 0.013996, 0.0, 0.009105, 0.0, 0.011195, 0.0, 0.021779, 0.018275, 0.011315, 0.010923, 0.004666, 0.0, 0.009736, 0.016481, 0.0, 0.0, 0.006238, 0.0, 0.011513, 0.017656, 0.0, 0.006653, 0.0, 0.012208, 0.100937, 0.02575, 0.0, 0.0, 0.008162, 0.019898, 0.0, 0.0]
[0.0, 0.0, 0.0, 0.281685, 0.244887, 0.525782, 0.20301, 1.0, 0.351282, 0.203179, 0.190798, 0.199756, 0.189778, 0.178048, 0.348682, 0.0, 0.0, 0.15626, 0.0, 0.0, 0.0, 0.030618, 0.023546, 0.026068, 0.0, 0.004498, 0.005101, 0.0, 0.00508, 0.1353, 0.04388, 0.026558, 0.0, 0.079573, 0.01452, 0.0, 0.111482, 0.00524, 0.586474, 0.0, 0.022221, 0.0, 0.006605, 0.026877, 0.032562, 0.0, 0.021691, 0.0119, 0.099353, 0.006605, 0.0, 0.0, 0.042082, 0.023995, 0.004337, 0.059419, 0.068291, 0.0, 0.011115, 0.004952, 0.0, 0.00545, 0.091214, 0.029458, 0.105273, 0.044726, 0.0, 0.00416, 0.003094, 0.034602, 0.05241, 0.0, 0.004203, 0.054404, 0.163409, 0.087179, 0.0, 0.003715, 0.01385, 0.036621, 0.027944, 0.017128, 0.0, 0.030715, 0.057924, 0.05736, 0.049256, 0.049256, 0.0, 0.0, 0.0, 0.002563, 0.037977, 0.0, 0.0, 0.005153, 0.020859, 0.0, 0.05099, 0.036014, 0.063914, 0.006979, 0.02779, 0.063914, 0.005674, 0.0, 0.020407, 0.0, 0.023889, 0.021492, 0.023889, 0.023889, 0.022812, 0.030057, 0.021779, 0.0, 0.023889, 0.0, 0.0, 0.0, 0.0, 0.0, 0.0, 0.021779, 0.010555, 0.0, 0.0, 0.0, 0.021064, 0.020335, 0.0, 0.0, 0.0, 0.0, 0.039132, 0.012039, 0.018052, 0.011732, 0.0, 0.0, 0.05449, 0.0, 0.017344, 0.0, 0.230423, 0.0, 0.0, 0.019456, 0.024117, 0.008832, 0.064718, 0.005785]
[0.0, 0.0, 0.0, 0.328544, 0.366225, 0.136054, 0.035461, 0.351282, 1.0, 0.123119, 0.117023, 0.139627, 0.362034, 0.252945, 0.128918, 0.0, 0.0, 0.073005, 0.068102, 0.0, 0.0, 0.03185, 0.063579, 0.027117, 0.0, 0.0, 0.059474, 0.0, 0.02388, 0.0, 0.045157, 0.0, 0.0, 0.026239, 0.0, 0.035325, 0.068033, 0.0, 0.049175, 0.0, 0.0, 0.0, 0.0, 0.0, 0.017414, 0.048322, 0.022833, 0.034, 0.093256, 0.0, 0.0, 0.0, 0.0, 0.032545, 0.050557, 0.104427, 0.093192, 0.0, 0.062134, 0.120009, 0.093564, 0.0, 0.108568, 0.02694, 0.093642, 0.077558, 0.0, 0.0, 0.063929, 0.035245, 0.033321, 0.0, 0.0, 0.055415, 0.042161, 0.088799, 0.0, 0.0, 0.028445, 0.261439, 0.121581, 0.035179, 0.0, 0.071053, 0.036827, 0.104362, 0.128979, 0.128979, 0.0, 0.08788, 0.0, 0.0, 0.006677, 0.0, 0.0, 0.0, 0.0, 0.0, 0.079464, 0.037462, 0.147374, 0.0, 0.028907, 0.147374, 0.0, 0.0, 0.0, 0.01795, 0.017492, 0.0, 0.017492, 0.017492, 0.016703, 0.0, 0.015947, 0.0, 0.017492, 0.0, 0.0, 0.0, 0.0, 0.0, 0.0, 0.015947, 0.007729, 0.0, 0.0, 0.0, 0.007811, 0.007541, 0.0, 0.0, 0.08388, 0.0, 0.12405, 0.008815, 0.008461, 0.008591, 0.0, 0.074689, 0.018501, 0.0, 0.015628, 0.0, 0.289495, 0.0, 0.0, 0.03996, 0.005535, 0.008996, 0.008555, 0.0]
[0.0, 0.070173, 0.058232, 0.10221, 0.122249, 0.400931, 0.224971, 0.203179, 0.123119, 1.0, 0.34032, 0.251351, 0.09645, 0.186425, 0.374911, 0.013783, 0.018473, 0.0, 0.081381, 0.105783, 0.02236, 0.0, 0.0, 0.0, 0.014516, 0.0, 0.0, 0.108012, 0.0, 0.019519, 0.047507, 0.0, 0.018275, 0.0, 0.0, 0.025815, 0.0, 0.0, 0.0, 0.017049, 0.0, 0.022494, 0.0, 0.0, 0.012726, 0.0, 0.0, 0.0, 0.0, 0.0, 0.024773, 0.0, 0.0, 0.0, 0.0, 0.060683, 0.046896, 0.067573, 0.0, 0.0, 0.027572, 0.0, 0.066479, 0.044248, 0.0, 0.074826, 0.011407, 0.0, 0.0, 0.051072, 0.0, 0.024541, 0.0, 0.085369, 0.0, 0.119198, 0.017527, 0.070839, 0.0, 0.025228, 0.053425, 0.0, 0.012741, 0.0, 0.0, 0.009889, 0.0, 0.0, 0.0, 0.024894, 0.021924, 0.0, 0.04651, 0.0, 0.0, 0.0, 0.0, 0.0, 0.0, 0.0, 0.0, 0.0, 0.061863, 0.0, 0.0, 0.026465, 0.071436, 0.059696, 0.0, 0.0, 0.0, 0.0, 0.0, 0.045148, 0.0, 0.0, 0.0, 0.0, 0.0, 0.069531, 0.055564, 0.0, 0.0, 0.0, 0.010195, 0.0, 0.019834, 0.016643, 0.010304, 0.009948, 0.008347, 0.0, 0.0, 0.0, 0.0, 0.052916, 0.011161, 0.0, 0.108771, 0.01608, 0.030387, 0.011903, 0.0, 0.048466, 0.254967, 0.02345, 0.0, 0.0, 0.014603, 0.0356, 0.0, 0.0]
[0.0, 0.0, 0.0, 0.09715, 0.115846, 0.376075, 0.261201, 0.190798, 0.117023, 0.34032, 1.0, 0.236892, 0.091675, 0.174162, 0.694051, 0.012711, 0.138522, 0.0, 0.013522, 0.018476, 0.020622, 0.098499, 0.075746, 0.083862, 0.108848, 0.0, 0.0, 0.018865, 0.0, 0.018002, 0.0, 0.0, 0.016855, 0.0, 0.0, 0.023809, 0.0, 0.0, 0.0, 0.015724, 0.0, 0.020746, 0.0, 0.0, 0.011737, 0.0, 0.0, 0.0, 0.0, 0.0, 0.022848, 0.0, 0.0, 0.0, 0.0, 0.0, 0.0, 0.011802, 0.0, 0.0, 0.025429, 0.0, 0.0, 0.0, 0.0, 0.0, 0.01052, 0.0, 0.0, 0.0, 0.0, 0.022634, 0.0, 0.0, 0.0, 0.0, 0.016165, 0.01177, 0.0, 0.023267, 0.008877, 0.0, 0.011751, 0.0, 0.0, 0.009121, 0.0, 0.0, 0.0, 0.022959, 0.02022, 0.0, 0.008123, 0.0, 0.0, 0.0, 0.0, 0.0, 0.0, 0.0, 0.0, 0.0, 0.0, 0.0, 0.0, 0.024408, 0.0, 0.0, 0.0, 0.0, 0.0, 0.0, 0.0, 0.0, 0.0, 0.0, 0.0, 0.0, 0.0, 0.0, 0.0, 0.0, 0.0, 0.0, 0.009403, 0.0, 0.018292, 0.01535, 0.009503, 0.009175, 0.007698, 0.0, 0.0, 0.0, 0.0, 0.0, 0.010293, 0.0, 0.018998, 0.01483, 0.0, 0.010978, 0.0, 0.0, 0.151855, 0.021628, 0.0, 0.0, 0.013468, 0.032833, 0.0, 0.0]
[0.0, 0.0, 0.0, 0.115915, 0.13007, 0.277759, 0.125986, 0.199756, 0.139627, 0.251351, 0.236892, 1.0, 0.109383, 0.275747, 0.26097, 0.006131, 0.008218, 0.024857, 0.098587, 0.008911, 0.009947, 0.0, 0.0, 0.034114, 0.006457, 0.07972, 0.0, 0.009099, 0.0, 0.008683, 0.0, 0.053289, 0.00813, 0.036514, 0.038499, 0.011484, 0.0, 0.0, 0.031664, 0.007584, 0.0, 0.010006, 0.0, 0.0, 0.029894, 0.0, 0.0, 0.032368, 0.021378, 0.0, 0.01102, 0.037937, 0.0, 0.0, 0.0, 0.0, 0.0, 0.005693, 0.0, 0.0, 0.012265, 0.0, 0.0, 0.094673, 0.022147, 0.066572, 0.051258, 0.030849, 0.022945, 0.025751, 0.032703, 0.010917, 0.0, 0.040489, 0.027148, 0.051403, 0.045625, 0.005677, 0.028872, 0.011223, 0.004282, 0.0, 0.067251, 0.014273, 0.0, 0.128491, 0.0, 0.0, 0.0, 0.037938, 0.009753, 0.0, 0.02069, 0.0, 0.0, 0.0, 0.041855, 0.0, 0.025163, 0.0, 0.0, 0.0, 0.0, 0.0, 0.0, 0.011773, 0.0, 0.0, 0.0, 0.032999, 0.0, 0.0, 0.0, 0.041435, 0.0, 0.0, 0.0, 0.0, 0.0, 0.0, 0.0, 0.0, 0.0, 0.0, 0.02654, 0.0, 0.008823, 0.007404, 0.004584, 0.004425, 0.021729, 0.0, 0.0, 0.030942, 0.0, 0.031107, 0.034821, 0.0, 0.064266, 0.007153, 0.07306, 0.005295, 0.0, 0.0, 0.221212, 0.010432, 0.0, 0.0, 0.035181, 0.015836, 0.022844, 0.0]
[0.0, 0.0, 0.0, 0.437579, 0.350107, 0.106583, 0.027779, 0.189778, 0.362034, 0.09645, 0.091675, 0.109383, 1.0, 0.279154, 0.100993, 0.0, 0.0, 0.037735, 0.0, 0.0, 0.0, 0.02843, 0.052483, 0.024205, 0.0, 0.003589, 0.188079, 0.0, 0.022761, 0.0, 0.16039, 0.0, 0.0, 0.029464, 0.0, 0.027673, 0.110908, 0.045841, 0.013738, 0.039452, 0.00397, 0.0, 0.13068, 0.004802, 0.013642, 0.037855, 0.021763, 0.115002, 0.127803, 0.13068, 0.0, 0.0, 0.007519, 0.025496, 0.043066, 0.0851, 0.002394, 0.0, 0.051169, 0.097966, 0.073298, 0.130407, 0.019053, 0.023506, 0.058064, 0.085828, 0.0, 0.00332, 0.013865, 0.055221, 0.003519, 0.0, 0.003354, 0.043412, 0.011778, 0.069564, 0.0, 0.002964, 0.060952, 0.007491, 0.069228, 0.075381, 0.0, 0.031598, 0.00389, 0.068656, 0.010076, 0.010076, 0.0, 0.0, 0.0, 0.022418, 0.005231, 0.0, 0.0, 0.054887, 0.0, 0.0, 0.017235, 0.03344, 0.009702, 0.005569, 0.025803, 0.009702, 0.112269, 0.0, 0.003646, 0.014062, 0.019062, 0.0, 0.019062, 0.019062, 0.018203, 0.026857, 0.017378, 0.0, 0.019062, 0.0, 0.0, 0.0, 0.0, 0.0, 0.0, 0.017378, 0.008423, 0.0, 0.0, 0.0, 0.008513, 0.008218, 0.0, 0.0, 0.0, 0.0, 0.0, 0.009607, 0.014405, 0.009362, 0.047668, 0.03721, 0.014493, 0.027545, 0.013839, 0.0, 0.258033, 0.0, 0.0, 0.085625, 0.004336, 0.007047, 0.009323, 0.004616]
[0.0, 0.0, 0.0, 0.328461, 0.211723, 0.206011, 0.142899, 0.178048, 0.252945, 0.186425, 0.174162, 0.275747, 0.279154, 1.0, 0.191865, 0.0, 0.0, 0.039289, 0.02183, 0.0, 0.0, 0.002847, 0.034667, 0.038381, 0.04093, 0.116462, 0.003331, 0.0, 0.003317, 0.0, 0.001984, 0.093516, 0.0, 0.00729, 0.0, 0.0, 0.090762, 0.054182, 0.003161, 0.0, 0.003249, 0.0, 0.004313, 0.00393, 0.0, 0.0, 0.003172, 0.056802, 0.07369, 0.004313, 0.0, 0.066575, 0.006153, 0.0, 0.002832, 0.002695, 0.017303, 0.0, 0.063113, 0.043163, 0.0, 0.003559, 0.002777, 0.019236, 0.021383, 0.070238, 0.081046, 0.002717, 0.035612, 0.022595, 0.028196, 0.0, 0.002745, 0.035526, 0.026531, 0.022551, 0.0, 0.038411, 0.047243, 0.018782, 0.080144, 0.058426, 0.0, 0.020896, 0.003183, 0.230226, 0.025261, 0.025261, 0.0, 0.0, 0.0, 0.001673, 0.0, 0.0, 0.0, 0.003365, 0.167038, 0.0, 0.059448, 0.003349, 0.0, 0.072166, 0.040915, 0.0, 0.003705, 0.0, 0.002984, 0.0, 0.004386, 0.029841, 0.004386, 0.004386, 0.004188, 0.039474, 0.003998, 0.0, 0.004386, 0.0, 0.0, 0.0, 0.0, 0.0, 0.0, 0.003998, 0.001938, 0.0, 0.0, 0.0, 0.042013, 0.04056, 0.0, 0.0, 0.026887, 0.054299, 0.057271, 0.034998, 0.069303, 0.098012, 0.0, 0.023941, 0.023722, 0.046269, 0.001306, 0.0, 0.270946, 0.0, 0.0, 0.066366, 0.025939, 0.0, 0.042234, 0.003778]
[0.0, 0.0, 0.0, 0.224133, 0.127621, 0.670334, 0.28775, 0.348682, 0.128918, 0.374911, 0.694051, 0.26097, 0.100993, 0.191865, 1.0, 0.014003, 0.152602, 0.0, 0.014896, 0.020354, 0.022718, 0.108511, 0.083445, 0.092386, 0.119912, 0.0, 0.0, 0.020782, 0.0, 0.019832, 0.0, 0.0, 0.018568, 0.0, 0.0, 0.026229, 0.0, 0.0, 0.0, 0.017322, 0.0, 0.022855, 0.0, 0.0, 0.01293, 0.0, 0.0, 0.0, 0.0, 0.0, 0.02517, 0.0, 0.0, 0.0, 0.0, 0.0, 0.0, 0.013002, 0.0, 0.0, 0.028014, 0.0, 0.0, 0.0, 0.0, 0.0, 0.01159, 0.0, 0.0, 0.0, 0.0, 0.024934, 0.0, 0.0, 0.0, 0.0, 0.017808, 0.012967, 0.0, 0.025632, 0.009779, 0.0, 0.012945, 0.0, 0.0, 0.010048, 0.0, 0.0, 0.0, 0.025293, 0.022275, 0.0, 0.008949, 0.0, 0.0, 0.0, 0.0, 0.0, 0.0, 0.0, 0.0, 0.0, 0.0, 0.0, 0.0, 0.026889, 0.0, 0.0, 0.0, 0.0, 0.0, 0.0, 0.0, 0.0, 0.0, 0.0, 0.0, 0.0, 0.0, 0.0, 0.0, 0.0, 0.0, 0.0, 0.010359, 0.0, 0.020152, 0.01691, 0.010469, 0.010107, 0.008481, 0.0, 0.0, 0.0, 0.0, 0.0, 0.01134, 0.0, 0.020929, 0.016337, 0.0, 0.012094, 0.0, 0.0, 0.16729, 0.023826, 0.0, 0.0, 0.014837, 0.03617, 0.0, 0.0]
[0.0, 0.0, 0.0, 0.0, 0.280412, 0.015231, 0.007704, 0.0, 0.0, 0.013783, 0.012711, 0.006131, 0.0, 0.0, 0.014003, 1.0, 0.383014, 0.153724, 0.303981, 0.326642, 0.200284, 0.242704, 0.186639, 0.206637, 0.22207, 0.250412, 0.146436, 0.253187, 0.205509, 0.274327, 0.0, 0.0, 0.011, 0.0, 0.0, 0.015539, 0.0, 0.0, 0.0, 0.010262, 0.0, 0.013539, 0.0, 0.0, 0.00766, 0.0, 0.0, 0.0, 0.0, 0.0, 0.014911, 0.0, 0.0, 0.0, 0.0, 0.0, 0.0, 0.007702, 0.0, 0.0, 0.016596, 0.0, 0.0, 0.0, 0.0, 0.0, 0.006866, 0.0, 0.0, 0.0, 0.0, 0.014771, 0.0, 0.0, 0.0, 0.0, 0.01055, 0.007682, 0.0, 0.015185, 0.005793, 0.0, 0.007669, 0.0, 0.0, 0.005953, 0.0, 0.0, 0.0, 0.014984, 0.013196, 0.0, 0.005302, 0.0, 0.0, 0.139055, 0.0, 0.0, 0.0, 0.0, 0.0, 0.0, 0.0, 0.0, 0.076566, 0.01593, 0.0, 0.0, 0.0, 0.0, 0.0, 0.0, 0.0, 0.0, 0.0, 0.0, 0.0, 0.0, 0.0, 0.0, 0.0, 0.0, 0.0, 0.0, 0.006137, 0.0, 0.011938, 0.010018, 0.051828, 0.050035, 0.005024, 0.0, 0.0, 0.0, 0.080255, 0.102976, 0.006718, 0.0, 0.012399, 0.009678, 0.0, 0.167284, 0.092443, 0.0, 0.048234, 0.014115, 0.094463, 0.080651, 0.107014, 0.021428, 0.0, 0.0]
[0.0, 0.0, 0.0, 0.0, 0.083831, 0.020414, 0.010326, 0.0, 0.0, 0.018473, 0.138522, 0.008218, 0.0, 0.0, 0.152602, 0.383014, 1.0, 0.206043, 0.484621, 0.437814, 0.26845, 0.490319, 0.377055, 0.417455, 0.457572, 0.416992, 0.196275, 0.447038, 0.275453, 0.131592, 0.0, 0.0, 0.014744, 0.0, 0.0, 0.020827, 0.0, 0.0, 0.0, 0.013754, 0.0, 0.018148, 0.0, 0.0, 0.010267, 0.0, 0.0, 0.0, 0.0, 0.0, 0.019986, 0.0, 0.0, 0.0, 0.0, 0.0, 0.0, 0.010324, 0.0, 0.0, 0.022244, 0.0, 0.0, 0.0, 0.0, 0.0, 0.009203, 0.0, 0.0, 0.0, 0.0, 0.019799, 0.0, 0.0, 0.0, 0.0, 0.01414, 0.010296, 0.0, 0.020353, 0.007765, 0.0, 0.010279, 0.0, 0.0, 0.007978, 0.0, 0.0, 0.0, 0.020084, 0.017688, 0.0, 0.007106, 0.0, 0.0, 0.186381, 0.0, 0.0, 0.0, 0.0, 0.0, 0.0, 0.0, 0.0, 0.102626, 0.021351, 0.0, 0.0, 0.0, 0.0, 0.0, 0.0, 0.0, 0.0, 0.0, 0.0, 0.0, 0.0, 0.0, 0.0, 0.0, 0.0, 0.0, 0.0, 0.008225, 0.0, 0.016001, 0.013427, 0.069467, 0.067064, 0.006734, 0.0, 0.0, 0.0, 0.10757, 0.138024, 0.009004, 0.0, 0.016618, 0.012972, 0.0, 0.080245, 0.040784, 0.0, 0.06465, 0.018919, 0.126613, 0.0, 0.055116, 0.028721, 0.0, 0.0]
[0.0, 0.0, 0.0, 0.038181, 0.135951, 0.143661, 0.072664, 0.15626, 0.073005, 0.0, 0.0, 0.024857, 0.037735, 0.039289, 0.0, 0.153724, 0.206043, 1.0, 0.163527, 0.167427, 0.242452, 0.323496, 0.309084, 0.301682, 0.191361, 0.350722, 0.109554, 0.170954, 0.318311, 0.054573, 0.073274, 0.025329, 0.091419, 0.136824, 0.059577, 0.0, 0.023038, 0.124918, 0.095438, 0.0, 0.021193, 0.0, 0.0063, 0.129058, 0.031056, 0.056104, 0.020688, 0.059479, 0.044434, 0.0063, 0.0, 0.0, 0.040136, 0.217434, 0.051475, 0.048981, 0.097877, 0.0, 0.00298, 0.058775, 0.087609, 0.005198, 0.077132, 0.00287, 0.033851, 0.043721, 0.0, 0.003968, 0.002951, 0.0, 0.049986, 0.0, 0.004009, 0.0, 0.081826, 0.0, 0.0, 0.029822, 0.003714, 0.025974, 0.039638, 0.004593, 0.0, 0.0, 0.055245, 0.020363, 0.034935, 0.034935, 0.0, 0.0, 0.0, 0.002444, 0.116183, 0.0, 0.0, 0.004914, 0.11505, 0.082575, 0.326827, 0.184002, 0.049361, 0.166381, 0.169976, 0.049361, 0.005412, 0.0, 0.091709, 0.167674, 0.006406, 0.020498, 0.006406, 0.006406, 0.006117, 0.06218, 0.00584, 0.0, 0.006406, 0.0, 0.0, 0.0, 0.0, 0.0, 0.0, 0.00584, 0.00283, 0.0, 0.0, 0.0, 0.118246, 0.114156, 0.062102, 0.0, 0.0, 0.0, 0.087997, 0.092194, 0.111087, 0.073149, 0.0, 0.0, 0.034647, 0.033279, 0.021121, 0.0, 0.030456, 0.0, 0.059646, 0.075121, 0.038233, 0.0, 0.003133, 0.005518]
[0.0, 0.0, 0.0, 0.0, 0.066533, 0.016202, 0.008195, 0.0, 0.068102, 0.081381, 0.013522, 0.098587, 0.0, 0.02183, 0.014896, 0.303981, 0.484621, 0.163527, 1.0, 0.347473, 0.213056, 0.32076, 0.246665, 0.273094, 0.29688, 0.330948, 0.155775, 0.354794, 0.218614, 0.104439, 0.030419, 0.0, 0.011702, 0.0, 0.0, 0.01653, 0.0, 0.0, 0.0, 0.010916, 0.0, 0.014403, 0.0, 0.0, 0.008149, 0.0, 0.0, 0.0, 0.027422, 0.0, 0.015862, 0.0, 0.0, 0.0, 0.0, 0.0, 0.055198, 0.008194, 0.0, 0.0, 0.017654, 0.0, 0.042566, 0.0, 0.0, 0.0, 0.007304, 0.0, 0.025966, 0.0, 0.0, 0.015713, 0.0, 0.054661, 0.0, 0.039328, 0.011222, 0.126737, 0.0, 0.046963, 0.206086, 0.0, 0.008158, 0.016152, 0.0, 0.030487, 0.041439, 0.041439, 0.0, 0.015939, 0.014038, 0.0, 0.00564, 0.0, 0.0, 0.147922, 0.0, 0.0, 0.032276, 0.0, 0.0, 0.0, 0.126296, 0.0, 0.081449, 0.016946, 0.04574, 0.038223, 0.0, 0.0, 0.0, 0.0, 0.0, 0.0, 0.0, 0.0, 0.0, 0.0, 0.0, 0.0, 0.0, 0.0, 0.0, 0.0, 0.006528, 0.0, 0.012699, 0.010657, 0.055133, 0.053226, 0.005345, 0.0, 0.044106, 0.0, 0.129644, 0.143425, 0.007146, 0.0, 0.013189, 0.049569, 0.0, 0.063687, 0.032369, 0.0, 0.05131, 0.015015, 0.100487, 0.0, 0.043743, 0.022794, 0.0, 0.0]
[0.0, 0.061392, 0.050946, 0.0, 0.064231, 0.022137, 0.011197, 0.0, 0.0, 0.105783, 0.018476, 0.008911, 0.0, 0.0, 0.020354, 0.326642, 0.437814, 0.167427, 0.347473, 1.0, 0.469989, 0.25637, 0.197149, 0.218272, 0.260494, 0.264512, 0.175245, 0.356843, 0.223828, 0.100826, 0.0, 0.0, 0.015989, 0.0, 0.0, 0.022585, 0.0, 0.0, 0.0, 0.014915, 0.0, 0.247889, 0.0, 0.0, 0.011134, 0.0, 0.0, 0.0, 0.0, 0.0, 0.021673, 0.0, 0.0, 0.0, 0.0, 0.053089, 0.0, 0.059118, 0.0, 0.0, 0.024122, 0.0, 0.0, 0.0, 0.0, 0.0, 0.00998, 0.0, 0.0, 0.044681, 0.0, 0.02147, 0.0, 0.0, 0.0, 0.0, 0.015334, 0.011165, 0.0, 0.022071, 0.008421, 0.0, 0.011147, 0.0, 0.0, 0.008652, 0.0, 0.0, 0.0, 0.021779, 0.019181, 0.0, 0.04069, 0.0, 0.0, 0.202114, 0.0, 0.0, 0.0, 0.0, 0.0, 0.0, 0.0, 0.0, 0.111288, 0.023154, 0.0, 0.0, 0.0, 0.0, 0.0, 0.0, 0.0, 0.039498, 0.0, 0.0, 0.0, 0.0, 0.0, 0.06083, 0.048611, 0.0, 0.0, 0.0, 0.00892, 0.0, 0.017352, 0.014561, 0.053226, 0.051384, 0.007303, 0.0, 0.0, 0.0, 0.077767, 0.099783, 0.009764, 0.0, 0.09516, 0.014067, 0.0, 0.061483, 0.029484, 0.042401, 0.046738, 0.020516, 0.091534, 0.0, 0.044104, 0.031145, 0.0, 0.0]
[0.025714, 0.125866, 0.104448, 0.0, 0.041918, 0.024709, 0.012498, 0.0, 0.0, 0.02236, 0.020622, 0.009947, 0.0, 0.0, 0.022718, 0.200284, 0.26845, 0.242452, 0.213056, 0.469989, 1.0, 0.107595, 0.08274, 0.091606, 0.083692, 0.111012, 0.153637, 0.319867, 0.217561, 0.0658, 0.0, 0.0, 0.017846, 0.0, 0.0, 0.025209, 0.0, 0.0, 0.0, 0.016648, 0.0, 0.276686, 0.0, 0.0, 0.012427, 0.0, 0.0, 0.0, 0.0, 0.0, 0.024191, 0.0, 0.0, 0.0, 0.0, 0.0, 0.0, 0.110745, 0.02356, 0.0, 0.026924, 0.041091, 0.0, 0.022686, 0.0, 0.0, 0.011139, 0.0, 0.0, 0.0, 0.0, 0.023964, 0.0, 0.0, 0.0, 0.0, 0.017115, 0.012462, 0.0, 0.024635, 0.009399, 0.0, 0.012442, 0.0, 0.0, 0.009657, 0.0, 0.0, 0.0, 0.024309, 0.021409, 0.019321, 0.027931, 0.038244, 0.033003, 0.225593, 0.0, 0.0, 0.0, 0.0, 0.0, 0.0, 0.0, 0.0, 0.124216, 0.025843, 0.0, 0.0, 0.050639, 0.055304, 0.050639, 0.050639, 0.048356, 0.023148, 0.046165, 0.062383, 0.050639, 0.033767, 0.035066, 0.071298, 0.085464, 0.047148, 0.037064, 0.046165, 0.009956, 0.0, 0.019368, 0.016252, 0.034735, 0.033534, 0.008151, 0.0, 0.0, 0.0, 0.0434, 0.055687, 0.010898, 0.0, 0.020115, 0.015702, 0.0, 0.040124, 0.016455, 0.024849, 0.026084, 0.022899, 0.051083, 0.0, 0.031744, 0.034763, 0.0, 0.0]
[0.0, 0.0, 0.0, 0.025891, 0.077526, 0.0, 0.0, 0.030618, 0.03185, 0.0, 0.098499, 0.0, 0.02843, 0.002847, 0.108511, 0.242704, 0.490319, 0.323496, 0.32076, 0.25637, 0.107595, 1.0, 0.470062, 0.603501, 0.581725, 0.623456, 0.089917, 0.349077, 0.553571, 0.093927, 0.038701, 0.029063, 0.0, 0.061579, 0.015889, 0.037952, 0.026434, 0.100799, 0.0372, 0.0, 0.024317, 0.0, 0.007228, 0.029413, 0.018709, 0.051916, 0.048268, 0.036529, 0.019548, 0.007228, 0.0, 0.0, 0.046052, 0.061225, 0.004746, 0.004516, 0.09317, 0.0, 0.073767, 0.005419, 0.0, 0.005964, 0.02613, 0.003293, 0.014597, 0.0, 0.0, 0.004553, 0.019016, 0.0, 0.021555, 0.0, 0.0046, 0.0, 0.031894, 0.0, 0.0, 0.004065, 0.091918, 0.010274, 0.021989, 0.113677, 0.0, 0.015108, 0.023823, 0.0, 0.013818, 0.013818, 0.0, 0.0, 0.0, 0.002804, 0.016898, 0.0, 0.0, 0.005639, 0.132009, 0.094747, 0.17779, 0.441334, 0.031344, 0.134255, 0.19397, 0.031344, 0.00621, 0.0, 0.105227, 0.144547, 0.026143, 0.0, 0.026143, 0.026143, 0.024964, 0.00336, 0.023833, 0.0, 0.026143, 0.0, 0.0, 0.0, 0.0, 0.0, 0.0, 0.023833, 0.011551, 0.0, 0.0, 0.0, 0.072635, 0.070122, 0.0, 0.0, 0.0, 0.0, 0.087218, 0.125084, 0.019755, 0.012839, 0.0, 0.0, 0.0, 0.057276, 0.052047, 0.0, 0.068433, 0.0, 0.102657, 0.129125, 0.041082, 0.009665, 0.012785, 0.006331]
[0.0, 0.0, 0.0, 0.040938, 0.09448, 0.0, 0.0, 0.023546, 0.063579, 0.0, 0.075746, 0.0, 0.052483, 0.034667, 0.083445, 0.186639, 0.377055, 0.309084, 0.246665, 0.197149, 0.08274, 0.470062, 1.0, 0.678911, 0.304369, 0.41737, 0.118283, 0.26844, 0.266617, 0.07223, 0.029761, 0.022349, 0.0, 0.047354, 0.09617, 0.029185, 0.020328, 0.110222, 0.028607, 0.0, 0.0187, 0.0, 0.005558, 0.022618, 0.014387, 0.039923, 0.037118, 0.028091, 0.015032, 0.005558, 0.0, 0.0, 0.035414, 0.047082, 0.045419, 0.043218, 0.020023, 0.0, 0.02149, 0.05186, 0.077302, 0.004586, 0.166459, 0.002532, 0.011225, 0.0, 0.0, 0.003501, 0.014623, 0.0, 0.016576, 0.0, 0.003537, 0.0, 0.024527, 0.0, 0.0, 0.026313, 0.026778, 0.0079, 0.034397, 0.033117, 0.0, 0.011618, 0.01832, 0.017968, 0.010626, 0.010626, 0.0, 0.0, 0.0, 0.002157, 0.012994, 0.0, 0.0, 0.004336, 0.101515, 0.07286, 0.16073, 0.193306, 0.024103, 0.146807, 0.389363, 0.024103, 0.004775, 0.0, 0.08092, 0.0681, 0.020104, 0.048999, 0.020104, 0.020104, 0.019197, 0.002584, 0.018328, 0.0, 0.020104, 0.0, 0.0, 0.0, 0.0, 0.0, 0.0, 0.018328, 0.008883, 0.0, 0.0, 0.0, 0.055856, 0.053924, 0.0, 0.0, 0.0, 0.0, 0.06707, 0.117317, 0.055747, 0.07164, 0.0, 0.0, 0.0, 0.044045, 0.040024, 0.0, 0.052625, 0.0, 0.078944, 0.037617, 0.074185, 0.007432, 0.009832, 0.004869]
[0.0, 0.0, 0.0, 0.045325, 0.066005, 0.0, 0.0, 0.026068, 0.027117, 0.0, 0.083862, 0.034114, 0.024205, 0.038381, 0.092386, 0.206637, 0.417455, 0.301682, 0.273094, 0.218272, 0.091606, 0.603501, 0.678911, 1.0, 0.336981, 0.462089, 0.076555, 0.297203, 0.295184, 0.079969, 0.03295, 0.024744, 0.0, 0.052428, 0.061727, 0.032312, 0.022506, 0.122032, 0.031672, 0.0, 0.020703, 0.0, 0.006154, 0.025042, 0.015929, 0.044201, 0.041096, 0.0311, 0.016643, 0.006154, 0.0, 0.0, 0.039209, 0.052126, 0.00404, 0.003845, 0.079324, 0.0, 0.023793, 0.004613, 0.0, 0.005078, 0.184295, 0.072042, 0.012428, 0.0, 0.0, 0.003876, 0.01619, 0.0, 0.018352, 0.0, 0.003916, 0.0, 0.027154, 0.0, 0.0, 0.029133, 0.029647, 0.008747, 0.038083, 0.036665, 0.042671, 0.012863, 0.020283, 0.019893, 0.011765, 0.011765, 0.0, 0.0, 0.0, 0.002388, 0.014387, 0.0, 0.0, 0.004801, 0.112392, 0.080667, 0.177951, 0.311729, 0.026686, 0.162536, 0.343286, 0.026686, 0.005287, 0.0, 0.08959, 0.075397, 0.022258, 0.0, 0.022258, 0.022258, 0.021254, 0.00286, 0.020291, 0.0, 0.022258, 0.0, 0.0, 0.0, 0.0, 0.0, 0.0, 0.020291, 0.009835, 0.0, 0.0, 0.0, 0.061841, 0.059701, 0.0, 0.0, 0.0, 0.0, 0.074257, 0.16883, 0.099098, 0.079316, 0.068986, 0.0, 0.023774, 0.048765, 0.044313, 0.0, 0.058264, 0.0, 0.087402, 0.041648, 0.034977, 0.008229, 0.010885, 0.00539]
[0.0, 0.0, 0.0, 0.026501, 0.046543, 0.016041, 0.008114, 0.0, 0.0, 0.014516, 0.108848, 0.006457, 0.0, 0.04093, 0.119912, 0.22207, 0.457572, 0.191361, 0.29688, 0.260494, 0.083692, 0.581725, 0.304369, 0.336981, 1.0, 0.452122, 0.054488, 0.350595, 0.344159, 0.07306, 0.0, 0.0, 0.011586, 0.0, 0.0, 0.016366, 0.0, 0.041221, 0.0, 0.010808, 0.0, 0.01426, 0.0, 0.0, 0.008068, 0.0, 0.0, 0.0, 0.0, 0.0, 0.015705, 0.0, 0.0, 0.0, 0.0, 0.0, 0.0, 0.008112, 0.0, 0.0, 0.017479, 0.0, 0.0, 0.0, 0.0, 0.0, 0.007231, 0.0, 0.0, 0.0, 0.0, 0.015558, 0.0, 0.0, 0.0, 0.0, 0.011111, 0.037313, 0.0, 0.015993, 0.028141, 0.0, 0.008077, 0.0, 0.0, 0.028914, 0.0, 0.0, 0.0, 0.015781, 0.013899, 0.0, 0.005584, 0.0, 0.0, 0.0, 0.0, 0.0, 0.030258, 0.0, 0.0, 0.054903, 0.031128, 0.0, 0.0, 0.016778, 0.0, 0.0, 0.0, 0.0, 0.0, 0.0, 0.0, 0.0, 0.0, 0.0, 0.0, 0.0, 0.0, 0.0, 0.0, 0.0, 0.0, 0.0, 0.006463, 0.0, 0.012573, 0.010551, 0.038568, 0.037234, 0.005292, 0.0, 0.0, 0.0, 0.056351, 0.09893, 0.058186, 0.077843, 0.013058, 0.010194, 0.0, 0.044552, 0.021365, 0.0, 0.033867, 0.014866, 0.066327, 0.0, 0.031959, 0.022568, 0.0, 0.0]
[0.0, 0.0, 0.0, 0.032017, 0.065823, 0.0, 0.0, 0.004498, 0.0, 0.0, 0.0, 0.07972, 0.003589, 0.116462, 0.0, 0.250412, 0.416992, 0.350722, 0.330948, 0.264512, 0.111012, 0.623456, 0.41737, 0.462089, 0.452122, 1.0, 0.092773, 0.360163, 0.331247, 0.09691, 0.003431, 0.0, 0.0, 0.012604, 0.0, 0.0, 0.006107, 0.147884, 0.005465, 0.0, 0.005618, 0.0, 0.007458, 0.006795, 0.0, 0.0, 0.005484, 0.0, 0.00738, 0.007458, 0.0, 0.0, 0.010639, 0.0, 0.004896, 0.004659, 0.003387, 0.0, 0.003528, 0.005591, 0.0, 0.006153, 0.004801, 0.003397, 0.003372, 0.0, 0.0, 0.004698, 0.003494, 0.0, 0.00498, 0.0, 0.004746, 0.0, 0.004686, 0.0, 0.0, 0.035304, 0.004396, 0.0, 0.023463, 0.005437, 0.0, 0.0, 0.005504, 0.024107, 0.0, 0.0, 0.0, 0.0, 0.0, 0.002893, 0.0, 0.0, 0.0, 0.005818, 0.11265, 0.097756, 0.180552, 0.197762, 0.0, 0.196969, 0.18574, 0.0, 0.006407, 0.0, 0.090687, 0.071471, 0.007583, 0.0, 0.007583, 0.007583, 0.007241, 0.003466, 0.006913, 0.0, 0.007583, 0.0, 0.0, 0.0, 0.0, 0.0, 0.0, 0.006913, 0.003351, 0.0, 0.0, 0.0, 0.054545, 0.052658, 0.0, 0.0, 0.0, 0.0, 0.089988, 0.147631, 0.065416, 0.086596, 0.0, 0.0, 0.0, 0.059095, 0.036376, 0.0, 0.054083, 0.0, 0.105918, 0.006176, 0.036251, 0.0, 0.003709, 0.006532]
[0.0, 0.0, 0.0, 0.057585, 0.08102, 0.0, 0.0, 0.005101, 0.059474, 0.0, 0.0, 0.0, 0.188079, 0.003331, 0.0, 0.146436, 0.196275, 0.109554, 0.155775, 0.175245, 0.153637, 0.089917, 0.118283, 0.076555, 0.054488, 0.092773, 1.0, 0.297777, 0.072011, 0.036635, 0.003891, 0.0, 0.0, 0.014295, 0.0, 0.0, 0.006926, 0.073562, 0.006198, 0.06331, 0.006371, 0.0, 0.382672, 0.007706, 0.0, 0.0, 0.006219, 0.141804, 0.101737, 0.382672, 0.0, 0.0, 0.012066, 0.0, 0.069109, 0.065761, 0.003841, 0.0, 0.004001, 0.07891, 0.117622, 0.006979, 0.005445, 0.003853, 0.003825, 0.0, 0.0, 0.005327, 0.003962, 0.044307, 0.005648, 0.0, 0.005382, 0.0, 0.005314, 0.0, 0.0, 0.004757, 0.062052, 0.0, 0.04106, 0.076741, 0.0, 0.0, 0.006242, 0.036725, 0.0, 0.0, 0.0, 0.0, 0.0, 0.035974, 0.0, 0.0, 0.0, 0.264901, 0.0, 0.0, 0.004925, 0.006566, 0.0, 0.008937, 0.005067, 0.0, 0.426121, 0.0, 0.005851, 0.0, 0.0086, 0.0, 0.0086, 0.0086, 0.008212, 0.043099, 0.00784, 0.0, 0.0086, 0.0, 0.0, 0.0, 0.0, 0.0, 0.0, 0.00784, 0.0038, 0.0, 0.0, 0.0, 0.02318, 0.022378, 0.0, 0.0, 0.0, 0.0, 0.034018, 0.047983, 0.01248, 0.004224, 0.076493, 0.059712, 0.0, 0.066541, 0.015459, 0.0, 0.020445, 0.0, 0.04004, 0.08717, 0.013704, 0.0, 0.004206, 0.007408]
[0.023523, 0.177827, 0.147568, 0.0, 0.065584, 0.022604, 0.011433, 0.0, 0.0, 0.108012, 0.018865, 0.009099, 0.0, 0.0, 0.020782, 0.253187, 0.447038, 0.170954, 0.354794, 0.356843, 0.319867, 0.349077, 0.26844, 0.297203, 0.350595, 0.360163, 0.297777, 1.0, 0.351114, 0.10295, 0.037643, 0.0, 0.016325, 0.0, 0.0, 0.116144, 0.0, 0.0, 0.0, 0.015229, 0.0, 0.020094, 0.0, 0.0, 0.057256, 0.063666, 0.060166, 0.0, 0.0, 0.0, 0.02213, 0.0, 0.0, 0.0, 0.0, 0.054208, 0.0, 0.150241, 0.021553, 0.0, 0.02463, 0.03759, 0.0, 0.020753, 0.0, 0.0, 0.01019, 0.0, 0.0, 0.088644, 0.0, 0.021922, 0.0, 0.0, 0.0, 0.0, 0.015657, 0.0114, 0.0, 0.022536, 0.008598, 0.0, 0.011382, 0.0, 0.0, 0.008834, 0.0, 0.0, 0.0, 0.022238, 0.019585, 0.017675, 0.05923, 0.034986, 0.030191, 0.0, 0.0, 0.0, 0.0, 0.0, 0.0, 0.0, 0.0, 0.0, 0.0, 0.023641, 0.0, 0.0, 0.046325, 0.08088, 0.046325, 0.046325, 0.044236, 0.061506, 0.042232, 0.15956, 0.046325, 0.03089, 0.032078, 0.127335, 0.127817, 0.120592, 0.033906, 0.042232, 0.009107, 0.0, 0.017717, 0.014867, 0.054347, 0.052467, 0.007457, 0.0, 0.065113, 0.0, 0.079405, 0.101885, 0.00997, 0.0, 0.171438, 0.072342, 0.0, 0.062779, 0.030106, 0.106852, 0.047723, 0.020948, 0.093462, 0.0, 0.045034, 0.031801, 0.040689, 0.0]
[0.0, 0.098236, 0.08152, 0.004295, 0.051093, 0.0, 0.0, 0.00508, 0.02388, 0.0, 0.0, 0.0, 0.022761, 0.003317, 0.0, 0.205509, 0.275453, 0.318311, 0.218614, 0.223828, 0.217561, 0.553571, 0.266617, 0.295184, 0.344159, 0.331247, 0.072011, 0.351114, 1.0, 0.072958, 0.021756, 0.0, 0.0, 0.04708, 0.0, 0.044219, 0.006896, 0.062062, 0.006172, 0.0, 0.006344, 0.0, 0.008422, 0.007673, 0.021799, 0.060489, 0.034774, 0.027388, 0.008334, 0.008422, 0.0, 0.0, 0.012014, 0.199794, 0.005529, 0.005261, 0.003825, 0.076682, 0.07576, 0.006313, 0.0, 0.006949, 0.128139, 0.003836, 0.003808, 0.0, 0.0, 0.005305, 0.022156, 0.0, 0.005624, 0.0, 0.005359, 0.0, 0.005291, 0.0, 0.0, 0.004737, 0.094403, 0.0, 0.016487, 0.116749, 0.0, 0.011328, 0.006215, 0.0, 0.0, 0.0, 0.0, 0.0, 0.0, 0.003267, 0.0, 0.0, 0.0, 0.00657, 0.063606, 0.055196, 0.108844, 0.23272, 0.0, 0.082662, 0.111972, 0.0, 0.007235, 0.0, 0.054118, 0.215786, 0.008564, 0.0, 0.008564, 0.008564, 0.008177, 0.003914, 0.007807, 0.0, 0.008564, 0.0, 0.0, 0.0, 0.0, 0.0, 0.0, 0.007807, 0.003784, 0.0, 0.0, 0.0, 0.042338, 0.040874, 0.0, 0.0, 0.0, 0.0, 0.067746, 0.091241, 0.012426, 0.004206, 0.0, 0.0, 0.0, 0.044489, 0.028236, 0.0, 0.059375, 0.0, 0.079739, 0.132615, 0.027292, 0.0, 0.004188, 0.007376]
[0.0, 0.028864, 0.023952, 0.0, 0.217412, 0.02157, 0.01091, 0.1353, 0.0, 0.019519, 0.018002, 0.008683, 0.0, 0.0, 0.019832, 0.274327, 0.131592, 0.054573, 0.104439, 0.100826, 0.0658, 0.093927, 0.07223, 0.079969, 0.07306, 0.09691, 0.036635, 0.10295, 0.072958, 1.0, 0.018381, 0.046348, 0.047756, 0.162286, 0.099115, 0.067459, 0.127969, 0.031696, 0.390359, 0.246211, 0.235443, 0.05878, 0.039953, 0.036403, 0.010849, 0.031088, 0.029379, 0.028152, 0.095016, 0.039953, 0.064736, 0.254666, 0.222944, 0.1638, 0.0, 0.0, 0.0, 0.010909, 0.0, 0.0, 0.023504, 0.0, 0.0, 0.0, 0.0, 0.0, 0.146984, 0.0, 0.0, 0.0, 0.0, 0.02092, 0.0, 0.0, 0.0, 0.0, 0.014941, 0.010879, 0.0, 0.021506, 0.008205, 0.0, 0.010861, 0.0, 0.0, 0.00843, 0.0, 0.0, 0.0, 0.021221, 0.018689, 0.0, 0.007508, 0.0, 0.0, 0.0, 0.0, 0.0, 0.0, 0.0, 0.0, 0.0, 0.0, 0.0, 0.0, 0.02256, 0.0, 0.0, 0.0, 0.0, 0.0, 0.0, 0.0, 0.0, 0.0, 0.0, 0.0, 0.0, 0.0, 0.0, 0.0, 0.0, 0.0, 0.0, 0.008691, 0.0, 0.016907, 0.014188, 0.030323, 0.029274, 0.007116, 0.0, 0.0, 0.0, 0.037887, 0.048613, 0.009514, 0.0, 0.017559, 0.013707, 0.0, 0.208111, 0.102193, 0.019935, 0.02277, 0.01999, 0.044594, 0.114222, 0.121032, 0.030347, 0.0, 0.0]
[0.0, 0.015437, 0.012811, 0.100006, 0.061032, 0.0, 0.0, 0.04388, 0.045157, 0.047507, 0.0, 0.0, 0.16039, 0.001984, 0.0, 0.0, 0.0, 0.073274, 0.030419, 0.0, 0.0, 0.038701, 0.029761, 0.03295, 0.0, 0.003431, 0.003891, 0.037643, 0.021756, 0.018381, 1.0, 0.117217, 0.173243, 0.113551, 0.071413, 0.169047, 0.035922, 0.070306, 0.068971, 0.016054, 0.062295, 0.140109, 0.026406, 0.03997, 0.03646, 0.133716, 0.125811, 0.190985, 0.091477, 0.026406, 0.091248, 0.017647, 0.062582, 0.06507, 0.003308, 0.003147, 0.073469, 0.0, 0.019478, 0.003777, 0.0, 0.004157, 0.048522, 0.002295, 0.027072, 0.0, 0.0, 0.003173, 0.013254, 0.07613, 0.039976, 0.0, 0.003206, 0.053357, 0.045708, 0.028004, 0.0, 0.029312, 0.024271, 0.059986, 0.058552, 0.030016, 0.0, 0.015619, 0.057068, 0.00761, 0.03757, 0.03757, 0.062654, 0.009578, 0.0, 0.008729, 0.018555, 0.01341, 0.011572, 0.00393, 0.01591, 0.0, 0.026643, 0.045521, 0.090265, 0.005323, 0.06333, 0.090265, 0.004328, 0.0, 0.048134, 0.040658, 0.018221, 0.015458, 0.018221, 0.018221, 0.0174, 0.018574, 0.032799, 0.074183, 0.018221, 0.0, 0.012295, 0.065306, 0.009989, 0.125905, 0.012996, 0.032799, 0.054342, 0.017134, 0.0, 0.0, 0.085304, 0.082353, 0.056088, 0.008831, 0.047128, 0.050602, 0.029847, 0.062857, 0.04213, 0.037745, 0.037907, 0.029591, 0.0, 0.011209, 0.013229, 0.185947, 0.046575, 0.0, 0.016417, 0.089999, 0.009764, 0.024999, 0.038362, 0.004413]
[0.0, 0.038926, 0.032302, 0.022457, 0.053654, 0.0, 0.0, 0.026558, 0.0, 0.0, 0.0, 0.053289, 0.0, 0.093516, 0.0, 0.0, 0.0, 0.025329, 0.0, 0.0, 0.0, 0.029063, 0.022349, 0.024744, 0.0, 0.0, 0.0, 0.0, 0.0, 0.046348, 0.117217, 1.0, 0.043394, 0.215308, 0.062098, 0.239766, 0.080176, 0.167201, 0.071751, 0.040481, 0.342224, 0.053411, 0.053881, 0.089211, 0.0, 0.163993, 0.187354, 0.121614, 0.12606, 0.053881, 0.230087, 0.142538, 0.571246, 0.102624, 0.0, 0.0, 0.039992, 0.0, 0.0, 0.0, 0.0, 0.0, 0.0, 0.0, 0.01991, 0.0, 0.119352, 0.0, 0.0, 0.0, 0.029401, 0.0, 0.0, 0.0, 0.027664, 0.0, 0.0, 0.104614, 0.0, 0.0, 0.0, 0.0, 0.0, 0.0, 0.032494, 0.155211, 0.0, 0.0, 0.0, 0.0, 0.0, 0.0, 0.01709, 0.0, 0.0, 0.0, 0.148285, 0.0, 0.025641, 0.034184, 0.031701, 0.0, 0.026378, 0.031701, 0.0, 0.0, 0.03046, 0.0, 0.0, 0.1128, 0.0, 0.0, 0.0, 0.141637, 0.0, 0.0, 0.0, 0.0, 0.0, 0.0, 0.0, 0.0, 0.0, 0.0, 0.083573, 0.0, 0.0, 0.0, 0.019994, 0.019302, 0.0, 0.0, 0.0, 0.079963, 0.0, 0.095319, 0.0, 0.0, 0.0, 0.0, 0.058191, 0.028263, 0.0, 0.026885, 0.0, 0.0, 0.0, 0.0, 0.038199, 0.0, 0.059036, 0.0]
[0.0, 0.027024, 0.022426, 0.0, 0.030423, 0.020196, 0.010215, 0.0, 0.0, 0.018275, 0.016855, 0.00813, 0.0, 0.0, 0.018568, 0.011, 0.014744, 0.091419, 0.011702, 0.015989, 0.017846, 0.0, 0.0, 0.0, 0.011586, 0.0, 0.0, 0.016325, 0.0, 0.047756, 0.173243, 0.043394, 1.0, 0.031611, 0.105627, 0.06316, 0.030631, 0.029676, 0.027412, 0.041711, 0.056356, 0.263225, 0.037407, 0.178876, 0.010157, 0.029107, 0.027507, 0.026358, 0.082401, 0.037407, 0.06061, 0.030893, 0.053365, 0.039207, 0.0, 0.0, 0.0, 0.010213, 0.0, 0.0, 0.022006, 0.0, 0.0, 0.0, 0.0, 0.06121, 0.009104, 0.0, 0.0, 0.0, 0.0, 0.019587, 0.0, 0.0, 0.0, 0.0, 0.013989, 0.010186, 0.0, 0.020135, 0.007682, 0.0, 0.010169, 0.0, 0.0, 0.007893, 0.0, 0.0, 0.0, 0.019868, 0.017498, 0.0, 0.00703, 0.0, 0.0, 0.0, 0.0, 0.0, 0.0, 0.0, 0.0, 0.0, 0.0, 0.0, 0.0, 0.021123, 0.0, 0.0, 0.0, 0.0, 0.0, 0.0, 0.0, 0.0, 0.0, 0.0, 0.0, 0.0, 0.0, 0.092441, 0.0, 0.122258, 0.0, 0.0, 0.008137, 0.0, 0.01583, 0.013283, 0.008224, 0.00794, 0.006662, 0.0, 0.0, 0.0, 0.0, 0.0, 0.087068, 0.0, 0.01644, 0.012833, 0.0, 0.029121, 0.0, 0.018665, 0.061993, 0.018716, 0.0, 0.0, 0.011655, 0.028413, 0.0, 0.0]
