[1, 0.22862581685840058, 0.5874511610768939, 0.6139047373048409, 0.6343169338791977, 0.3200699912444042, 0.8751423460638422, 0.9455116981111861, 0.9311230599144446, 0.8943076657728515, 0.9146108470609483, 0.9636092162521952, 0.20512092061657697, 0.20907860219467722, 0.394655973692936, 0.26767454457530365, 0.2717786532523045, 0.18906657220379317, 0.3204865587777496, 0.22718639551746703, 0.6941288323372121, 0.7984321006272237, 0.8846813254283769, 0.8165737362863607, 0.8824965423281836, 0.859253355233637, 0.8914369779008365, 0.8583070864266062, 0.9466628207395156, 0.5874511610768939, 0.6887865550176678, 0.3200699912444042, 0.3810679885262977, 0.5226512562544318, 0.5110029952202444, 0.4805384801628595, 0.41885625152378875, 0.43795912116108715, 0.50011483546781, 0.7963845597779973, 0.6749972605686249, 0.7376096535190905, 0.728252704039083, 0.9571510463037958, 0.7864594147503934, 0.8375722824885026, 0.7734956073213697, 0.7974517465672774, 0.8202770375360776, 0.5187459059104386, 0.8068366490548787, 0.14262991646413384, 0.15857196378382651, 0.28672885926459835, 0.8980164622285977, 0.733432760958148, 0.8891687936282514, 0.8787732108934375, 0.823240620039738, 0.853167710070949, 0.6113984054376054, 0.26477002126859095, 0.31777196380269446, 0.2766031263869608, 0.3030885724862844, 0.2275612298318298, 0.29813414214413786, 0.8986724848870978, 0.8975769357800787, 0.5808799814128287, 0.5250499476739785, 0.6369609726814357, 0.6285978837723887, 0.9861547459843706, 0.16682337360910263, 0.7665044928303666, 0.805046412550603, 0.7318581450253006, 0.360163004829714, 0.721288372979939, 0.8952971203083394, 0.34570689189901244, 0.35390378133317013, 0.2186640680204293, 0.9863007227241894, 0.2973679561266263, 0.9796588914638407, 0.868800907794674]
[0.22862581685840058, 1, 0.5427548675863902, 0.6412491354823332, 0.6360333723661143, 0.9680002873204648, 0.4234643242332287, 0.14720037599603616, 0.3865608144014549, 0.36365721824921415, 0.13469289296581716, 0.17271792774290354, 0.9370078745998599, 0.9465210618250349, 0.956729470064867, 0.9709681993940428, 0.9357327976746715, 0.9732377251585739, 0.9513763333707219, 0.9684403679783529, 0.6168668364087996, 0.15047149546261476, 0.22778440141478773, 0.09080492095290035, 0.14187007663375598, 0.33683444283802727, 0.3469546135333556, 0.3711779854655826, 0.2985707141496989, 0.5427548675863902, 0.6059075543592284, 0.9680002873204648, 0.5318875570079202, 0.5533028716685015, 0.5602438712106786, 0.5113718907544225, 0.5647558344473945, 0.5823957644703145, 0.5561394652313629, 0.14787055355309714, 0.09553254290337612, 0.11483350079455941, 0.07757358636680954, 0.1604749225332573, 0.44446886336868957, 0.39945257253272304, 0.3911088105564937, 0.3898922949795082, 0.31419098219434066, 0.55735824031552, 0.3467386634573297, 0.804934703397385, 0.8450551955035421, 0.867024660109518, 0.15032920560056576, 0.18269316544092884, 0.2735083719220777, 0.23357857539717242, 0.3360965343350023, 0.23550347469099964, 0.5382457858054622, 0.9663863101366521, 0.9590583108920693, 0.8812787820240385, 0.9159601797280588, 0.9695942421189818, 0.9545624696152072, 0.23886781727807999, 0.2695727944830927, 0.41953597014763633, 0.43689425377664437, 0.6219507943213038, 0.6180769854246069, 0.23706501552921716, 0.49624330789594184, 0.4537975356806497, 0.4463889339177716, 0.5514603411034229, 0.9540500585491716, 0.479882692617211, 0.34587584969247326, 0.6360638558868759, 0.6657542875545385, 0.557590092058694, 0.2362316088008891, 0.9755064854862865, 0.23464080546082602, 0.4768080276957055]
[0.5874511610768939, 0.5427548675863902, 1, 0.8692037764505669, 0.8693918105561973, 0.5932006815586808, 0.6035098490754185, 0.5790092946774551, 0.6660432811443223, 0.5973254688959659, 0.5498653090089942, 0.5823274266826397, 0.6144950501563594, 0.5961137014083113, 0.619687452821947, 0.5674072267736042, 0.6401188601911474, 0.5123430633147863, 0.6141073943133459, 0.5138571778711936, 0.8719349645542052, 0.5608637042459679, 0.6197628258171836, 0.4808179773122225, 0.5271658289876806, 0.5241483441886071, 0.5832213655790148, 0.6089656368798966, 0.6086742976804709, 0.9999999999999999, 0.8617070525295447, 0.5932006815586808, 0.41265630706011525, 0.4158037040557881, 0.3842359853851259, 0.48710801680206484, 0.3582043339039691, 0.4345767600881167, 0.3814210318319973, 0.5965594078871949, 0.4679982446050321, 0.43279811607107654, 0.42730785426688406, 0.5607030089159779, 0.7316335112553385, 0.7177772298251843, 0.5553666465218859, 0.5743360120930014, 0.4957763088131131, 0.3900580743877813, 0.46848615295839674, 0.48524017616174037, 0.4788252928175573, 0.709963362443439, 0.5382496109410213, 0.5527841276458545, 0.546082535797142, 0.5272584851795257, 0.5785284881800448, 0.5605590019400947, 0.4057209097832138, 0.498889172343926, 0.5339794936295383, 0.4696730098443922, 0.5645582818804864, 0.5171676929534911, 0.5167086506094168, 0.5162533337485341, 0.5160299853814775, 0.45134635021395586, 0.4785493900091828, 0.8597814477709056, 0.8744670683754554, 0.5863641525258718, 0.285333477563568, 0.7670593384710417, 0.7142924073363868, 0.831992667342993, 0.6414929864298154, 0.7260028993709684, 0.5675236226294582, 0.671132519229568, 0.6714690214493659, 0.1953517885210811, 0.5902334767864319, 0.5878266611317179, 0.6077728796001884, 0.6133939738964534]
[0.6139047373048409, 0.6412491354823332, 0.8692037764505669, 1, 0.9881924763952176, 0.6889763779527558, 0.6877012947974881, 0.5439069999771972, 0.6934725464592661, 0.6710240932095407, 0.544060506489964, 0.5660508917858817, 0.6115816807516156, 0.598611635229347, 0.7022308250930095, 0.6828686104782203, 0.6431422002666125, 0.5903287401474945, 0.7010313106428352, 0.6006837821689884, 0.9548445628717546, 0.4792687767915012, 0.541253270167023, 0.4595236113095014, 0.5110162307252577, 0.5658709868453063, 0.5752283166888494, 0.5772254359872425, 0.6490742159666881, 0.8692037764505669, 0.9411930866710471, 0.6889763779527558, 0.325364053452575, 0.40261747496365174, 0.4050209806302091, 0.3833818296380097, 0.3591766612904408, 0.3970740378393672, 0.4020537539989661, 0.46049697315277055, 0.36834134749410563, 0.4252820054309392, 0.4198870892708966, 0.5690173532825606, 0.7396490608157463, 0.72139431811774, 0.5357311583394678, 0.5439548944329676, 0.5519752604431244, 0.4111580117435451, 0.5360242898326, 0.4236177526003154, 0.4484667948407322, 0.6330101219152086, 0.5361474314416416, 0.4402521165257365, 0.597223194654596, 0.5682359723185387, 0.6565767531691777, 0.6083748559653175, 0.4860558591953935, 0.6004078549338885, 0.6400049212409217, 0.4826583116447373, 0.6109013905920339, 0.5976094783662251, 0.6162257763451767, 0.5811033232642104, 0.5939325765706163, 0.4538237392104416, 0.403016228026234, 0.9768211482561892, 0.9888197329263715, 0.6202434298410321, 0.1877583754783064, 0.7573892337784909, 0.7323058273136726, 0.9181514915821457, 0.73811927828704, 0.8372454673583603, 0.6220060265410894, 0.6272608026936205, 0.6328796778578947, 0.23761829556733086, 0.6054946860875683, 0.7012453090680656, 0.6014172344124606, 0.5956077596471988]
[0.6343169338791977, 0.6360333723661143, 0.8693918105561973, 0.9881924763952176, 1, 0.6816511367787419, 0.7045454545454546, 0.5572291450203455, 0.7157599897743053, 0.6823294743795668, 0.5637203479268543, 0.5799154165713526, 0.6058143439072291, 0.5963557893917473, 0.6977612584933653, 0.6749028341351382, 0.6428243465332251, 0.5813465206185927, 0.6889728182619381, 0.590448074836195, 0.9559994311779224, 0.5103895936997946, 0.5702041073061774, 0.4707789181926141, 0.5235327681947336, 0.584482999447145, 0.5893176280383562, 0.6060255726430758, 0.6712455895421082, 0.8693918105561973, 0.9599414582701308, 0.6816511367787419, 0.35353535353535354, 0.42854956435548336, 0.43153898470104, 0.4161514589886721, 0.3852229149659662, 0.41147559989891175, 0.42288546533112387, 0.49424165057217234, 0.3975791789364089, 0.44166709234633955, 0.43017156199370915, 0.5829545368687555, 0.7743287817462708, 0.7572002687726123, 0.5640989670510833, 0.5724767092819534, 0.5654950248149034, 0.4380778266435164, 0.5685352436149611, 0.4385619557494744, 0.4641395608164571, 0.6357987328911231, 0.5567022142689041, 0.4735871684315232, 0.6118512358871127, 0.587646036239354, 0.6903601075250249, 0.6232760395722838, 0.5035560994609066, 0.5970223141259935, 0.6385388508896702, 0.5043698718952997, 0.607591042861251, 0.5938335379717864, 0.6140228379085287, 0.6009529160366186, 0.6139128766126658, 0.5017663227823621, 0.45927932677184596, 0.9835666399899209, 0.9918460233101519, 0.6354353154662373, 0.2198368240843106, 0.7842391164278515, 0.7671971376886219, 0.9316388245280527, 0.7272727272727274, 0.857752476007512, 0.6525348702161969, 0.6667833861497935, 0.6665176018537365, 0.2550306852253353, 0.6256272503212447, 0.6898476373301127, 0.6214142242808371, 0.6150009280950575]
[0.3200699912444042, 0.9680002873204648, 0.5932006815586808, 0.6889763779527558, 0.6816511367787419, 1, 0.4969196452730237, 0.24121093042467004, 0.4761154796586007, 0.4456801813108144, 0.22875271295600758, 0.2711336204352543, 0.9396486750620848, 0.9453935480518653, 0.9729704203095915, 0.9801172997452104, 0.9451053064893513, 0.9518478910905337, 0.9781832241527934, 0.974081808922684, 0.6683911940102282, 0.2017973797016847, 0.2961574497140314, 0.16046856267950843, 0.21592235101067225, 0.40816923641300784, 0.4280768868382135, 0.42457077523028586, 0.38577052458397504, 0.5932006815586808, 0.6470702470863449, 0.9999999999999999, 0.5225543888783781, 0.5751678213766453, 0.583230212107501, 0.5203039116515846, 0.5612135332663137, 0.588764952658372, 0.5789574057585112, 0.20283795246014893, 0.12497295718550011, 0.1805992077857413, 0.14379694838044405, 0.24859981454092456, 0.48905757573063013, 0.4514246653252116, 0.4216402635079145, 0.42527382655668383, 0.37612473499221755, 0.5756212164409632, 0.3783700869406588, 0.7580528204426698, 0.8099859457837715, 0.8812493854113688, 0.21735706680066552, 0.21462290680629653, 0.34434490502607334, 0.3109215697592005, 0.3974017190234497, 0.32234787144431, 0.5843592913922147, 0.9403446551538106, 0.962098901211843, 0.8639583778440798, 0.9319590557206939, 0.9525805219070655, 0.9538837359863694, 0.31248008892509427, 0.3393900437546379, 0.45831704355905983, 0.470940311401442, 0.6707784709055377, 0.6743833324979018, 0.32100317860193767, 0.4783368137185425, 0.5022260159814591, 0.5006158480505898, 0.6018504992667654, 0.9841590377160534, 0.5365772055998331, 0.41798804983561205, 0.6319770493304147, 0.6594340699358483, 0.5601002681229942, 0.331210768458157, 0.9841340417034785, 0.33926100402754195, 0.5440196859769689]
[0.8751423460638422, 0.4234643242332287, 0.6035098490754185, 0.6877012947974881, 0.7045454545454546, 0.4969196452730237, 1, 0.8314827937868806, 0.8689856468445084, 0.9480788486116084, 0.71066767457745, 0.8469689025218577, 0.3970988541912454, 0.4094130525753271, 0.5530083017624435, 0.4617323048168445, 0.45078057300642405, 0.38678296734704753, 0.4960604291485954, 0.43909377959649426, 0.6798712233818807, 0.6253887679764571, 0.7998551193313259, 0.5753964555687505, 0.6569967555795881, 0.8311063138480136, 0.8944836555806988, 0.8494132623013432, 0.8349793268042486, 0.6035098490754185, 0.7102705857155676, 0.4969196452730237, 0.5055555555555555, 0.5951482074986775, 0.5842373946721772, 0.5709223948597401, 0.5122889809472774, 0.5503486148647945, 0.5859984305302716, 0.6672262282724326, 0.5262870148293818, 0.6237055560836822, 0.5963474256679911, 0.834247560528685, 0.828987283987184, 0.8678331224136405, 0.754672942406179, 0.7746167154797403, 0.7981987297166113, 0.5745559187901503, 0.6964556734283274, 0.34673804626442817, 0.3558403299592837, 0.4382772598729474, 0.7348469228349533, 0.6635858300522652, 0.806430953245807, 0.7793175003959282, 0.8664904426499992, 0.8646792220633399, 0.6523849021904634, 0.457717107496595, 0.5091168824543142, 0.46233904923735797, 0.4623173950192375, 0.43547792784597666, 0.47565149415449404, 0.8093207028119322, 0.8247077404407316, 0.6177710139210366, 0.6072693320649962, 0.6897851632418397, 0.680728510015429, 0.876789255463501, 0.3627307597391124, 0.80789077232012, 0.8672294716634917, 0.7574628703771558, 0.5363636363636364, 0.719374728496908, 0.8804122819245095, 0.48365954314198784, 0.5236924014565072, 0.40167332922990306, 0.8923141205853006, 0.4714639178202841, 0.8689266695452383, 0.8720520972597884]
[0.9455116981111861, 0.14720037599603616, 0.5790092946774551, 0.5439069999771972, 0.5572291450203455, 0.24121093042467004, 0.8314827937868806, 1, 0.8766053389197641, 0.8422128736899888, 0.8392734743190081, 0.9885875689083942, 0.14110293362927603, 0.14382542765554043, 0.29475441521588136, 0.17372057320849116, 0.20257793463818494, 0.1154473679975549, 0.23991951405821535, 0.1511493937018343, 0.6204652802408375, 0.7045454545454546, 0.8281117768701091, 0.7360496190944207, 0.8041180642443118, 0.7856646876946379, 0.8570991287109667, 0.7851292940705863, 0.8606664587671309, 0.5790092946774551, 0.6208638104915999, 0.24121093042467004, 0.30203434817044816, 0.42085958513979504, 0.3762744896780695, 0.39477101697586137, 0.2966479394838265, 0.3563905014365415, 0.37351786288630956, 0.7837092625385754, 0.608434308444476, 0.6788696695339734, 0.6702578662976233, 0.9224941296882994, 0.7574600691246837, 0.8187783643637934, 0.6435872477407748, 0.6831696562500263, 0.710046946804693, 0.3819759430860284, 0.6212121212121212, 0.09106678242554021, 0.09345739314087777, 0.23857283174626326, 0.8616843969807042, 0.67432950381863, 0.769167938867591, 0.7663556152322558, 0.7680051881197734, 0.8617555109689685, 0.4920598885138856, 0.19092837757791914, 0.22110831935702666, 0.1797471477290514, 0.2732003472766206, 0.15114173098063566, 0.2129594025076446, 0.7639518861720568, 0.7517296073704978, 0.44262935501471873, 0.42431428639201346, 0.5691124683429248, 0.5616402080693281, 0.9215883121482037, 0.10203852073550543, 0.7493052337554659, 0.7803319705034027, 0.6702430253366891, 0.28103730792330467, 0.655717481099721, 0.7711428110223318, 0.271955765459602, 0.26052038866120697, 0.11554204016324533, 0.9387759303325134, 0.2058193874118862, 0.95097971382537, 0.7887605593008458]
[0.9311230599144446, 0.3865608144014549, 0.6660432811443223, 0.6934725464592661, 0.7157599897743053, 0.4761154796586007, 0.8689856468445084, 0.8766053389197641, 1, 0.8820562970895465, 0.8858276216393515, 0.8878815936228859, 0.362030053499966, 0.37444189408166756, 0.5227064339370225, 0.4276923067665743, 0.4278577887744548, 0.3308453975618467, 0.4768229675353149, 0.3894621367789199, 0.7759024048642754, 0.7874941578948236, 0.8322897461590358, 0.8053872662568292, 0.8609460320922784, 0.8291912224225645, 0.8968094342779956, 0.8277367018915917, 0.9497924005520473, 0.6660432811443223, 0.7677214967911514, 0.4761154796586007, 0.46656947481584343, 0.5910967041703311, 0.5678902799999466, 0.5639469914740851, 0.4721351126805232, 0.5099520667584811, 0.5637298556194172, 0.7782684772710625, 0.6657502859356826, 0.7198469876768051, 0.7107153665478078, 0.893205911948113, 0.8447533751827906, 0.8668212956709276, 0.7824607964359516, 0.7995276841253526, 0.8218817370980475, 0.5692889787445735, 0.7957835700831901, 0.3106594772335541, 0.3308453975618467, 0.4133243647117354, 0.857142857142857, 0.7233852622026191, 0.8699153413295068, 0.8526414066243686, 0.7778944485132251, 0.8116402152518933, 0.610201530693093, 0.42943493081411915, 0.4728773633362649, 0.4123930494211613, 0.4689199656355533, 0.3898234515660837, 0.4493970473416429, 0.8647427525234027, 0.8643686360401294, 0.5906415932819451, 0.5952380952380952, 0.7219192444655015, 0.7124406812794387, 0.9297343237404092, 0.2761888091436941, 0.8252155631249224, 0.870156557287864, 0.7795787947596418, 0.5142868074674638, 0.814774108011945, 0.8961141552843046, 0.4277635646512784, 0.442137036718057, 0.3049106779729928, 0.9387755102040817, 0.44517874202910823, 0.9459675396808044, 0.8877226669757549]
[0.8943076657728515, 0.36365721824921415, 0.5973254688959659, 0.6710240932095407, 0.6823294743795668, 0.4456801813108144, 0.9480788486116084, 0.8422128736899888, 0.8820562970895465, 1, 0.7706508063091744, 0.8591399101236591, 0.340007493360663, 0.35181875430162435, 0.505785863677281, 0.40362899068026986, 0.4040314852617337, 0.3201355756979899, 0.4562035631039496, 0.3716924330288962, 0.6900603017600838, 0.6898124489270383, 0.8183371085522421, 0.6494300108224066, 0.714065384341178, 0.85544606154908, 0.8847940165090747, 0.8555516533171366, 0.8645268841360544, 0.5973254688959659, 0.700114444469333, 0.4456801813108144, 0.4451957556311125, 0.5453593710528751, 0.5357693834774083, 0.5282757363324068, 0.4639898966613622, 0.5340809642041915, 0.5386627966018976, 0.7251834184684237, 0.5940018893555725, 0.6965447653576586, 0.6657605932153513, 0.8994256905678225, 0.822548728117461, 0.8556491692508971, 0.7697505593157298, 0.7862257234148449, 0.8325551278556523, 0.5369146463660445, 0.6898124489270383, 0.28925958232027443, 0.2968529883744997, 0.3894197516915098, 0.7648876247895917, 0.6999685021260906, 0.8280681676172901, 0.8114034531091876, 0.8076557343264074, 0.8431140875298686, 0.6043415593224264, 0.393072380675007, 0.4575698137614367, 0.39290431235329093, 0.42538173870628593, 0.3772044465704161, 0.4294810675413181, 0.8506959332033432, 0.8566232880845628, 0.6000979831802075, 0.5759695969801143, 0.6772201717724488, 0.6683284927678614, 0.8996378222888156, 0.27862054714656276, 0.8036540752161125, 0.8367262232290548, 0.7375798119650232, 0.4873781959854049, 0.7236796722789626, 0.8797644562823825, 0.40191882059653133, 0.42219531377511366, 0.3166287122023477, 0.9149688454884102, 0.42569996987521236, 0.8761164564786468, 0.864951309548433]
[0.9146108470609483, 0.13469289296581716, 0.5498653090089942, 0.544060506489964, 0.5637203479268543, 0.22875271295600758, 0.71066767457745, 0.8392734743190081, 0.8858276216393515, 0.7706508063091744, 1, 0.8440831038048211, 0.1272054628286961, 0.12965981373233648, 0.3255113432714923, 0.18292980539989856, 0.2093824716099123, 0.09342128040833979, 0.2624164592765049, 0.13384487051904706, 0.6747508482431908, 0.9110697302342036, 0.8178865865526076, 0.9621544965627082, 0.9720151696531125, 0.8012139974446968, 0.7842721896829264, 0.7716059373432482, 0.9519670852944707, 0.5498653090089942, 0.6268340237878216, 0.22875271295600758, 0.2786932057166471, 0.4187649432198246, 0.424018209428987, 0.4085313049106541, 0.3084568544674622, 0.35836079378127556, 0.4124935709443742, 0.8264507399798738, 0.795337420937892, 0.8050726355076628, 0.830989878901412, 0.9282614399081494, 0.6410534475534397, 0.6949976865303015, 0.7633917672409508, 0.7687827751164075, 0.8131024708644781, 0.4304430937395176, 0.7724286843289987, 0.04201458159015677, 0.057490018712824484, 0.22090034120147825, 0.9215858008614902, 0.7691299411140798, 0.8871585297994955, 0.8839147948808019, 0.712245081865767, 0.7486072057073349, 0.5059952427077118, 0.1871843204341622, 0.23647902675943036, 0.16674803168934194, 0.273094780336019, 0.14112179038399764, 0.2319814694922007, 0.9125393587277774, 0.8910480979715695, 0.5292067139399911, 0.44088209609114515, 0.5793487184646956, 0.5717420595802967, 0.9227399475890844, 0.04914126303514562, 0.6360273141434805, 0.6562039547455677, 0.6622737429231143, 0.2723592692230869, 0.6828107182774099, 0.8204877938278424, 0.3110599120469759, 0.29189902834272663, 0.07107531922156184, 0.9020813394675964, 0.2189896510617747, 0.8960066485525329, 0.7659284676325635]
[0.9636092162521952, 0.17271792774290354, 0.5823274266826397, 0.5660508917858817, 0.5799154165713526, 0.2711336204352543, 0.8469689025218577, 0.9885875689083942, 0.8878815936228859, 0.8591399101236591, 0.8440831038048211, 1, 0.15659205853725425, 0.16460132459708002, 0.32711014189731175, 0.2086886925936121, 0.22269130030130288, 0.1437539540855694, 0.26591630206361244, 0.17653422940301455, 0.6397526057619636, 0.7162021693825746, 0.8513653851044797, 0.7402677030197948, 0.8174222093634087, 0.8069791669669039, 0.8727860481775684, 0.8069197772652071, 0.8655986851560268, 0.5823274266826397, 0.6447281983678319, 0.2711336204352543, 0.3156775797022396, 0.4485413424508512, 0.42410349187173024, 0.41357638915455425, 0.3390317518104052, 0.36394722245600775, 0.420996464740625, 0.7815769365055873, 0.6119210665508836, 0.6827600719826675, 0.6671494436628559, 0.9277806722782915, 0.7715675276079133, 0.8288177537155081, 0.6712486220795377, 0.710983298941904, 0.7259195875914238, 0.4239061350538779, 0.6704871372943252, 0.10236379577391236, 0.10505096644714687, 0.24993752342773862, 0.8666224568741687, 0.678193887912684, 0.7995783625194786, 0.7901779799747116, 0.7880632865012035, 0.8612085734692325, 0.5278717216432639, 0.21335836885078172, 0.25269934785963444, 0.20993484283723476, 0.28015354632860223, 0.1791521440457255, 0.2396774066757588, 0.7882004698658043, 0.7816659401791309, 0.4723101979387308, 0.4486303122707187, 0.5875696513930031, 0.5798550543523536, 0.9400167511935169, 0.12962939809584634, 0.7584927835398253, 0.7948013245002088, 0.6900072349066888, 0.3118872828619039, 0.6706527510148439, 0.7996104379347959, 0.2906089054793271, 0.28874941097185447, 0.15721741677905354, 0.95040846641323, 0.23588244214213588, 0.9688506612452809, 0.8159458773851407]
[0.20512092061657697, 0.9370078745998599, 0.6144950501563594, 0.6115816807516156, 0.6058143439072291, 0.9396486750620848, 0.3970988541912454, 0.14110293362927603, 0.362030053499966, 0.340007493360663, 0.1272054628286961, 0.15659205853725425, 1, 0.9895649633747229, 0.9182596351663062, 0.9297838194008713, 0.9682458365518541, 0.9415544714433868, 0.930836020039261, 0.9436346242294367, 0.584914694089695, 0.1816497536376887, 0.25739611376611427, 0.09004503377814962, 0.13327849749579576, 0.3006141255147808, 0.334876478559268, 0.3680718389291916, 0.2708745389899462, 0.6144950501563594, 0.5619339869416332, 0.9396486750620848, 0.5578655678293358, 0.5217769230307214, 0.5166666666666667, 0.5352643613280604, 0.5311622476544556, 0.5822173754796447, 0.518396366873214, 0.19175100478785012, 0.13533299049019168, 0.10787924283421144, 0.07692442360381202, 0.14776544021860258, 0.44074939326392415, 0.3961098144134109, 0.3878358759406698, 0.38662954058932786, 0.28643577734887543, 0.5132159245792459, 0.31788706886595525, 0.8165481258020507, 0.8238601625129635, 0.9534073144497983, 0.14161763857498666, 0.23777817717036512, 0.24354409352352618, 0.20956448873598013, 0.31550881697045796, 0.2288620456762859, 0.4607032393498821, 0.8901737139031305, 0.8907861696277058, 0.863973208000116, 0.867008965037009, 0.9198778254068383, 0.8771010112934919, 0.2143099465275972, 0.2400396792595916, 0.40678014389850137, 0.46584749531245623, 0.5822428156951114, 0.5916232888773302, 0.21269248984883135, 0.5288823896333643, 0.4666666666666666, 0.44690967864834297, 0.5106904527814197, 0.921169755804143, 0.43779751788545657, 0.3225049363378244, 0.6501484692091999, 0.6920539286303271, 0.5121822168976906, 0.22360679774997896, 0.9263539930448336, 0.22210101093962337, 0.47281793221120977]
[0.20907860219467722, 0.9465210618250349, 0.5961137014083113, 0.598611635229347, 0.5963557893917473, 0.9453935480518653, 0.4094130525753271, 0.14382542765554043, 0.37444189408166756, 0.35181875430162435, 0.12965981373233648, 0.16460132459708002, 0.9895649633747229, 1, 0.9315409787235999, 0.9308750079697632, 0.9704787500656592, 0.9453253661546204, 0.931700504503001, 0.9490736648137031, 0.5734445269503783, 0.18515457353356932, 0.2623624129357194, 0.09178239713588017, 0.13585002385551787, 0.30641428955017175, 0.34601357264226673, 0.37517355791508916, 0.27610089605637533, 0.5961137014083113, 0.5595582451339253, 0.9453935480518653, 0.5737985964123903, 0.5373272175504781, 0.5379609242952714, 0.5551637455717552, 0.5472955942929447, 0.5934509004387728, 0.539641026236737, 0.19545072209094103, 0.13794415702436216, 0.10996070624974691, 0.07840863288528198, 0.15061648319791035, 0.445015141367993, 0.39911167539848186, 0.39531892982382755, 0.39408931897634075, 0.2919623789062148, 0.5288666597754875, 0.3240205036837463, 0.8369787770671046, 0.8445546418437218, 0.9414338852042684, 0.1443500635155414, 0.24236596036006944, 0.24824312651097508, 0.2136079062187084, 0.3215963648856035, 0.23803856899099732, 0.46959222404176715, 0.91197839833591, 0.9035869944114161, 0.8755818709849233, 0.8837373679647083, 0.9329146104170898, 0.8940241340256585, 0.21844492468987525, 0.24467109673647866, 0.4146287157409288, 0.4843324499534613, 0.5714962081183305, 0.5770078651251968, 0.21679626018266515, 0.5531499841450568, 0.4671765921511567, 0.4511941200978982, 0.502117576814027, 0.9262547367148415, 0.4268426138253134, 0.33394536640882266, 0.6577472149185382, 0.7007658486647763, 0.5339295579808735, 0.22792115291927592, 0.931693429341676, 0.23177646318837927, 0.48685842428706283]
[0.394655973692936, 0.956729470064867, 0.619687452821947, 0.7022308250930095, 0.6977612584933653, 0.9729704203095915, 0.5530083017624435, 0.29475441521588136, 0.5227064339370225, 0.505785863677281, 0.3255113432714923, 0.32711014189731175, 0.9182596351663062, 0.9315409787235999, 1, 0.9538630375928412, 0.9438798074485389, 0.9440847091783919, 0.9678471159705941, 0.9507059297856677, 0.6902036186754673, 0.3252462512726967, 0.37308612554482884, 0.2664720829793827, 0.3170777152559948, 0.48343139283125175, 0.49350696817779255, 0.5228363568238302, 0.4737252203710337, 0.619687452821947, 0.6681868792983972, 0.9729704203095915, 0.5985626254708442, 0.6461082015272737, 0.6614950926316517, 0.6130102982671872, 0.6392040505048588, 0.6620511221285621, 0.6566489094728459, 0.3004160889655687, 0.23322865260427245, 0.2566513314910189, 0.2348544402343387, 0.33241593277220854, 0.5124625645305869, 0.48981023471694524, 0.5383318087979163, 0.536657366767174, 0.47237749297333015, 0.6538467818662378, 0.4675414862045015, 0.7761954256776932, 0.8113227969501806, 0.8802173644592863, 0.3036145882229939, 0.3193086938341046, 0.4451536416855223, 0.4032054707289405, 0.4734210929358091, 0.3805104415086354, 0.6572335375382283, 0.9392434284155424, 0.9573638046978038, 0.8712736684140359, 0.9295179788979782, 0.9414688716912718, 0.9523834009096652, 0.4123358083841139, 0.4387482193696061, 0.5359130500396471, 0.5352180241110471, 0.6802077843351471, 0.6801679634458122, 0.4092237955355674, 0.5283822643303646, 0.5222329678670935, 0.5290195271245206, 0.6325259888413398, 0.9707982726864213, 0.5516996734132338, 0.5079415065165575, 0.6790579292587363, 0.7085604366293674, 0.5896683773696626, 0.40037088556878325, 0.9718263635744898, 0.4031980151417874, 0.6248615895496091]
[0.26767454457530365, 0.9709681993940428, 0.5674072267736042, 0.6828686104782203, 0.6749028341351382, 0.9801172997452104, 0.4617323048168445, 0.17372057320849116, 0.4276923067665743, 0.40362899068026986, 0.18292980539989856, 0.2086886925936121, 0.9297838194008713, 0.9308750079697632, 0.9538630375928412, 1, 0.9242662270155929, 0.9618190677456842, 0.9772344669683238, 0.9689960211359467, 0.6598089650961175, 0.16728647790447299, 0.2500678444475026, 0.126513872196763, 0.17624204863381399, 0.3691255819409083, 0.36851698604201455, 0.36504238956105184, 0.3311206812365318, 0.5674072267736042, 0.6301877982241921, 0.9801172997452104, 0.47279778488870794, 0.5174823897287879, 0.5454731740485113, 0.4656656301892605, 0.52106448422562, 0.530858818415757, 0.5414769797621142, 0.15101956088945118, 0.1006643398311298, 0.14859907323921068, 0.11150265462873393, 0.19727782721504086, 0.4494931352469207, 0.40639613367996863, 0.38464375683498514, 0.3834473503385061, 0.3389003578610837, 0.5313651216480689, 0.3667434323290369, 0.7324843796637573, 0.7890651575195177, 0.8653564396482931, 0.1774131050290975, 0.17967323569951626, 0.3074140125637412, 0.2734732221020779, 0.352576892872044, 0.25940385760889145, 0.523776458463092, 0.9414032390171986, 0.9602765994967198, 0.8519377010919618, 0.9099184840543569, 0.9535667871136971, 0.9473961833493468, 0.27966585349898365, 0.3084011044367361, 0.43093883648407466, 0.4296723637423455, 0.6629988511157439, 0.6669576461679527, 0.27200403488861324, 0.4561124992437513, 0.4669580959657709, 0.4643376017624987, 0.5871665395459172, 0.967086378181448, 0.5144257190157676, 0.3909284250455691, 0.6303616001683082, 0.659264839080838, 0.5310560470640401, 0.2745679006402699, 0.9797071757342024, 0.27796353246843425, 0.4928511747258098]
[0.2717786532523045, 0.9357327976746715, 0.6401188601911474, 0.6431422002666125, 0.6428243465332251, 0.9451053064893513, 0.45078057300642405, 0.20257793463818494, 0.4278577887744548, 0.4040314852617337, 0.2093824716099123, 0.22269130030130288, 0.9682458365518541, 0.9704787500656592, 0.9438798074485389, 0.9242662270155929, 1, 0.934447601783387, 0.94593602483475, 0.9338842407411116, 0.6225430174794672, 0.27010391285091323, 0.2899121384372255, 0.1598405032727515, 0.20073876713674152, 0.35575023664688815, 0.3864262983945439, 0.42766083071420935, 0.34766440098791496, 0.6401188601911474, 0.6110551962914629, 0.9451053064893513, 0.5548824046811103, 0.5520833333333334, 0.5540517842491166, 0.5682757558228968, 0.5590169943749475, 0.5819143739626463, 0.5553324775158945, 0.27303251770657433, 0.2031051871148717, 0.16248342090492038, 0.14323414016065802, 0.22011272658140596, 0.4871434487156283, 0.4628830604072051, 0.4397542371171652, 0.4383864134704997, 0.3454589064716758, 0.5460650354131487, 0.35176323534072423, 0.7906193231520554, 0.7976991722541109, 0.9396171745889965, 0.1948557158514987, 0.29052546889545344, 0.31084118557079726, 0.27766623875794727, 0.3700302600665639, 0.28942984211696865, 0.5004732608726313, 0.8926893848765578, 0.9083333333333333, 0.8605769230769231, 0.8972196813298606, 0.9264736182885164, 0.8954956570075909, 0.2839538184148373, 0.30636841733908726, 0.4654746681256314, 0.5232236814530984, 0.6180416219224814, 0.6264114497259976, 0.28181074009533896, 0.543258756157811, 0.5083290641897235, 0.5068987389230113, 0.5557361583486163, 0.9320953024731763, 0.4976166020227778, 0.39156922044833364, 0.6717836375275283, 0.7053456158585982, 0.5128246047171021, 0.28867513459481287, 0.932657182657649, 0.2918513716849082, 0.5091901569372563]
[0.18906657220379317, 0.9732377251585739, 0.5123430633147863, 0.5903287401474945, 0.5813465206185927, 0.9518478910905337, 0.38678296734704753, 0.1154473679975549, 0.3308453975618467, 0.3201355756979899, 0.09342128040833979, 0.1437539540855694, 0.9415544714433868, 0.9453253661546204, 0.9440847091783919, 0.9618190677456842, 0.934447601783387, 1, 0.9474949371335485, 0.9718278603691191, 0.559977930368916, 0.117279865902278, 0.1958603569225708, 0.05934761292956131, 0.10875710322916637, 0.30730553754812695, 0.32135138034508015, 0.34378720827012105, 0.24911189772600686, 0.5123430633147863, 0.5372313266464569, 0.9518478910905337, 0.5500913313380231, 0.5652268420543415, 0.5774867424852773, 0.5252007866153651, 0.5805719850175636, 0.5782513711219676, 0.5732560134034757, 0.12107069305671138, 0.0764540293979072, 0.08803095900428155, 0.046799976466303475, 0.12200561576722564, 0.371141608291415, 0.3343770048459478, 0.369012483211554, 0.36786469665749966, 0.2838893546781011, 0.5671206148445954, 0.3225196312312645, 0.7930122773031817, 0.8351063829787234, 0.8800518233836505, 0.12632278815997783, 0.15991507566172508, 0.2313946668893452, 0.1931623523424755, 0.31129456425967716, 0.21636561748059657, 0.526880592973489, 0.9493298113902174, 0.9335359455865251, 0.8920205249294321, 0.8914909261186095, 0.955773223621491, 0.9321344080828025, 0.19753639393463435, 0.2280650736337113, 0.4021559465511192, 0.4421297585599225, 0.5603958449520425, 0.5674651101599495, 0.19604553191518184, 0.5352111925479303, 0.3860373332917886, 0.38953113494030434, 0.500417014250971, 0.9282791216329142, 0.41937908377885674, 0.312331849582056, 0.6304233385333383, 0.6584654864658664, 0.5918491511760362, 0.19850723853710805, 0.9540309309233873, 0.20314533710623325, 0.45245214581538]
[0.3204865587777496, 0.9513763333707219, 0.6141073943133459, 0.7010313106428352, 0.6889728182619381, 0.9781832241527934, 0.4960604291485954, 0.23991951405821535, 0.4768229675353149, 0.4562035631039496, 0.2624164592765049, 0.26591630206361244, 0.930836020039261, 0.931700504503001, 0.9678471159705941, 0.9772344669683238, 0.94593602483475, 0.9474949371335485, 1, 0.9579916495646292, 0.6874547463096088, 0.24155161959602633, 0.2907368246252454, 0.20387958048572502, 0.24588552933761995, 0.408149442706988, 0.42469882477056237, 0.41484137158255824, 0.39936658709270606, 0.6141073943133459, 0.6481263284282914, 0.9781832241527934, 0.4899362263196004, 0.5358950870308455, 0.5478794592423278, 0.5008420565514622, 0.5228936043967141, 0.5669910074167497, 0.5494152856051115, 0.22133739088314203, 0.1566148600919853, 0.19902643882722698, 0.18459249510576164, 0.2687997310105767, 0.4644514087477475, 0.43526265174242473, 0.4262299155717135, 0.42490415834591133, 0.3944377361929592, 0.5391551829204742, 0.35906321831841753, 0.7155251939069257, 0.7627334243925065, 0.8951755156480843, 0.23251816619137827, 0.23358126578294908, 0.3620509817387731, 0.3274293116232483, 0.3935204185747203, 0.3243084272639751, 0.5427628252422066, 0.9277825078301768, 0.9483719115939812, 0.8394440524119539, 0.9371071894393931, 0.9349848605119565, 0.9394380579226207, 0.33484374518218923, 0.3568413434908461, 0.4372566014334523, 0.4406594278626927, 0.6813989660502119, 0.6853018301612128, 0.33231658645361306, 0.444287348991556, 0.4821898302005181, 0.4839944175513566, 0.6139662688617954, 0.9729131312426156, 0.54591090130433, 0.42756816035775896, 0.6151906680328925, 0.6460214094282304, 0.5036997351698543, 0.33216880884482614, 0.9734462794157662, 0.3352534395725439, 0.5437726174179777]
[0.22718639551746703, 0.9684403679783529, 0.5138571778711936, 0.6006837821689884, 0.590448074836195, 0.974081808922684, 0.43909377959649426, 0.1511493937018343, 0.3894621367789199, 0.3716924330288962, 0.13384487051904706, 0.17653422940301455, 0.9436346242294367, 0.9490736648137031, 0.9507059297856677, 0.9689960211359467, 0.9338842407411116, 0.9718278603691191, 0.9579916495646292, 1, 0.5727141009374436, 0.13002098382953486, 0.21582235771206046, 0.09023321587218179, 0.14097686685214597, 0.34427699301324005, 0.3677548774496422, 0.3590052983146073, 0.296690921816399, 0.5138571778711936, 0.5544451484765588, 0.974081808922684, 0.5437851205651029, 0.57138083416195, 0.5789852561643742, 0.5222676504484279, 0.5669857170575643, 0.588139246000482, 0.5802699290895794, 0.12998499976109726, 0.07458870010075953, 0.11411051249004887, 0.07708518537499028, 0.1594645771953898, 0.4041701751035532, 0.3604376189725931, 0.3784188642497671, 0.3772418198300059, 0.3222842272187471, 0.565152172874336, 0.3380545579567907, 0.7814791145804897, 0.8302995311891502, 0.874361431793119, 0.14938273739465419, 0.16452328457798787, 0.2717863713497957, 0.2321079716358318, 0.3384335536283297, 0.252742411966652, 0.546117153853901, 0.9603019706796684, 0.9573324164826632, 0.9055847182944113, 0.914790257655985, 0.9727540297101565, 0.9485525727063672, 0.2373639126072211, 0.2678755721892764, 0.42615890825397335, 0.4434800016403797, 0.5748157791121586, 0.5800641693847033, 0.23557246124453268, 0.525379094639816, 0.4133620699058152, 0.4222525938903355, 0.5253442159629373, 0.952201472799216, 0.44348106987949215, 0.34882804989638655, 0.6077492468982634, 0.6524377153554533, 0.5949064335335927, 0.24541449714836047, 0.9652572480254701, 0.24906102624405832, 0.4883103256373216]
[0.6941288323372121, 0.6168668364087996, 0.8719349645542052, 0.9548445628717546, 0.9559994311779224, 0.6683911940102282, 0.6798712233818807, 0.6204652802408375, 0.7759024048642754, 0.6900603017600838, 0.6747508482431908, 0.6397526057619636, 0.584914694089695, 0.5734445269503783, 0.6902036186754673, 0.6598089650961175, 0.6225430174794672, 0.559977930368916, 0.6874547463096088, 0.5727141009374436, 1, 0.611775290321498, 0.6248292646798138, 0.6191583329422112, 0.6585642526303783, 0.6289359554935909, 0.6341382826020717, 0.6205629067308788, 0.735798173363639, 0.8719349645542052, 0.949572844784025, 0.6683911940102282, 0.29890421491609465, 0.40350010392187685, 0.4048264549424861, 0.3773611773764385, 0.33409164144046277, 0.38742414210647685, 0.3959509379354744, 0.5741360464743591, 0.5075796486684262, 0.5459046429806677, 0.5453205040828868, 0.663832483026077, 0.7307388269816733, 0.7220886914805965, 0.5960646459914871, 0.6051135775020386, 0.613888836950332, 0.41096053852901493, 0.6187272822569696, 0.3883482505857649, 0.4237670824413418, 0.6157390643622791, 0.6629401429796234, 0.5338728714918747, 0.6761798956911528, 0.6618881350563155, 0.6381024728581662, 0.6056134944020143, 0.4756275282188112, 0.5937600900853324, 0.6271544472385743, 0.46291660274114227, 0.6243066813214195, 0.5746025387487411, 0.6095397263839544, 0.6647891064439948, 0.6664501813007812, 0.4656261951929454, 0.40934557021332174, 0.970559449973578, 0.9669383825540976, 0.7017572339882967, 0.13799132195639374, 0.7501196076875477, 0.7252037869155732, 0.9201642882064879, 0.7158879461378861, 0.8464981893203146, 0.6637639554441314, 0.6031123379613679, 0.5952352727069782, 0.1808723990992077, 0.6846197689978901, 0.6764282506432233, 0.6856762281074014, 0.6410944639274179]
[0.7984321006272237, 0.15047149546261476, 0.5608637042459679, 0.4792687767915012, 0.5103895936997946, 0.2017973797016847, 0.6253887679764571, 0.7045454545454546, 0.7874941578948236, 0.6898124489270383, 0.9110697302342036, 0.7162021693825746, 0.1816497536376887, 0.18515457353356932, 0.3252462512726967, 0.16728647790447299, 0.27010391285091323, 0.117279865902278, 0.24155161959602633, 0.13002098382953486, 0.611775290321498, 1, 0.8424248199271233, 0.9229828556898291, 0.9222859518214328, 0.7726631443994547, 0.749961737622096, 0.8176042283752091, 0.8533103351879245, 0.5608637042459679, 0.5720696356833169, 0.2017973797016847, 0.3553345272593507, 0.4355163866123253, 0.4497993899599911, 0.4898084840256058, 0.37755192297941553, 0.3874604425874195, 0.44650411195604817, 0.9132298409413092, 0.948209311861521, 0.8398387664337815, 0.8568244888753123, 0.8406421325696734, 0.6150316800585037, 0.6805430560945814, 0.8581163303210331, 0.8554472217391635, 0.8137177131425684, 0.4566149204706546, 0.7676767676767676, 0.14999234752441917, 0.10994987428338562, 0.2783349703706404, 0.8819934568422022, 0.9079207698473059, 0.8790490729915325, 0.8672483712992475, 0.6434638062625128, 0.6326812612177236, 0.44613429891925627, 0.18385695618614434, 0.21440806725529857, 0.2010075630518424, 0.2428447531347739, 0.15833895626542788, 0.20957909453133278, 0.8868866724526175, 0.8664002254439634, 0.5613835722137897, 0.5222329678670935, 0.5036393525158627, 0.49702673280471504, 0.8453339600792034, 0.17901494865878145, 0.6098241729265264, 0.6295671948859723, 0.5770071189250237, 0.24550385519736959, 0.6001482030404226, 0.7651649597740967, 0.3852706677344361, 0.3757164788855502, 0.0906212079711728, 0.8040729822715567, 0.20422388828466229, 0.7821911066096118, 0.7061285007074238]
