[1, 0.03207905545762707, 0.0326737987618103, 0.039017476138918164, 0.023331791236368655, 0.03533162777997891, 0.2946144304329609, 0.18538489946518635, 0.2593089286897326, 0.38986062702626917, 0.21684749501735417, 0.5277169414109185, 0.021821995654870533, 0.021306834197766612, 0.017680097158173057, 0.03280325263685371, 0.038143017233281375, 0.035382679147248616, 0.022594606696341987, 0.03396751501650328, 0.06277678871119216, 0.31113933111226644, 0.28699278006476675, 0.2414589568956376, 0.21337888601969277, 0.24426847872659727, 0.1625103098344409, 0.22000415833062623, 0.17023031151041282, 0.0326737987618103, 0.07491128253781593, 0.03560842129833241, 0.15162072434752097, 0.37364815064394125, 0.1679483491564159, 0.2001736267479753, 0.5182627482324239, 0.2235729111073484, 0.06145987867377537, 0.3178734380434152, 0.27833628840510416, 0.2811790692657232, 0.2620836900956321, 0.07346452956724128, 0.16100835977233752, 0.20461425047805942, 0.14047806642632799, 0.18273405697542336, 0.0665238516676644, 0.3688824220888453, 0.098139927569732, 0.01888306102008358, 0.011360363358631468, 0.02376319355976853, 0.11173425799895108, 0.30582692193787625, 0.33151624335121066, 0.41385796387298696, 0.22715835712239635, 0.19943990016469745, 0.0013763505087796175, 0.02729674901951498, 0.03456234705503353, 0.04409268736534884, 0.051388871370233985, 0.050313653640556635, 0.03401557550357263, 0.30952359919714467, 0.30724092360251987, 0.017339478109219316, 0.09889200068481765, 0.05906890077625253, 0.06061451546103377, 0.051094385164925475, 0.2009525294606394, 0.1704601202101331, 0.1897707852216635, 0.11247962481677383, 0.03431428648905493, 0.14730143201396012, 0.1515099703073372, 0.005708140129368325, 0.008758271393561747, 0.256007160556496, 0.28250074522571933, 0.03494296913366069, 0.25664979516211583, 0.15489338576592418]
[0.03207905545762707, 1, 0.3661478087108026, 0.5768947757230972, 0.44080086097992977, 0.8391867937317343, 0.0649096155216777, 0.018229216116647247, 0.07815273494744121, 0.06908650717981846, 0.0265661920502106, 0.07974689787283389, 0.6593350041212823, 0.6634539652672359, 0.641658241195314, 0.820516919968195, 0.749998148374679, 0.7431620222981938, 0.5769476183632206, 0.7437707113729698, 0.5698291111615995, 0.001739527402738305, 0.0044078962967606375, 0.0, 1.3666161246705171e-05, 0.043548568699911375, 0.03376693329370212, 0.0333337999220797, 0.01174082462353923, 0.3661478087108026, 0.314016273236615, 0.8379480792731767, 0.03620139357524579, 0.052723362910850335, 0.07798411410419334, 0.06764132462859605, 0.030388743734822345, 0.03401130300270689, 0.08184974994128348, 0.007330635181284463, 0.005366027713000641, 0.027842567528028064, 0.03168593235854429, 0.04233988395599519, 0.134336670072511, 0.10565443210598076, 0.004065699829737656, 0.008795973372754342, 0.020136703247850562, 0.054540152509778006, 0.0, 0.03758631570769927, 0.08009652084642238, 0.45239587758434957, 0.03267203230441621, 0.02029962260278277, 0.007871339282452707, 0.029008207108612336, 0.06663041715031782, 0.11704258484845126, 0.23203586045332597, 0.20113962351823192, 0.45353263043977987, 0.39174853130063214, 0.4652540619500638, 0.39807411947886767, 0.44940461429719475, 0.010534902268575865, 0.010533772290103159, 0.05550880224225774, 0.17631760428942422, 0.5696601672951913, 0.5726724502113505, 0.04462035252880714, 0.07878617277398384, 0.056947823091922284, 0.076892702538179, 0.3240484487238139, 0.8934521301290663, 0.5337844442630205, 0.057416287283191404, 0.04932388094696951, 0.04222576940186121, 0.11202982173128125, 0.03247225220545899, 0.8756043595048636, 0.03736569730751679, 0.02533076422690757]
[0.0326737987618103, 0.3661478087108026, 1, 0.6335079141482187, 0.41490582737089654, 0.2885765395518043, 0.04179729443030608, 0.02816567900409105, 0.05246288505776773, 0.04707514346897404, 0.12146136594146552, 0.08036345239650416, 0.47335068160344596, 0.46762788451585346, 0.20819532809059002, 0.4739985143049442, 0.4092592083374498, 0.23537192047902575, 0.28692232595886824, 0.43122775422519705, 0.30762334146167536, 0.0005940971671668817, 0.16708014552426662, 0.02055927765816307, 0.01300074124915419, 0.06019992730007263, 0.18241080384847594, 0.04005041721266835, 0.11959191834882278, 1.0, 0.3358825384432935, 0.28661497613250325, 0.15091840698834197, 0.0333532490676795, 0.047105497631063566, 0.18551852277944933, 0.01178765867985227, 0.15142645669952282, 0.07320987524172234, 0.010435724229943589, 0.007261398809920973, 0.02867456786479795, 0.034812079891948476, 0.04873871284920385, 0.09841782410325978, 0.045355518351636454, 0.007532329733354242, 0.012719060235481389, 0.01850972314611342, 0.0344231522773421, 5.9866463168734024e-05, 0.14942849698459798, 0.2027924509708338, 0.6811188651547451, 0.13007488239049297, 0.21510385090017176, 0.008010967211713503, 0.03572644396297709, 0.06295884484991693, 0.14210516641821697, 0.09912600096796587, 0.21186279936158584, 0.2952515271182995, 0.3541992433269596, 0.24613360404653145, 0.282408063209075, 0.2946818068433239, 0.009758973093254799, 0.011686818757607144, 0.05549267698718345, 0.29347779074752534, 0.624281325056903, 0.6219988883038449, 0.07025791387140794, 0.11322026107149488, 0.10265248928716048, 0.05454714535899612, 0.3303093215404963, 0.4074510499120153, 0.5090199318784839, 0.08017796457967373, 0.0945846812926359, 0.11215722116517331, 0.10116094171297572, 0.024199897814723877, 0.3464984316128545, 0.015473350546233887, 0.011893733510169398]
[0.039017476138918164, 0.5768947757230972, 0.6335079141482187, 1, 0.6858546670779465, 0.4857511283519233, 0.053556255883638014, 0.01780370983388985, 0.07496308490503506, 0.049674169356596236, 0.0397601143817532, 0.10281145544297009, 0.4945143937111381, 0.4910006131087007, 0.37163288525613836, 0.7357556844072544, 0.6259326299293326, 0.4167204970132422, 0.49822015286647264, 0.6195276764033946, 0.5371868832567732, 0.0035431323060165524, 0.0037976528916246893, 0.0, 1.3328125591321255e-05, 0.04532660393895881, 0.0162049017015722, 0.04972559526924859, 0.01897620169600018, 0.6335079141482187, 0.4031031877615334, 0.4861942681764782, 0.006241544424119499, 0.021966185613766058, 0.057478324386231856, 0.01671321942228164, 0.014092729745497884, 0.009140989310184934, 0.06287759827322063, 0.004871343732874443, 0.0037035645813129907, 0.025137681458526656, 0.03196021722290798, 0.05426029832986105, 0.11034257744962404, 0.07559741362016971, 0.0027207567067963315, 0.008319106125177356, 0.021233119566179782, 0.023087795240672962, 0.0, 0.011307135377284425, 0.02914750555993214, 0.4631207210194602, 0.021827659305675245, 0.03217094846614337, 0.004891023725463233, 0.04180945144648342, 0.07974039667806217, 0.13644635529213622, 0.10787684554696443, 0.17458325180059284, 0.34281332923091257, 0.28102885749354645, 0.2908345194039999, 0.3453760161218904, 0.34610962320462474, 0.012535652401792297, 0.012534307821938186, 0.0907452473058953, 0.36168402082499, 0.9784789194831348, 0.9806816039943195, 0.07214397207380135, 0.1069078207205032, 0.03755378221757459, 0.09242982090290604, 0.4091583964690723, 0.6352466717611458, 0.8302155085512976, 0.08218735978422316, 0.042531258344506204, 0.04198790316773882, 0.14447269064864068, 0.03290529358466856, 0.5545550456587186, 0.024366335236453103, 0.021092168129973055]
[0.023331791236368655, 0.44080086097992977, 0.41490582737089654, 0.6858546670779465, 1, 0.40784019859058956, 0.05027598723359915, 0.016929283396646205, 0.04999278329318787, 0.0703454735421337, 0.011144043653858448, 0.0626822055639979, 0.5002056940142224, 0.4968918514161487, 0.41143027462795523, 0.5072088446167712, 0.5091912229224146, 0.4069855528226161, 0.37887151389481816, 0.5186263391449463, 0.645570342079995, 0.005691064573235138, 0.011255405642364354, 0.0009277046563884084, 0.0019290515263976223, 0.12969322894759444, 0.13922953373090924, 0.06004472978929739, 0.10055316067443755, 0.41490582737089654, 0.27602792004975735, 0.40691870485109427, 0.07235327652278133, 0.007394709292594346, 0.011259566615280658, 0.006262128753243005, 0.00962757927550404, 0.006906069533497183, 0.0074474994911459735, 0.005796964940927122, 0.003144453769627153, 0.018722174702405635, 0.032060571373603554, 0.02762419118650451, 0.0478419468129057, 0.038061626781090506, 0.030380977366550214, 0.035125330980548604, 0.1418508772821748, 0.008455238570244649, 0.0915038608903911, 0.07814701229294496, 0.10648281949318629, 0.352455369436115, 0.023640533254983893, 0.0386313386857689, 0.018513241363509694, 0.048830114696860716, 0.061482846463667265, 0.10021631573522513, 0.08890010548354203, 0.09040707293280993, 0.1857575496169617, 0.17886395310763495, 0.1555500275357678, 0.20680617270763374, 0.18502776605308413, 0.017908775889821277, 0.018503750152474296, 0.04085309450042088, 0.29979956970906285, 0.6839194106183465, 0.6809985240282117, 0.12209767928486315, 0.05701515106167495, 0.10616948142379629, 0.056691759558420304, 0.26390143100238855, 0.4311329428423983, 0.5938635097762995, 0.23059205144914405, 0.03350990430682815, 0.027200387678195843, 0.08951334628646071, 0.030171145731960607, 0.4365668523431187, 0.03681096346500848, 0.0360830678285797]
[0.03533162777997891, 0.8391867937317343, 0.2885765395518043, 0.4857511283519233, 0.40784019859058956, 1, 0.05650852114254011, 0.02320585890441123, 0.06781831295542841, 0.05065704739148837, 0.043777770169114646, 0.09172415502358744, 0.5995477138675991, 0.608314226701812, 0.6913963931651543, 0.696611142424923, 0.7846327003071145, 0.8739913002391658, 0.5563079437641647, 0.765016786180781, 0.5804108697148693, 0.005591527297546843, 0.017870262738309845, 0.0, 2.7274247112760837e-05, 0.01739806532956658, 0.019490876057129305, 0.02822312833153028, 0.01754072109679098, 0.2885765395518043, 0.26756902110129516, 0.9982257366272269, 0.04868007743178138, 0.07949515200254864, 0.0870666961113287, 0.0883169047684049, 0.025723976267242214, 0.04891758765702744, 0.08973437730589962, 0.008892816991724065, 0.005354626043710245, 0.029940975090147755, 0.03199190762061788, 0.04716717414327213, 0.11771984667147818, 0.10526524748480018, 0.002870154913717709, 0.02810057356788652, 0.01788420570188071, 0.08020797247606459, 0.0, 0.05159948365641361, 0.08417316475877125, 0.3893501983349233, 0.06439936684666486, 0.026647902955320085, 0.02190675143767578, 0.04946172438309249, 0.08624450287704462, 0.09929213855144066, 0.22901390058885718, 0.13782692142231312, 0.41397803266366506, 0.33916042435550037, 0.39038523162283983, 0.32758364202963713, 0.4104525366301155, 0.024294479024097385, 0.024291873187080298, 0.04942940166788043, 0.13255906787312463, 0.47638513495931717, 0.4783304964539064, 0.034592304589627657, 0.10947206481913664, 0.08935912894275844, 0.10381352373787082, 0.27029647894701525, 0.7807590673082948, 0.439996216145698, 0.07995069270049969, 0.05346007102878034, 0.05245227378592588, 0.10326529029315092, 0.032887689619062604, 0.9057987765651363, 0.054561276790860126, 0.025142059439367672]
[0.2946144304329609, 0.0649096155216777, 0.04179729443030608, 0.053556255883638014, 0.05027598723359915, 0.05650852114254011, 1, 0.22542157557641984, 0.4993684519684198, 0.5673123457884675, 0.17116985200844057, 0.35284309393966184, 0.04903079233729517, 0.048967392040354926, 0.03410078546365317, 0.07927489868102106, 0.05350356531678631, 0.03108333541127009, 0.05309584795585888, 0.05549951618892019, 0.02647020609158582, 0.05817939419436649, 0.11754450163665874, 0.04095498309563797, 0.01585837638333042, 0.36970683773079344, 0.2779913950258424, 0.25414898221009696, 0.1816295386849932, 0.04179729443030608, 0.09340717776765851, 0.05636690294804506, 0.10668458498707076, 0.2044083684595828, 0.2693316904631102, 0.05083530760578584, 0.12834322856593008, 0.010015566573783627, 0.14763560430317144, 0.10119201216415293, 0.06096308393359083, 0.12698484208327643, 0.09165366736337205, 0.15085060894148686, 0.3778687374510972, 0.3930862282032339, 0.13142117689832075, 0.16184465466915926, 0.15375722154795457, 0.20665879341022472, 0.0816286198113766, 0.016726840059667156, 0.01866369906849545, 0.03354598085603554, 0.025399052706561412, 0.08773101355563685, 0.11017472097065188, 0.1415037465467025, 0.26590377889792116, 0.2515836847042001, 0.0, 0.06050408342120142, 0.0682878152795751, 0.0547339062510041, 0.05930648265082197, 0.06822960353969335, 0.06283387141762774, 0.11839387485391963, 0.11704563142501494, 0.03311389871860353, 0.09861151876987316, 0.06764219552738504, 0.06942727100991637, 0.09539071063187228, 0.37681113418643014, 0.2701670166966627, 0.3791676219454321, 0.11142610272114625, 0.07556585020947963, 0.15076936294290286, 0.2336730920679671, 0.08363010171258747, 0.08484722662496626, 0.31178615357350126, 0.2511177950280615, 0.06214930805858441, 0.19214879528389794, 0.32868839367852076]
[0.18538489946518635, 0.018229216116647247, 0.02816567900409105, 0.01780370983388985, 0.016929283396646205, 0.02320585890441123, 0.22542157557641984, 1, 0.322163123279984, 0.1950036667784133, 0.03402174755040195, 0.24606769557866592, 0.017285173769820607, 0.0174329829205438, 0.011671231573905459, 0.018311139715741772, 0.01733532141321272, 0.014344197714042158, 0.019202050839339693, 0.021821783533046177, 0.026280503112903322, 0.00520993718919905, 0.020949300509274283, 0.013681026788765717, 0.031699885850063655, 0.08091316388697084, 0.11075763658051835, 0.07494588719417089, 0.03931929364281129, 0.02816567900409105, 0.041349738013371724, 0.023069937966360858, 0.052768685480580224, 0.06880127834625298, 0.08497532857989859, 0.11708500297111546, 0.04293993680845454, 0.03907530767067902, 0.10170167743086674, 0.006365287449657716, 0.001157339511883915, 0.011824351348983844, 0.0121610760587235, 0.14403107053722747, 0.06032243509785798, 0.07948401829770936, 0.03212267508290161, 0.03896138415632668, 0.02557946862524425, 0.06356669612778526, 0.0, 0.09327220207050942, 0.058796136356943744, 0.04006272457578481, 0.05194549005942056, 0.020047722244557056, 0.011996282964822481, 0.01371728503513792, 0.13024536125452857, 0.07910610149581494, 0.00053265674028313, 0.025668226426701597, 0.02464171197870973, 0.038708782228661975, 0.019999562137908888, 0.02432693547145175, 0.02433543111237566, 0.01624467714169086, 0.017090825898236905, 0.016874147218266335, 0.0792150798457952, 0.018836385770174824, 0.018193182362941974, 0.10365830600790363, 0.09538898799566652, 0.07255503489978089, 0.07942182580930243, 0.04578550035852941, 0.020691812413756717, 0.02320964020342909, 0.13880660740610543, 0.10453659041388269, 0.10748876741963875, 0.2143569445961411, 0.16803671940505308, 0.028782662616875565, 0.0755703542620858, 0.08507253459135479]
[0.2593089286897326, 0.07815273494744121, 0.05246288505776773, 0.07496308490503506, 0.04999278329318787, 0.06781831295542841, 0.4993684519684198, 0.322163123279984, 1, 0.38643378290049846, 0.14918223252986826, 0.2692988664284278, 0.04024889623714072, 0.041358435398361704, 0.037540009648950406, 0.08716626875621367, 0.06776083012576385, 0.05146526108416597, 0.07929949540436004, 0.07035820664600938, 0.0590131679247847, 0.06976642105846438, 0.14208172688047938, 0.07095008544166721, 0.048158594936380805, 0.32308289316722727, 0.2856050702084615, 0.2600089537602791, 0.1749500061184327, 0.05246288505776773, 0.12094850931541636, 0.06703628046655719, 0.0763707284972209, 0.22759718143929258, 0.33994220580539697, 0.07376431167469212, 0.12034896256393438, 0.020471124096829864, 0.18840637746984848, 0.13766630805502708, 0.0797177597356468, 0.15285544538277104, 0.10872651217673046, 0.17815455441647243, 0.3007746608734852, 0.3509413592510032, 0.19195359839731702, 0.20962582356568465, 0.16299162572247347, 0.23292344246676955, 0.11725186763142381, 0.03198675299419551, 0.037272299210159086, 0.06432774159452884, 0.09794598594539067, 0.11191260821055482, 0.12662813953352695, 0.1722622811569712, 0.2588572426648325, 0.2607892789264161, 0.0, 0.0559811943756586, 0.08172923273351144, 0.06844474790310345, 0.07107513157682109, 0.06325892102537257, 0.0830136143560853, 0.1274674126856792, 0.12350936686713612, 0.04343720779050133, 0.10172133654542281, 0.09096926499169924, 0.09255980913428188, 0.10822509168142944, 0.31160788352062563, 0.22973680032540503, 0.3377171710092026, 0.1439321704826353, 0.08715191464350407, 0.1845942573154808, 0.2694362563704879, 0.09148012959377867, 0.09294694988877747, 0.260239004751891, 0.2471018464710028, 0.07836653608946859, 0.19913155551881728, 0.32923323639321533]
[0.38986062702626917, 0.06908650717981846, 0.04707514346897404, 0.049674169356596236, 0.0703454735421337, 0.05065704739148837, 0.5673123457884675, 0.1950036667784133, 0.38643378290049846, 1, 0.21821456544822374, 0.26994692182411345, 0.05425361032333462, 0.05698186552635102, 0.02449480456978388, 0.07861300811702575, 0.043161404380129574, 0.024063754969650922, 0.04896922372751813, 0.04550305822920227, 0.037079749497625936, 0.1099796129381631, 0.13196451141983434, 0.046712487079634546, 0.003864417048558731, 0.4084679021110775, 0.23102272808919033, 0.33001839448494613, 0.20890816954372, 0.04707514346897404, 0.09818763888386589, 0.05067037723853077, 0.09658985001824684, 0.24230921424281832, 0.2633399172191758, 0.059820170290787934, 0.20070067392686153, 0.001863734675189164, 0.10865253072914789, 0.11027310099877774, 0.1009219371022391, 0.07514517138276437, 0.03856713166645195, 0.12921092127999767, 0.37887653044608394, 0.38325467663242335, 0.1900363305230746, 0.2230769894034982, 0.09607224925507324, 0.23558062342532515, 0.1111242229765974, 0.014724987385480337, 0.016671833157515584, 0.026243864517714478, 0.01880750020060762, 0.1248255654420893, 0.14652967969202937, 0.16982667469447774, 0.3743638557891446, 0.351667713160826, 0.0016335223071861139, 0.05335748822454037, 0.05808174455129967, 0.042975770010995465, 0.05937845868110002, 0.07070025179434868, 0.05377790185455684, 0.10630739177297492, 0.10210317296120945, 0.04585492154117016, 0.12139520303194742, 0.06570439301741451, 0.06682485608616809, 0.10173667315470805, 0.4144299624297971, 0.32039321664143927, 0.31576962112580675, 0.13440885138854536, 0.06659162749526137, 0.19379967098859294, 0.18142378179676935, 0.0533623292360379, 0.05248756699139701, 0.21078765795451798, 0.3047986712596751, 0.06386239764221989, 0.2820281596885591, 0.26671596106475914]
[0.21684749501735417, 0.0265661920502106, 0.12146136594146552, 0.0397601143817532, 0.011144043653858448, 0.043777770169114646, 0.17116985200844057, 0.03402174755040195, 0.14918223252986826, 0.21821456544822374, 1, 0.11396711920832797, 0.09182775871428252, 0.09195253172341225, 0.008661494328975415, 0.05076549110744688, 0.005408597005509426, 0.01285788887721669, 0.06074476335075619, 0.02064922125328758, 0.012871698691158583, 0.08840355016614351, 0.2788960097965318, 0.10144526636960854, 0.08405417685622868, 0.16431068318341677, 0.24791495143206985, 0.15901200389875722, 0.2825481856293672, 0.12146136594146552, 0.0997727537857211, 0.046779034348356854, 0.18603580964428876, 0.13180276140517816, 0.17922105227196913, 0.09837867964152457, 0.1522593877593096, 0.08387735206059986, 0.07517875568495297, 0.12061279877107892, 0.09181075828619183, 0.06345274994180203, 0.04082013261624951, 0.05385132787498026, 0.17307731804456827, 0.28316437286702045, 0.19848845384571034, 0.3976127441965738, 0.1717478580161364, 0.14013471423144794, 0.1663672173550798, 0.13070355235924516, 0.11592400391250822, 0.06331525516502706, 0.26224797254807874, 0.3561368140946407, 0.1761837677273606, 0.2967118516369903, 0.20880018746420384, 0.22863589359535982, 0.0024286190121175, 0.12314770925953779, 0.03724701867461336, 0.11446716249128745, 0.07397329785045563, 0.07417518648385973, 0.03758188965821081, 0.13399356544747304, 0.13189585492670045, 0.06845627567416229, 0.08731984533895741, 0.05409159309577095, 0.05556975935164067, 0.0825952248289522, 0.20355779743077376, 0.18228393333427906, 0.2603150821205957, 0.12082666056448839, 0.0464735950651477, 0.13747896515694707, 0.13283264715686482, 0.05115647786204303, 0.05332638104772491, 0.0894650292051967, 0.18050801523101973, 0.04277141310626398, 0.20159033576701046, 0.16511609162661078]
[0.5277169414109185, 0.07974689787283389, 0.08036345239650416, 0.10281145544297009, 0.0626822055639979, 0.09172415502358744, 0.35284309393966184, 0.24606769557866592, 0.2692988664284278, 0.26994692182411345, 0.11396711920832797, 1, 0.039931378832644575, 0.04355526882445716, 0.046644846450689365, 0.09228503277115765, 0.115292865766636, 0.10011707425051453, 0.08414314301244678, 0.11583299249055312, 0.11819049564706051, 0.016719305247455185, 0.06446155025853254, 0.022643110793816305, 0.006824976224010892, 0.1384008968669237, 0.15409656694033944, 0.10040194427052429, 0.08053358576149719, 0.08036345239650416, 0.05767123775289103, 0.09103706416628904, 0.13430879464063533, 0.28126883718279383, 0.1537782159175537, 0.20089285250280323, 0.10799154652990908, 0.055096683591721526, 0.13762727965855484, 0.04104914378595465, 0.013756068906536143, 0.062036450392181745, 0.04917337029558534, 0.15424753717634873, 0.17283377386383011, 0.17767659369716662, 0.030618061508549024, 0.07006345846690272, 0.06480237869992125, 0.289943545699801, 0.024790399832935822, 0.018576242562599366, 0.019452623396592077, 0.04309489525648526, 0.06435008890564667, 0.05185170893972342, 0.03660303520574569, 0.05750583198736835, 0.12014885935162725, 0.09486299476272902, 0.0018703740108104855, 0.03823558721132867, 0.09826109645837493, 0.03180413798885672, 0.05244411881973165, 0.05436302828947211, 0.09603231790578473, 0.041059237891631746, 0.04245591152228891, 0.027441787771326623, 0.12740059075588572, 0.11604513343640202, 0.11541677788856289, 0.09038948982034103, 0.19150148129580694, 0.1035001014464492, 0.18410571309406365, 0.09001923715309279, 0.10091859474309657, 0.13433979883265695, 0.13834366071461401, 0.08888361406498647, 0.0863947281537752, 0.3600353823483442, 0.21412042067477313, 0.10239270306897735, 0.1152837853303072, 0.14234948635421563]
[0.021821995654870533, 0.6593350041212823, 0.47335068160344596, 0.4945143937111381, 0.5002056940142224, 0.5995477138675991, 0.04903079233729517, 0.017285173769820607, 0.04024889623714072, 0.05425361032333462, 0.09182775871428252, 0.039931378832644575, 1, 0.993948797793361, 0.5155948285487506, 0.6572135974357638, 0.661985402152866, 0.5168085658075625, 0.4413382047802528, 0.6896191577532551, 0.4403857796635467, 0.003983203103426747, 0.07067356982901686, 0.0020318113879937705, 0.003927461712381637, 0.056675302780028775, 0.15318782799759384, 0.02646628377664458, 0.11005873719483365, 0.47335068160344596, 0.2520455561497429, 0.5988220548892779, 0.1455523416177495, 0.04174968244175277, 0.05723813846846637, 0.11576556009343661, 0.04120655907134516, 0.10243077253335045, 0.056015532142385284, 0.008471132377794248, 0.0077394498974446314, 0.025701484210953696, 0.0345485583797028, 0.041584637747548135, 0.09173022598032309, 0.08434010565822457, 0.012651225314836057, 0.02648908822290118, 0.05272400063790423, 0.04515023300036125, 0.025463206204255514, 0.1351691399009846, 0.17156058748009567, 0.5645827805275367, 0.092007923855713, 0.08300191280882559, 0.011684707044436344, 0.027895352498520768, 0.048875725846702564, 0.0667480224205043, 0.17794734373665963, 0.19636985063899673, 0.24650271397319867, 0.37834675431322506, 0.2920839473963347, 0.29802913157150923, 0.24566938883470982, 0.015895119684151377, 0.016477605146886936, 0.0436846605165494, 0.1790121106746264, 0.481493660409072, 0.4796876485134925, 0.0718954056825404, 0.0631261685291882, 0.09370235113292304, 0.06035238936155402, 0.2440525576134944, 0.6333634405337553, 0.4192908502856551, 0.15562089533971674, 0.051193374898930666, 0.05657800719645952, 0.10686859758744961, 0.022728576448512616, 0.6213783619174459, 0.04354056983477165, 0.023611613835940227]
[0.021306834197766612, 0.6634539652672359, 0.46762788451585346, 0.4910006131087007, 0.4968918514161487, 0.608314226701812, 0.048967392040354926, 0.0174329829205438, 0.041358435398361704, 0.05698186552635102, 0.09195253172341225, 0.04355526882445716, 0.993948797793361, 1, 0.5128769066716481, 0.6589980423489713, 0.6694492069051946, 0.5193072041212936, 0.4408523988757155, 0.6967479564624582, 0.44120285075938315, 0.003980464941899174, 0.07080680180359404, 0.0020304146659011653, 0.0039247618689936346, 0.05546087138184875, 0.1521254149520764, 0.02632519009036474, 0.1109095861655627, 0.46762788451585346, 0.25193079334476653, 0.606200746573464, 0.1427866059285617, 0.04386747902370961, 0.06269364329939817, 0.11771555830840583, 0.03822032976711278, 0.10081914427420731, 0.061697305534106184, 0.00846530909232033, 0.0077341295902939545, 0.025683816315684328, 0.03484979312356501, 0.04422891855872235, 0.09665772291414115, 0.08602512062905596, 0.012730937810791338, 0.026719963311082902, 0.05306847918339969, 0.047233773609399045, 0.025445702107731494, 0.13192836664390248, 0.16951221174008552, 0.5673753586102975, 0.09196825672505325, 0.0829448550494127, 0.011846393769277052, 0.028055252559027678, 0.04927003084474086, 0.06457240235402302, 0.1733324033919601, 0.1959681647696619, 0.24619108584740385, 0.3789725189291933, 0.2870944078074329, 0.29603378955699866, 0.24535899388793475, 0.01603874185341174, 0.016620810322901854, 0.04358047201062687, 0.17881036270965395, 0.48025907678029256, 0.47665475220935566, 0.07192824922903049, 0.07016349341257579, 0.09844281650243968, 0.06670578973307087, 0.24279844278553206, 0.6470208743644451, 0.41684528228064055, 0.16135067182303892, 0.05101339587773622, 0.056797390627623595, 0.10682545552141959, 0.02370526565651977, 0.626995332542778, 0.044869461684044064, 0.02613727390524683]
[0.017680097158173057, 0.641658241195314, 0.20819532809059002, 0.37163288525613836, 0.41143027462795523, 0.6913963931651543, 0.03410078546365317, 0.011671231573905459, 0.037540009648950406, 0.02449480456978388, 0.008661494328975415, 0.046644846450689365, 0.5155948285487506, 0.5128769066716481, 1, 0.5663934862847014, 0.5693345222575176, 0.7310869832670874, 0.4436608987750475, 0.5844068327875419, 0.5518041893252863, 0.007740947232485823, 0.008800865724174756, 0.0, 4.00314980296962e-05, 0.01523727363110782, 0.01766090717140547, 0.01796458032998435, 0.010319675075197052, 0.20819532809059002, 0.1973459037253838, 0.6896125053675061, 0.033508252626310735, 0.021614930928981008, 0.026623178171693764, 0.04258634796908437, 0.0272296092147456, 0.03767173273086332, 0.02683059184342285, 0.005368301722013583, 0.00523946517588153, 0.024333951503665182, 0.026938856197551767, 0.0199448732217985, 0.07206785975352643, 0.03695693053667462, 0.003779762745562542, 0.007917872999674858, 0.01895450359184205, 0.022762641149400003, 0.0, 0.0553308912741987, 0.10328042352709814, 0.29970290388757725, 0.028612161274610116, 0.010989375877079585, 0.02115996033755098, 0.02262119936861234, 0.04707132573425024, 0.05208253803357146, 0.4254463250447961, 0.0905029907173202, 0.32911809212065557, 0.278438882801415, 0.3366521815137536, 0.27269764273159697, 0.32326311652413514, 0.021163462715711654, 0.021161192712946843, 0.0389434003177983, 0.11700296299803843, 0.367600051886006, 0.365907142534962, 0.020251364418330964, 0.04318810068675084, 0.07128872372796359, 0.0455362328445311, 0.19082349499018714, 0.6334529837569911, 0.3212714845893437, 0.057422142772172106, 0.059802979165638655, 0.05751539838991494, 0.06155943718046435, 0.14976254084705068, 0.6682555927292506, 0.0961197454558146, 0.01963883331958711]
[0.03280325263685371, 0.820516919968195, 0.4739985143049442, 0.7357556844072544, 0.5072088446167712, 0.696611142424923, 0.07927489868102106, 0.018311139715741772, 0.08716626875621367, 0.07861300811702575, 0.05076549110744688, 0.09228503277115765, 0.6572135974357638, 0.6589980423489713, 0.5663934862847014, 1, 0.737386862760338, 0.60780337551832, 0.6395007441657565, 0.7437831993445273, 0.5021783107750851, 0.0031919718426895805, 0.011078322386001151, 0.0, 1.4028182001301691e-05, 0.05768889225564234, 0.030074695249750528, 0.03177276364583902, 0.01413992082259452, 0.4739985143049442, 0.3636400305757013, 0.6965323912590837, 0.02774013650614778, 0.035534848807864755, 0.07994481554130711, 0.04982880187501668, 0.027565089965538324, 0.027410658876369377, 0.08106325588847335, 0.009424475612890504, 0.01047965681318293, 0.033972969442863855, 0.03901500253831901, 0.06406188288771429, 0.15665037046343083, 0.10540379651477484, 0.004706176104122913, 0.01851282327077265, 0.016888750096893224, 0.03803123248100814, 0.0010827862066035367, 0.029868268327774408, 0.07210667796346752, 0.5094562171349273, 0.027782144108112604, 0.020858371168800873, 0.011898180813474367, 0.03619161143168795, 0.06716755112071023, 0.0935238404595987, 0.18212470887670604, 0.18568179767783435, 0.41656746917215787, 0.33450712513357705, 0.38793316307443027, 0.4340274035896691, 0.4202328090180596, 0.017333404942034086, 0.017331545753031297, 0.0787033611145863, 0.1975591477144801, 0.7211755481312628, 0.7229520505943824, 0.06761562947886965, 0.12180944391354834, 0.06888374392178287, 0.10088146627497248, 0.3794890810069815, 0.8910201563765245, 0.6440380613540027, 0.09053632796504084, 0.06456659329347153, 0.058554952806895204, 0.10927201327193992, 0.035768710961967036, 0.7996011593176232, 0.05154823466322013, 0.02858253721060044]
[0.038143017233281375, 0.749998148374679, 0.4092592083374498, 0.6259326299293326, 0.5091912229224146, 0.7846327003071145, 0.05350356531678631, 0.01733532141321272, 0.06776083012576385, 0.043161404380129574, 0.005408597005509426, 0.115292865766636, 0.661985402152866, 0.6694492069051946, 0.5693345222575176, 0.737386862760338, 1, 0.7438346458398888, 0.5264546328685736, 0.9690731306510258, 0.5466624192269784, 0.001970658777315899, 0.003815028839931931, 0.0, 1.3457419458085467e-05, 0.041441933863741835, 0.017126194432972915, 0.032540451568781735, 0.01963929374760389, 0.4092592083374498, 0.29772136211662004, 0.783491708796083, 0.03334163696536465, 0.07595153939518837, 0.07182637387567618, 0.0746474776172606, 0.028825305183752852, 0.031892603019106326, 0.07495679215078138, 0.010597990227856702, 0.006720246902261357, 0.032609392943954506, 0.039416867433205695, 0.053214364019493705, 0.11265473027044823, 0.06522515864054575, 0.0024916014369334924, 0.005759868583423632, 0.016425773129776985, 0.08071462067039302, 0.0, 0.029491407042159988, 0.07665994261833053, 0.5321001302927103, 0.08302266846445426, 0.02327413368591726, 0.008159923458045955, 0.031114898421191566, 0.06805695904705135, 0.0727040266899434, 0.15145909738237637, 0.12406190254104149, 0.3350703482722691, 0.297218706063066, 0.2741714488413238, 0.2890425564780235, 0.3327505618870364, 0.011135078499863029, 0.011133884146211142, 0.03589282713903886, 0.1908352763191501, 0.6030558655036642, 0.603197017930017, 0.05236723536594953, 0.12452146525379722, 0.08333160548564537, 0.10386950954271915, 0.287232548715494, 0.7302843840403769, 0.5202165857518372, 0.103092990761686, 0.047663717355156836, 0.048050933099535766, 0.09200036884890535, 0.027195755605721413, 0.7625678877496792, 0.031176159931147102, 0.030081701249225434]
[0.035382679147248616, 0.7431620222981938, 0.23537192047902575, 0.4167204970132422, 0.4069855528226161, 0.8739913002391658, 0.03108333541127009, 0.014344197714042158, 0.05146526108416597, 0.024063754969650922, 0.01285788887721669, 0.10011707425051453, 0.5168085658075625, 0.5193072041212936, 0.7310869832670874, 0.60780337551832, 0.7438346458398888, 1, 0.48625525769219785, 0.7226561544869636, 0.6567646578397446, 0.007647689743184105, 0.009991437892650985, 0.0, 3.954922668910767e-05, 0.013843357477550063, 0.01819665590355417, 0.023571406782894613, 0.009278195890023, 0.23537192047902575, 0.20300237683259745, 0.8717756886470459, 0.04337840044361316, 0.10961370782050384, 0.0673737639566646, 0.11001966295777675, 0.02105860172478356, 0.04699793709262999, 0.06926364341370976, 0.012496457288938386, 0.005176343783510331, 0.038970235497524555, 0.03872157403824808, 0.016942761888998036, 0.08716843944765182, 0.03831605666234323, 0.0043183516876635145, 0.011199403369841121, 0.018646297396832285, 0.1160392820129685, 0.0, 0.042634775013896904, 0.08942003731148274, 0.34188763079824824, 0.10409993710198125, 0.011508402619775605, 0.021257462144279905, 0.025203295744948295, 0.08158436762806495, 0.07239448368171765, 0.21801385494599598, 0.08470541922608378, 0.37268477658051075, 0.272764880059463, 0.32870275367040125, 0.26685017547276757, 0.36716043476878585, 0.021816156020288677, 0.0218138160093392, 0.03301458230618797, 0.11801964170996468, 0.408624337876988, 0.41157651069720563, 0.022052129970071804, 0.053410696944881375, 0.0719955958055181, 0.06532195226135347, 0.19749652380974592, 0.6853333300347612, 0.36689910160018974, 0.06162137288812273, 0.0554610346322516, 0.0525674548106873, 0.07518512615800066, 0.03158455860194093, 0.7964985977567085, 0.05135523557481683, 0.02028889989977418]
[0.022594606696341987, 0.5769476183632206, 0.28692232595886824, 0.49822015286647264, 0.37887151389481816, 0.5563079437641647, 0.05309584795585888, 0.019202050839339693, 0.07929949540436004, 0.04896922372751813, 0.06074476335075619, 0.08414314301244678, 0.4413382047802528, 0.4408523988757155, 0.4436608987750475, 0.6395007441657565, 0.5264546328685736, 0.48625525769219785, 1, 0.5256886624204737, 0.40197996715155193, 0.012126525416752435, 0.015589921018653589, 0.0, 3.97247159108052e-05, 0.041233129110068455, 0.017992219474850517, 0.029338663692997806, 0.009597875199030237, 0.28692232595886824, 0.18504633402983314, 0.5575279244920035, 0.052205496584768585, 0.056114322288539166, 0.09290114585628978, 0.07242872371073432, 0.021913196781575724, 0.049297050591393145, 0.09624760643926893, 0.004091120869909036, 0.0027996297745616306, 0.007240564932418111, 0.008898720814674486, 0.05614853544368587, 0.09582202025125776, 0.09749450052624732, 0.003289804720244304, 0.025632486110296615, 0.015721160339466484, 0.057601073582676104, 0.0, 0.03957273171932165, 0.07878952488710302, 0.33824260809585543, 0.02052336563241206, 0.03162495992149934, 0.01832681599707323, 0.038123602902937516, 0.0649659747053151, 0.0833440436108598, 0.040919089318374735, 0.4155455539583939, 0.23386044921063248, 0.1909130078555533, 0.20254924432579405, 0.208239890121673, 0.23784568688966012, 0.022124600203421448, 0.02212222710860673, 0.2877397090805763, 0.10593550542606306, 0.4934572400897673, 0.4983495801802703, 0.05610288477485152, 0.11339801863824403, 0.038448725574929565, 0.1145983532651166, 0.20615443409768136, 0.6253033701137771, 0.5110899225811186, 0.05614530612381276, 0.07874494273897452, 0.07452646443539039, 0.0643073551331602, 0.009878038829779905, 0.6309674363999801, 0.05402539131676332, 0.027136976704110305]
[0.03396751501650328, 0.7437707113729698, 0.43122775422519705, 0.6195276764033946, 0.5186263391449463, 0.765016786180781, 0.05549951618892019, 0.021821783533046177, 0.07035820664600938, 0.04550305822920227, 0.02064922125328758, 0.11583299249055312, 0.6896191577532551, 0.6967479564624582, 0.5844068327875419, 0.7437831993445273, 0.9690731306510258, 0.7226561544869636, 0.5256886624204737, 1, 0.5396553692403248, 0.002548818298641619, 0.016603208775831504, 0.0, 1.3797129413951972e-05, 0.04211860445027606, 0.02984947796890183, 0.03540147158037569, 0.026563985742146957, 0.43122775422519705, 0.29382368469946285, 0.7643953574316689, 0.04386286718429568, 0.06573151062034484, 0.07247637284513928, 0.08972441006238006, 0.027111076369444802, 0.0441512345683072, 0.07515375306009343, 0.009269248836208348, 0.00936246911437834, 0.03232197318357121, 0.04105393796834593, 0.05414077618519077, 0.11633820342935078, 0.06631624579730608, 0.0025544977311906395, 0.005905266793560873, 0.016088236880770244, 0.068640301529501, 0.0, 0.04062628764204264, 0.0913643830819131, 0.5536799386024246, 0.08579397945948947, 0.034397963142357775, 0.008365907023204236, 0.030190341945431787, 0.07847039206437553, 0.07591264113251169, 0.15573527843355206, 0.1356503804067136, 0.3253269557235315, 0.3094638008226654, 0.2718024894863777, 0.2869820794615453, 0.3230890643652569, 0.012060762576608045, 0.012059468933655455, 0.03403957565649267, 0.19184370205314652, 0.5989569590563927, 0.5955695503261833, 0.054664339767631034, 0.1233871481802646, 0.08684779051517409, 0.10039907163113738, 0.2809797686040812, 0.7302647463800344, 0.5094068273360274, 0.10614540722054604, 0.04998727111394523, 0.05033081879900723, 0.10148158885696679, 0.02788226678755317, 0.7457500261005398, 0.03414436205403392, 0.02928536363029875]
[0.06277678871119216, 0.5698291111615995, 0.30762334146167536, 0.5371868832567732, 0.645570342079995, 0.5804108697148693, 0.02647020609158582, 0.026280503112903322, 0.0590131679247847, 0.037079749497625936, 0.012871698691158583, 0.11819049564706051, 0.4403857796635467, 0.44120285075938315, 0.5518041893252863, 0.5021783107750851, 0.5466624192269784, 0.6567646578397446, 0.40197996715155193, 0.5396553692403248, 1, 0.007996502206511895, 0.0058588669691688475, 0.0, 4.064281109952506e-05, 0.0773757079082235, 0.06978612056466686, 0.04372570986401077, 0.06805838318951923, 0.30762334146167536, 0.17173269026770907, 0.5789303127210947, 0.0702664002417609, 0.12202573291865408, 0.06542972580572533, 0.11532210564328378, 0.022112243087969233, 0.05915292271359836, 0.06779694676882393, 0.004185672543873638, 0.0004637491905991856, 0.021396435627955977, 0.023252334643138802, 0.03741508412637635, 0.061518900308186915, 0.03198581111748776, 0.0197019365926293, 0.023347619509238113, 0.07966340469977512, 0.12141822181229942, 0.04679471931407723, 0.05858372889715941, 0.09473684918604443, 0.29792628695862233, 0.07742612294368222, 0.016735788686042804, 0.018569291496939172, 0.025938797047709992, 0.0707365262312398, 0.06119832791730143, 0.1794872198945457, 0.07349251403417749, 0.3016259732969501, 0.23670752140626916, 0.26960104869421875, 0.2229685508679031, 0.3050567958131982, 0.01888826069047683, 0.018919543782885635, 0.035462004761833185, 0.23465352961434208, 0.537135776396423, 0.5358810467094176, 0.061389273774179964, 0.05440510223834334, 0.05756344245531811, 0.0590231794468173, 0.18747376238292024, 0.5635322595861414, 0.4865537876124335, 0.1333338192146574, 0.01764843054257503, 0.018105692350028058, 0.07570527566534292, 0.036521833074754075, 0.5891626391763355, 0.022570901347327435, 0.042503806724110804]
[0.31113933111226644, 0.001739527402738305, 0.0005940971671668817, 0.0035431323060165524, 0.005691064573235138, 0.005591527297546843, 0.05817939419436649, 0.00520993718919905, 0.06976642105846438, 0.1099796129381631, 0.08840355016614351, 0.016719305247455185, 0.003983203103426747, 0.003980464941899174, 0.007740947232485823, 0.0031919718426895805, 0.001970658777315899, 0.007647689743184105, 0.012126525416752435, 0.002548818298641619, 0.007996502206511895, 1, 0.5023573154778495, 0.7558168214331659, 0.7441857219131714, 0.08925344945677749, 0.05346709084540666, 0.08435671242606561, 0.07038806800734351, 0.0005940971671668817, 0.008940134258385517, 0.005577514154319277, 0.022518963706306742, 0.07080619011510994, 0.07627572562046958, 0.00836113789108682, 0.4444638570494279, 0.2284750855280323, 0.011521748911294661, 0.61988041132799, 0.7899136815530955, 0.5914196483783639, 0.5511065799186871, 0.009146987620876953, 0.06900965889577823, 0.08508858216314866, 0.20416933375427507, 0.07907347991542313, 0.15968229027717656, 0.07042365424388361, 0.4690802152487095, 0.09941761537413904, 0.012937399985744972, 0.0008485504505378628, 0.09854433715069733, 0.37018807769449014, 0.6596519757865718, 0.4978648483206046, 0.11247013053932257, 0.10932008776129398, 0.009918382623160011, 0.004976338963712108, 0.00040688410817496014, 0.0005561008880459129, 0.0006274425097439114, 0.0008760459727584556, 0.0004049943500977544, 0.6487188144124257, 0.6472340407288434, 0.011375530072683307, 0.00411363666037515, 0.013325192100982, 0.013788251555605539, 0.003923893254355242, 0.06872984339516353, 0.07921451426133617, 0.08636527150998104, 0.022194479944800404, 0.0017562450817469966, 0.0664805896309858, 0.045646412539865226, 0.0013673837774251854, 0.0029700295205182426, 0.004390951176390913, 0.10715687242444334, 0.0025002515657933373, 0.10771807413114227, 0.06923423321584893]
